0.0
0.0
0.0
0.0
0.0
0.0
0.0
0.0
0.0
0.0
0.0
0.0
0.0
0.0
0.0
0.0
0.0
0.0
0.0
0.0
0.0
0.0
0.0
0.0
0.0
0.0
0.0
0.0
0.0
0.0
0.0
0.0
0.0
0.0
0.0
0.0
0.0
0.0
0.0
0.0
0.0
0.0
0.0
0.0
0.0
0.0
0.0
0.0
0.0
0.0
1.6581215061483167e-08
1.6581215061483167e-08
1.6581215061483167e-08
1.6581215061483167e-08
1.6581215061483167e-08
1.6581215061483167e-08
1.6581215061483167e-08
1.6581215061483167e-08
1.6581215061483167e-08
1.6581215061483167e-08
1.6581215061483167e-08
1.6581215061483167e-08
1.6581215061483167e-08
1.6581215061483167e-08
1.6581215061483167e-08
1.6581215061483167e-08
1.6581215061483167e-08
1.6581215061483167e-08
1.6581215061483167e-08
1.6581215061483167e-08
1.6581215061483167e-08
1.6581215061483167e-08
1.6581215061483167e-08
1.6581215061483167e-08
1.6581215061483167e-08
1.6581215061483167e-08
1.6581215061483167e-08
1.6581215061483167e-08
1.6581215061483167e-08
1.6581215061483167e-08
1.6581215061483167e-08
1.6581215061483167e-08
1.6581215061483167e-08
1.6581215061483167e-08
1.6581215061483167e-08
1.6581215061483167e-08
1.6581215061483167e-08
1.6581215061483167e-08
1.6581215061483167e-08
1.6581215061483167e-08
1.6581215061483167e-08
1.6581215061483167e-08
1.6581215061483167e-08
1.6581215061483167e-08
1.6581215061483167e-08
1.6581215061483167e-08
1.6581215061483167e-08
1.6581215061483167e-08
1.6581215061483167e-08
1.6581215061483167e-08
6.632486024593267e-08
6.632486024593267e-08
6.632486024593267e-08
6.632486024593267e-08
6.632486024593267e-08
6.632486024593267e-08
6.632486024593267e-08
6.632486024593267e-08
6.632486024593267e-08
6.632486024593267e-08
6.632486024593267e-08
6.632486024593267e-08
6.632486024593267e-08
6.632486024593267e-08
6.632486024593267e-08
6.632486024593267e-08
6.632486024593267e-08
6.632486024593267e-08
6.632486024593267e-08
6.632486024593267e-08
6.632486024593267e-08
6.632486024593267e-08
6.632486024593267e-08
6.632486024593267e-08
6.632486024593267e-08
6.632486024593267e-08
6.632486024593267e-08
6.632486024593267e-08
6.632486024593267e-08
6.632486024593267e-08
6.632486024593267e-08
6.632486024593267e-08
6.632486024593267e-08
6.632486024593267e-08
6.632486024593267e-08
6.632486024593267e-08
6.632486024593267e-08
6.632486024593267e-08
6.632486024593267e-08
6.632486024593267e-08
6.632486024593267e-08
6.632486024593267e-08
6.632486024593267e-08
6.632486024593267e-08
6.632486024593267e-08
6.632486024593267e-08
6.632486024593267e-08
6.632486024593267e-08
6.632486024593267e-08
6.632486024593267e-08
1.4923093555334846e-07
1.4923093555334846e-07
1.4923093555334846e-07
1.4923093555334846e-07
1.4923093555334846e-07
1.4923093555334846e-07
1.4923093555334846e-07
1.4923093555334846e-07
1.4923093555334846e-07
1.4923093555334846e-07
1.4923093555334846e-07
1.4923093555334846e-07
1.4923093555334846e-07
1.4923093555334846e-07
1.4923093555334846e-07
1.4923093555334846e-07
1.4923093555334846e-07
1.4923093555334846e-07
1.4923093555334846e-07
1.4923093555334846e-07
1.4923093555334846e-07
1.4923093555334846e-07
1.4923093555334846e-07
1.4923093555334846e-07
1.4923093555334846e-07
1.4923093555334846e-07
1.4923093555334846e-07
1.4923093555334846e-07
1.4923093555334846e-07
1.4923093555334846e-07
1.4923093555334846e-07
1.4923093555334846e-07
1.4923093555334846e-07
1.4923093555334846e-07
1.4923093555334846e-07
1.4923093555334846e-07
1.4923093555334846e-07
1.4923093555334846e-07
1.4923093555334846e-07
1.4923093555334846e-07
1.4923093555334846e-07
1.4923093555334846e-07
1.4923093555334846e-07
1.4923093555334846e-07
1.4923093555334846e-07
1.4923093555334846e-07
1.4923093555334846e-07
1.4923093555334846e-07
1.4923093555334846e-07
1.4923093555334846e-07
2.652994409837307e-07
2.652994409837307e-07
2.652994409837307e-07
2.652994409837307e-07
2.652994409837307e-07
2.652994409837307e-07
2.652994409837307e-07
2.652994409837307e-07
2.652994409837307e-07
2.652994409837307e-07
2.652994409837307e-07
2.652994409837307e-07
2.652994409837307e-07
2.652994409837307e-07
2.652994409837307e-07
2.652994409837307e-07
2.652994409837307e-07
2.652994409837307e-07
2.652994409837307e-07
2.652994409837307e-07
2.652994409837307e-07
2.652994409837307e-07
2.652994409837307e-07
2.652994409837307e-07
2.652994409837307e-07
2.652994409837307e-07
2.652994409837307e-07
2.652994409837307e-07
2.652994409837307e-07
2.652994409837307e-07
2.652994409837307e-07
2.652994409837307e-07
2.652994409837307e-07
2.652994409837307e-07
2.652994409837307e-07
2.652994409837307e-07
2.652994409837307e-07
2.652994409837307e-07
2.652994409837307e-07
2.652994409837307e-07
2.652994409837307e-07
2.652994409837307e-07
2.652994409837307e-07
2.652994409837307e-07
2.652994409837307e-07
2.652994409837307e-07
2.652994409837307e-07
2.652994409837307e-07
2.652994409837307e-07
2.652994409837307e-07
4.1453037653707917e-07
4.1453037653707917e-07
4.1453037653707917e-07
4.1453037653707917e-07
4.1453037653707917e-07
4.1453037653707917e-07
4.1453037653707917e-07
4.1453037653707917e-07
4.1453037653707917e-07
4.1453037653707917e-07
4.1453037653707917e-07
4.1453037653707917e-07
4.1453037653707917e-07
4.1453037653707917e-07
4.1453037653707917e-07
4.1453037653707917e-07
4.1453037653707917e-07
4.1453037653707917e-07
4.1453037653707917e-07
4.1453037653707917e-07
4.1453037653707917e-07
4.1453037653707917e-07
4.1453037653707917e-07
4.1453037653707917e-07
4.1453037653707917e-07
4.1453037653707917e-07
4.1453037653707917e-07
4.1453037653707917e-07
4.1453037653707917e-07
4.1453037653707917e-07
4.1453037653707917e-07
4.1453037653707917e-07
4.1453037653707917e-07
4.1453037653707917e-07
4.1453037653707917e-07
4.1453037653707917e-07
4.1453037653707917e-07
4.1453037653707917e-07
4.1453037653707917e-07
4.1453037653707917e-07
4.1453037653707917e-07
4.1453037653707917e-07
4.1453037653707917e-07
4.1453037653707917e-07
4.1453037653707917e-07
4.1453037653707917e-07
4.1453037653707917e-07
4.1453037653707917e-07
4.1453037653707917e-07
4.1453037653707917e-07
5.969237422133939e-07
5.969237422133939e-07
5.969237422133939e-07
5.969237422133939e-07
5.969237422133939e-07
5.969237422133939e-07
5.969237422133939e-07
5.969237422133939e-07
5.969237422133939e-07
5.969237422133939e-07
5.969237422133939e-07
5.969237422133939e-07
5.969237422133939e-07
5.969237422133939e-07
5.969237422133939e-07
5.969237422133939e-07
5.969237422133939e-07
5.969237422133939e-07
5.969237422133939e-07
5.969237422133939e-07
5.969237422133939e-07
5.969237422133939e-07
5.969237422133939e-07
5.969237422133939e-07
5.969237422133939e-07
5.969237422133939e-07
5.969237422133939e-07
5.969237422133939e-07
5.969237422133939e-07
5.969237422133939e-07
5.969237422133939e-07
5.969237422133939e-07
5.969237422133939e-07
5.969237422133939e-07
5.969237422133939e-07
5.969237422133939e-07
5.969237422133939e-07
5.969237422133939e-07
5.969237422133939e-07
5.969237422133939e-07
5.969237422133939e-07
5.969237422133939e-07
5.969237422133939e-07
5.969237422133939e-07
5.969237422133939e-07
5.969237422133939e-07
5.969237422133939e-07
5.969237422133939e-07
5.969237422133939e-07
5.969237422133939e-07
8.124795380126749e-07
8.124795380126749e-07
8.124795380126749e-07
8.124795380126749e-07
8.124795380126749e-07
8.124795380126749e-07
8.124795380126749e-07
8.124795380126749e-07
8.124795380126749e-07
8.124795380126749e-07
8.124795380126749e-07
8.124795380126749e-07
8.124795380126749e-07
8.124795380126749e-07
8.124795380126749e-07
8.124795380126749e-07
8.124795380126749e-07
8.124795380126749e-07
8.124795380126749e-07
8.124795380126749e-07
8.124795380126749e-07
8.124795380126749e-07
8.124795380126749e-07
8.124795380126749e-07
8.124795380126749e-07
8.124795380126749e-07
8.124795380126749e-07
8.124795380126749e-07
8.124795380126749e-07
8.124795380126749e-07
8.124795380126749e-07
8.124795380126749e-07
8.124795380126749e-07
8.124795380126749e-07
8.124795380126749e-07
8.124795380126749e-07
8.124795380126749e-07
8.124795380126749e-07
8.124795380126749e-07
8.124795380126749e-07
8.124795380126749e-07
8.124795380126749e-07
8.124795380126749e-07
8.124795380126749e-07
8.124795380126749e-07
8.124795380126749e-07
8.124795380126749e-07
8.124795380126749e-07
8.124795380126749e-07
8.124795380126749e-07
1.0611977639349227e-06
1.0611977639349227e-06
1.0611977639349227e-06
1.0611977639349227e-06
1.0611977639349227e-06
1.0611977639349227e-06
1.0611977639349227e-06
1.0611977639349227e-06
1.0611977639349227e-06
1.0611977639349227e-06
1.0611977639349227e-06
1.0611977639349227e-06
1.0611977639349227e-06
1.0611977639349227e-06
1.0611977639349227e-06
1.0611977639349227e-06
1.0611977639349227e-06
1.0611977639349227e-06
1.0611977639349227e-06
1.0611977639349227e-06
1.0611977639349227e-06
1.0611977639349227e-06
1.0611977639349227e-06
1.0611977639349227e-06
1.0611977639349227e-06
1.0611977639349227e-06
1.0611977639349227e-06
1.0611977639349227e-06
1.0611977639349227e-06
1.0611977639349227e-06
1.0611977639349227e-06
1.0611977639349227e-06
1.0611977639349227e-06
1.0611977639349227e-06
1.0611977639349227e-06
1.0611977639349227e-06
1.0611977639349227e-06
1.0611977639349227e-06
1.0611977639349227e-06
1.0611977639349227e-06
1.0611977639349227e-06
1.0611977639349227e-06
1.0611977639349227e-06
1.0611977639349227e-06
1.0611977639349227e-06
1.0611977639349227e-06
1.0611977639349227e-06
1.0611977639349227e-06
1.0611977639349227e-06
1.0611977639349227e-06
1.3430784199801366e-06
1.3430784199801366e-06
1.3430784199801366e-06
1.3430784199801366e-06
1.3430784199801366e-06
1.3430784199801366e-06
1.3430784199801366e-06
1.3430784199801366e-06
1.3430784199801366e-06
1.3430784199801366e-06
1.3430784199801366e-06
1.3430784199801366e-06
1.3430784199801366e-06
1.3430784199801366e-06
1.3430784199801366e-06
1.3430784199801366e-06
1.3430784199801366e-06
1.3430784199801366e-06
1.3430784199801366e-06
1.3430784199801366e-06
1.3430784199801366e-06
1.3430784199801366e-06
1.3430784199801366e-06
1.3430784199801366e-06
1.3430784199801366e-06
1.3430784199801366e-06
1.3430784199801366e-06
1.3430784199801366e-06
1.3430784199801366e-06
1.3430784199801366e-06
1.3430784199801366e-06
1.3430784199801366e-06
1.3430784199801366e-06
1.3430784199801366e-06
1.3430784199801366e-06
1.3430784199801366e-06
1.3430784199801366e-06
1.3430784199801366e-06
1.3430784199801366e-06
1.3430784199801366e-06
1.3430784199801366e-06
1.3430784199801366e-06
1.3430784199801366e-06
1.3430784199801366e-06
1.3430784199801366e-06
1.3430784199801366e-06
1.3430784199801366e-06
1.3430784199801366e-06
1.3430784199801366e-06
1.3430784199801366e-06
1.6581215061483167e-06
1.6581215061483167e-06
1.6581215061483167e-06
1.6581215061483167e-06
1.6581215061483167e-06
1.6581215061483167e-06
1.6581215061483167e-06
1.6581215061483167e-06
1.6581215061483167e-06
1.6581215061483167e-06
1.6581215061483167e-06
1.6581215061483167e-06
1.6581215061483167e-06
1.6581215061483167e-06
1.6581215061483167e-06
1.6581215061483167e-06
1.6581215061483167e-06
1.6581215061483167e-06
1.6581215061483167e-06
1.6581215061483167e-06
1.6581215061483167e-06
1.6581215061483167e-06
1.6581215061483167e-06
1.6581215061483167e-06
1.6581215061483167e-06
1.6581215061483167e-06
1.6581215061483167e-06
1.6581215061483167e-06
1.6581215061483167e-06
1.6581215061483167e-06
1.6581215061483167e-06
1.6581215061483167e-06
1.6581215061483167e-06
1.6581215061483167e-06
1.6581215061483167e-06
1.6581215061483167e-06
1.6581215061483167e-06
1.6581215061483167e-06
1.6581215061483167e-06
1.6581215061483167e-06
1.6581215061483167e-06
1.6581215061483167e-06
1.6581215061483167e-06
1.6581215061483167e-06
1.6581215061483167e-06
1.6581215061483167e-06
1.6581215061483167e-06
1.6581215061483167e-06
1.6581215061483167e-06
1.6581215061483167e-06
2.0063270224394624e-06
2.0063270224394624e-06
2.0063270224394624e-06
2.0063270224394624e-06
2.0063270224394624e-06
2.0063270224394624e-06
2.0063270224394624e-06
2.0063270224394624e-06
2.0063270224394624e-06
2.0063270224394624e-06
2.0063270224394624e-06
2.0063270224394624e-06
2.0063270224394624e-06
2.0063270224394624e-06
2.0063270224394624e-06
2.0063270224394624e-06
2.0063270224394624e-06
2.0063270224394624e-06
2.0063270224394624e-06
2.0063270224394624e-06
2.0063270224394624e-06
2.0063270224394624e-06
2.0063270224394624e-06
2.0063270224394624e-06
2.0063270224394624e-06
2.0063270224394624e-06
2.0063270224394624e-06
2.0063270224394624e-06
2.0063270224394624e-06
2.0063270224394624e-06
2.0063270224394624e-06
2.0063270224394624e-06
2.0063270224394624e-06
2.0063270224394624e-06
2.0063270224394624e-06
2.0063270224394624e-06
2.0063270224394624e-06
2.0063270224394624e-06
2.0063270224394624e-06
2.0063270224394624e-06
2.0063270224394624e-06
2.0063270224394624e-06
2.0063270224394624e-06
2.0063270224394624e-06
2.0063270224394624e-06
2.0063270224394624e-06
2.0063270224394624e-06
2.0063270224394624e-06
2.0063270224394624e-06
2.0063270224394624e-06
2.3876949688535754e-06
2.3876949688535754e-06
2.3876949688535754e-06
2.3876949688535754e-06
2.3876949688535754e-06
2.3876949688535754e-06
2.3876949688535754e-06
2.3876949688535754e-06
2.3876949688535754e-06
2.3876949688535754e-06
2.3876949688535754e-06
2.3876949688535754e-06
2.3876949688535754e-06
2.3876949688535754e-06
2.3876949688535754e-06
2.3876949688535754e-06
2.3876949688535754e-06
2.3876949688535754e-06
2.3876949688535754e-06
2.3876949688535754e-06
2.3876949688535754e-06
2.3876949688535754e-06
2.3876949688535754e-06
2.3876949688535754e-06
2.3876949688535754e-06
2.3876949688535754e-06
2.3876949688535754e-06
2.3876949688535754e-06
2.3876949688535754e-06
2.3876949688535754e-06
2.3876949688535754e-06
2.3876949688535754e-06
2.3876949688535754e-06
2.3876949688535754e-06
2.3876949688535754e-06
2.3876949688535754e-06
2.3876949688535754e-06
2.3876949688535754e-06
2.3876949688535754e-06
2.3876949688535754e-06
2.3876949688535754e-06
2.3876949688535754e-06
2.3876949688535754e-06
2.3876949688535754e-06
2.3876949688535754e-06
2.3876949688535754e-06
2.3876949688535754e-06
2.3876949688535754e-06
2.3876949688535754e-06
2.3876949688535754e-06
2.8022253453906554e-06
2.8022253453906554e-06
2.8022253453906554e-06
2.8022253453906554e-06
2.8022253453906554e-06
2.8022253453906554e-06
2.8022253453906554e-06
2.8022253453906554e-06
2.8022253453906554e-06
2.8022253453906554e-06
2.8022253453906554e-06
2.8022253453906554e-06
2.8022253453906554e-06
2.8022253453906554e-06
2.8022253453906554e-06
2.8022253453906554e-06
2.8022253453906554e-06
2.8022253453906554e-06
2.8022253453906554e-06
2.8022253453906554e-06
2.8022253453906554e-06
2.8022253453906554e-06
2.8022253453906554e-06
2.8022253453906554e-06
2.8022253453906554e-06
2.8022253453906554e-06
2.8022253453906554e-06
2.8022253453906554e-06
2.8022253453906554e-06
2.8022253453906554e-06
2.8022253453906554e-06
2.8022253453906554e-06
2.8022253453906554e-06
2.8022253453906554e-06
2.8022253453906554e-06
2.8022253453906554e-06
2.8022253453906554e-06
2.8022253453906554e-06
2.8022253453906554e-06
2.8022253453906554e-06
2.8022253453906554e-06
2.8022253453906554e-06
2.8022253453906554e-06
2.8022253453906554e-06
2.8022253453906554e-06
2.8022253453906554e-06
2.8022253453906554e-06
2.8022253453906554e-06
2.8022253453906554e-06
2.8022253453906554e-06
3.2499181520506998e-06
3.2499181520506998e-06
3.2499181520506998e-06
3.2499181520506998e-06
3.2499181520506998e-06
3.2499181520506998e-06
3.2499181520506998e-06
3.2499181520506998e-06
3.2499181520506998e-06
3.2499181520506998e-06
3.2499181520506998e-06
3.2499181520506998e-06
3.2499181520506998e-06
3.2499181520506998e-06
3.2499181520506998e-06
3.2499181520506998e-06
3.2499181520506998e-06
3.2499181520506998e-06
3.2499181520506998e-06
3.2499181520506998e-06
3.2499181520506998e-06
3.2499181520506998e-06
3.2499181520506998e-06
3.2499181520506998e-06
3.2499181520506998e-06
3.2499181520506998e-06
3.2499181520506998e-06
3.2499181520506998e-06
3.2499181520506998e-06
3.2499181520506998e-06
3.2499181520506998e-06
3.2499181520506998e-06
3.2499181520506998e-06
3.2499181520506998e-06
3.2499181520506998e-06
3.2499181520506998e-06
3.2499181520506998e-06
3.2499181520506998e-06
3.2499181520506998e-06
3.2499181520506998e-06
3.2499181520506998e-06
3.2499181520506998e-06
3.2499181520506998e-06
3.2499181520506998e-06
3.2499181520506998e-06
3.2499181520506998e-06
3.2499181520506998e-06
3.2499181520506998e-06
3.2499181520506998e-06
3.2499181520506998e-06
3.7307733888337116e-06
3.7307733888337116e-06
3.7307733888337116e-06
3.7307733888337116e-06
3.7307733888337116e-06
3.7307733888337116e-06
3.7307733888337116e-06
3.7307733888337116e-06
3.7307733888337116e-06
3.7307733888337116e-06
3.7307733888337116e-06
3.7307733888337116e-06
3.7307733888337116e-06
3.7307733888337116e-06
3.7307733888337116e-06
3.7307733888337116e-06
3.7307733888337116e-06
3.7307733888337116e-06
3.7307733888337116e-06
3.7307733888337116e-06
3.7307733888337116e-06
3.7307733888337116e-06
3.7307733888337116e-06
3.7307733888337116e-06
3.7307733888337116e-06
3.7307733888337116e-06
3.7307733888337116e-06
3.7307733888337116e-06
3.7307733888337116e-06
3.7307733888337116e-06
3.7307733888337116e-06
3.7307733888337116e-06
3.7307733888337116e-06
3.7307733888337116e-06
3.7307733888337116e-06
3.7307733888337116e-06
3.7307733888337116e-06
3.7307733888337116e-06
3.7307733888337116e-06
3.7307733888337116e-06
3.7307733888337116e-06
3.7307733888337116e-06
3.7307733888337116e-06
3.7307733888337116e-06
3.7307733888337116e-06
3.7307733888337116e-06
3.7307733888337116e-06
3.7307733888337116e-06
3.7307733888337116e-06
3.7307733888337116e-06
4.244791055739691e-06
4.244791055739691e-06
4.244791055739691e-06
4.244791055739691e-06
4.244791055739691e-06
4.244791055739691e-06
4.244791055739691e-06
4.244791055739691e-06
4.244791055739691e-06
4.244791055739691e-06
4.244791055739691e-06
4.244791055739691e-06
4.244791055739691e-06
4.244791055739691e-06
4.244791055739691e-06
4.244791055739691e-06
4.244791055739691e-06
4.244791055739691e-06
4.244791055739691e-06
4.244791055739691e-06
4.244791055739691e-06
4.244791055739691e-06
4.244791055739691e-06
4.244791055739691e-06
4.244791055739691e-06
4.244791055739691e-06
4.244791055739691e-06
4.244791055739691e-06
4.244791055739691e-06
4.244791055739691e-06
4.244791055739691e-06
4.244791055739691e-06
4.244791055739691e-06
4.244791055739691e-06
4.244791055739691e-06
4.244791055739691e-06
4.244791055739691e-06
4.244791055739691e-06
4.244791055739691e-06
4.244791055739691e-06
4.244791055739691e-06
4.244791055739691e-06
4.244791055739691e-06
4.244791055739691e-06
4.244791055739691e-06
4.244791055739691e-06
4.244791055739691e-06
4.244791055739691e-06
4.244791055739691e-06
4.244791055739691e-06
4.791971152768636e-06
4.791971152768636e-06
4.791971152768636e-06
4.791971152768636e-06
4.791971152768636e-06
4.791971152768636e-06
4.791971152768636e-06
4.791971152768636e-06
4.791971152768636e-06
4.791971152768636e-06
4.791971152768636e-06
4.791971152768636e-06
4.791971152768636e-06
4.791971152768636e-06
4.791971152768636e-06
4.791971152768636e-06
4.791971152768636e-06
4.791971152768636e-06
4.791971152768636e-06
4.791971152768636e-06
4.791971152768636e-06
4.791971152768636e-06
4.791971152768636e-06
4.791971152768636e-06
4.791971152768636e-06
4.791971152768636e-06
4.791971152768636e-06
4.791971152768636e-06
4.791971152768636e-06
4.791971152768636e-06
4.791971152768636e-06
4.791971152768636e-06
4.791971152768636e-06
4.791971152768636e-06
4.791971152768636e-06
4.791971152768636e-06
4.791971152768636e-06
4.791971152768636e-06
4.791971152768636e-06
4.791971152768636e-06
4.791971152768636e-06
4.791971152768636e-06
4.791971152768636e-06
4.791971152768636e-06
4.791971152768636e-06
4.791971152768636e-06
4.791971152768636e-06
4.791971152768636e-06
4.791971152768636e-06
4.791971152768636e-06
5.3723136799205465e-06
5.3723136799205465e-06
5.3723136799205465e-06
5.3723136799205465e-06
5.3723136799205465e-06
5.3723136799205465e-06
5.3723136799205465e-06
5.3723136799205465e-06
5.3723136799205465e-06
5.3723136799205465e-06
5.3723136799205465e-06
5.3723136799205465e-06
5.3723136799205465e-06
5.3723136799205465e-06
5.3723136799205465e-06
5.3723136799205465e-06
5.3723136799205465e-06
5.3723136799205465e-06
5.3723136799205465e-06
5.3723136799205465e-06
5.3723136799205465e-06
5.3723136799205465e-06
5.3723136799205465e-06
5.3723136799205465e-06
5.3723136799205465e-06
5.3723136799205465e-06
5.3723136799205465e-06
5.3723136799205465e-06
5.3723136799205465e-06
5.3723136799205465e-06
5.3723136799205465e-06
5.3723136799205465e-06
5.3723136799205465e-06
5.3723136799205465e-06
5.3723136799205465e-06
5.3723136799205465e-06
5.3723136799205465e-06
5.3723136799205465e-06
5.3723136799205465e-06
5.3723136799205465e-06
5.3723136799205465e-06
5.3723136799205465e-06
5.3723136799205465e-06
5.3723136799205465e-06
5.3723136799205465e-06
5.3723136799205465e-06
5.3723136799205465e-06
5.3723136799205465e-06
5.3723136799205465e-06
5.3723136799205465e-06
5.985818637195422e-06
5.985818637195422e-06
5.985818637195422e-06
5.985818637195422e-06
5.985818637195422e-06
5.985818637195422e-06
5.985818637195422e-06
5.985818637195422e-06
5.985818637195422e-06
5.985818637195422e-06
5.985818637195422e-06
5.985818637195422e-06
5.985818637195422e-06
5.985818637195422e-06
5.985818637195422e-06
5.985818637195422e-06
5.985818637195422e-06
5.985818637195422e-06
5.985818637195422e-06
5.985818637195422e-06
5.985818637195422e-06
5.985818637195422e-06
5.985818637195422e-06
5.985818637195422e-06
5.985818637195422e-06
5.985818637195422e-06
5.985818637195422e-06
5.985818637195422e-06
5.985818637195422e-06
5.985818637195422e-06
5.985818637195422e-06
5.985818637195422e-06
5.985818637195422e-06
5.985818637195422e-06
5.985818637195422e-06
5.985818637195422e-06
5.985818637195422e-06
5.985818637195422e-06
5.985818637195422e-06
5.985818637195422e-06
5.985818637195422e-06
5.985818637195422e-06
5.985818637195422e-06
5.985818637195422e-06
5.985818637195422e-06
5.985818637195422e-06
5.985818637195422e-06
5.985818637195422e-06
5.985818637195422e-06
5.985818637195422e-06
6.632486024593267e-06
6.632486024593267e-06
6.632486024593267e-06
6.632486024593267e-06
6.632486024593267e-06
6.632486024593267e-06
6.632486024593267e-06
6.632486024593267e-06
6.632486024593267e-06
6.632486024593267e-06
6.632486024593267e-06
6.632486024593267e-06
6.632486024593267e-06
6.632486024593267e-06
6.632486024593267e-06
6.632486024593267e-06
6.632486024593267e-06
6.632486024593267e-06
6.632486024593267e-06
6.632486024593267e-06
6.632486024593267e-06
6.632486024593267e-06
6.632486024593267e-06
6.632486024593267e-06
6.632486024593267e-06
6.632486024593267e-06
6.632486024593267e-06
6.632486024593267e-06
6.632486024593267e-06
6.632486024593267e-06
6.632486024593267e-06
6.632486024593267e-06
6.632486024593267e-06
6.632486024593267e-06
6.632486024593267e-06
6.632486024593267e-06
6.632486024593267e-06
6.632486024593267e-06
6.632486024593267e-06
6.632486024593267e-06
6.632486024593267e-06
6.632486024593267e-06
6.632486024593267e-06
6.632486024593267e-06
6.632486024593267e-06
6.632486024593267e-06
6.632486024593267e-06
6.632486024593267e-06
6.632486024593267e-06
6.632486024593267e-06
7.312315842114077e-06
7.312315842114077e-06
7.312315842114077e-06
7.312315842114077e-06
7.312315842114077e-06
7.312315842114077e-06
7.312315842114077e-06
7.312315842114077e-06
7.312315842114077e-06
7.312315842114077e-06
7.312315842114077e-06
7.312315842114077e-06
7.312315842114077e-06
7.312315842114077e-06
7.312315842114077e-06
7.312315842114077e-06
7.312315842114077e-06
7.312315842114077e-06
7.312315842114077e-06
7.312315842114077e-06
7.312315842114077e-06
7.312315842114077e-06
7.312315842114077e-06
7.312315842114077e-06
7.312315842114077e-06
7.312315842114077e-06
7.312315842114077e-06
7.312315842114077e-06
7.312315842114077e-06
7.312315842114077e-06
7.312315842114077e-06
7.312315842114077e-06
7.312315842114077e-06
7.312315842114077e-06
7.312315842114077e-06
7.312315842114077e-06
7.312315842114077e-06
7.312315842114077e-06
7.312315842114077e-06
7.312315842114077e-06
7.312315842114077e-06
7.312315842114077e-06
7.312315842114077e-06
7.312315842114077e-06
7.312315842114077e-06
7.312315842114077e-06
7.312315842114077e-06
7.312315842114077e-06
7.312315842114077e-06
7.312315842114077e-06
8.02530808975785e-06
8.02530808975785e-06
8.02530808975785e-06
8.02530808975785e-06
8.02530808975785e-06
8.02530808975785e-06
8.02530808975785e-06
8.02530808975785e-06
8.02530808975785e-06
8.02530808975785e-06
8.02530808975785e-06
8.02530808975785e-06
8.02530808975785e-06
8.02530808975785e-06
8.02530808975785e-06
8.02530808975785e-06
8.02530808975785e-06
8.02530808975785e-06
8.02530808975785e-06
8.02530808975785e-06
8.02530808975785e-06
8.02530808975785e-06
8.02530808975785e-06
8.02530808975785e-06
8.02530808975785e-06
8.02530808975785e-06
8.02530808975785e-06
8.02530808975785e-06
8.02530808975785e-06
8.02530808975785e-06
8.02530808975785e-06
8.02530808975785e-06
8.02530808975785e-06
8.02530808975785e-06
8.02530808975785e-06
8.02530808975785e-06
8.02530808975785e-06
8.02530808975785e-06
8.02530808975785e-06
8.02530808975785e-06
8.02530808975785e-06
8.02530808975785e-06
8.02530808975785e-06
8.02530808975785e-06
8.02530808975785e-06
8.02530808975785e-06
8.02530808975785e-06
8.02530808975785e-06
8.02530808975785e-06
8.02530808975785e-06
8.771462767524597e-06
8.771462767524597e-06
8.771462767524597e-06
8.771462767524597e-06
8.771462767524597e-06
8.771462767524597e-06
8.771462767524597e-06
8.771462767524597e-06
8.771462767524597e-06
8.771462767524597e-06
8.771462767524597e-06
8.771462767524597e-06
8.771462767524597e-06
8.771462767524597e-06
8.771462767524597e-06
8.771462767524597e-06
8.771462767524597e-06
8.771462767524597e-06
8.771462767524597e-06
8.771462767524597e-06
8.771462767524597e-06
8.771462767524597e-06
8.771462767524597e-06
8.771462767524597e-06
8.771462767524597e-06
8.771462767524597e-06
8.771462767524597e-06
8.771462767524597e-06
8.771462767524597e-06
8.771462767524597e-06
8.771462767524597e-06
8.771462767524597e-06
8.771462767524597e-06
8.771462767524597e-06
8.771462767524597e-06
8.771462767524597e-06
8.771462767524597e-06
8.771462767524597e-06
8.771462767524597e-06
8.771462767524597e-06
8.771462767524597e-06
8.771462767524597e-06
8.771462767524597e-06
8.771462767524597e-06
8.771462767524597e-06
8.771462767524597e-06
8.771462767524597e-06
8.771462767524597e-06
8.771462767524597e-06
8.771462767524597e-06
9.550779875414302e-06
9.550779875414302e-06
9.550779875414302e-06
9.550779875414302e-06
9.550779875414302e-06
9.550779875414302e-06
9.550779875414302e-06
9.550779875414302e-06
9.550779875414302e-06
9.550779875414302e-06
9.550779875414302e-06
9.550779875414302e-06
9.550779875414302e-06
9.550779875414302e-06
9.550779875414302e-06
9.550779875414302e-06
9.550779875414302e-06
9.550779875414302e-06
9.550779875414302e-06
9.550779875414302e-06
9.550779875414302e-06
9.550779875414302e-06
9.550779875414302e-06
9.550779875414302e-06
9.550779875414302e-06
9.550779875414302e-06
9.550779875414302e-06
9.550779875414302e-06
9.550779875414302e-06
9.550779875414302e-06
9.550779875414302e-06
9.550779875414302e-06
9.550779875414302e-06
9.550779875414302e-06
9.550779875414302e-06
9.550779875414302e-06
9.550779875414302e-06
9.550779875414302e-06
9.550779875414302e-06
9.550779875414302e-06
9.550779875414302e-06
9.550779875414302e-06
9.550779875414302e-06
9.550779875414302e-06
9.550779875414302e-06
9.550779875414302e-06
9.550779875414302e-06
9.550779875414302e-06
9.550779875414302e-06
9.550779875414302e-06
1.0363259413426977e-05
1.0363259413426977e-05
1.0363259413426977e-05
1.0363259413426977e-05
1.0363259413426977e-05
1.0363259413426977e-05
1.0363259413426977e-05
1.0363259413426977e-05
1.0363259413426977e-05
1.0363259413426977e-05
1.0363259413426977e-05
1.0363259413426977e-05
1.0363259413426977e-05
1.0363259413426977e-05
1.0363259413426977e-05
1.0363259413426977e-05
1.0363259413426977e-05
1.0363259413426977e-05
1.0363259413426977e-05
1.0363259413426977e-05
1.0363259413426977e-05
1.0363259413426977e-05
1.0363259413426977e-05
1.0363259413426977e-05
1.0363259413426977e-05
1.0363259413426977e-05
1.0363259413426977e-05
1.0363259413426977e-05
1.0363259413426977e-05
1.0363259413426977e-05
1.0363259413426977e-05
1.0363259413426977e-05
1.0363259413426977e-05
1.0363259413426977e-05
1.0363259413426977e-05
1.0363259413426977e-05
1.0363259413426977e-05
1.0363259413426977e-05
1.0363259413426977e-05
1.0363259413426977e-05
1.0363259413426977e-05
1.0363259413426977e-05
1.0363259413426977e-05
1.0363259413426977e-05
1.0363259413426977e-05
1.0363259413426977e-05
1.0363259413426977e-05
1.0363259413426977e-05
1.0363259413426977e-05
1.0363259413426977e-05
1.1208901381562622e-05
1.1208901381562622e-05
1.1208901381562622e-05
1.1208901381562622e-05
1.1208901381562622e-05
1.1208901381562622e-05
1.1208901381562622e-05
1.1208901381562622e-05
1.1208901381562622e-05
1.1208901381562622e-05
1.1208901381562622e-05
1.1208901381562622e-05
1.1208901381562622e-05
1.1208901381562622e-05
1.1208901381562622e-05
1.1208901381562622e-05
1.1208901381562622e-05
1.1208901381562622e-05
1.1208901381562622e-05
1.1208901381562622e-05
1.1208901381562622e-05
1.1208901381562622e-05
1.1208901381562622e-05
1.1208901381562622e-05
1.1208901381562622e-05
1.1208901381562622e-05
1.1208901381562622e-05
1.1208901381562622e-05
1.1208901381562622e-05
1.1208901381562622e-05
1.1208901381562622e-05
1.1208901381562622e-05
1.1208901381562622e-05
1.1208901381562622e-05
1.1208901381562622e-05
1.1208901381562622e-05
1.1208901381562622e-05
1.1208901381562622e-05
1.1208901381562622e-05
1.1208901381562622e-05
1.1208901381562622e-05
1.1208901381562622e-05
1.1208901381562622e-05
1.1208901381562622e-05
1.1208901381562622e-05
1.1208901381562622e-05
1.1208901381562622e-05
1.1208901381562622e-05
1.1208901381562622e-05
1.1208901381562622e-05
1.2087705779821227e-05
1.2087705779821227e-05
1.2087705779821227e-05
1.2087705779821227e-05
1.2087705779821227e-05
1.2087705779821227e-05
1.2087705779821227e-05
1.2087705779821227e-05
1.2087705779821227e-05
1.2087705779821227e-05
1.2087705779821227e-05
1.2087705779821227e-05
1.2087705779821227e-05
1.2087705779821227e-05
1.2087705779821227e-05
1.2087705779821227e-05
1.2087705779821227e-05
1.2087705779821227e-05
1.2087705779821227e-05
1.2087705779821227e-05
1.2087705779821227e-05
1.2087705779821227e-05
1.2087705779821227e-05
1.2087705779821227e-05
1.2087705779821227e-05
1.2087705779821227e-05
1.2087705779821227e-05
1.2087705779821227e-05
1.2087705779821227e-05
1.2087705779821227e-05
1.2087705779821227e-05
1.2087705779821227e-05
1.2087705779821227e-05
1.2087705779821227e-05
1.2087705779821227e-05
1.2087705779821227e-05
1.2087705779821227e-05
1.2087705779821227e-05
1.2087705779821227e-05
1.2087705779821227e-05
1.2087705779821227e-05
1.2087705779821227e-05
1.2087705779821227e-05
1.2087705779821227e-05
1.2087705779821227e-05
1.2087705779821227e-05
1.2087705779821227e-05
1.2087705779821227e-05
1.2087705779821227e-05
1.2087705779821227e-05
1.2999672608202799e-05
1.2999672608202799e-05
1.2999672608202799e-05
1.2999672608202799e-05
1.2999672608202799e-05
1.2999672608202799e-05
1.2999672608202799e-05
1.2999672608202799e-05
1.2999672608202799e-05
1.2999672608202799e-05
1.2999672608202799e-05
1.2999672608202799e-05
1.2999672608202799e-05
1.2999672608202799e-05
1.2999672608202799e-05
1.2999672608202799e-05
1.2999672608202799e-05
1.2999672608202799e-05
1.2999672608202799e-05
1.2999672608202799e-05
1.2999672608202799e-05
1.2999672608202799e-05
1.2999672608202799e-05
1.2999672608202799e-05
1.2999672608202799e-05
1.2999672608202799e-05
1.2999672608202799e-05
1.2999672608202799e-05
1.2999672608202799e-05
1.2999672608202799e-05
1.2999672608202799e-05
1.2999672608202799e-05
1.2999672608202799e-05
1.2999672608202799e-05
1.2999672608202799e-05
1.2999672608202799e-05
1.2999672608202799e-05
1.2999672608202799e-05
1.2999672608202799e-05
1.2999672608202799e-05
1.2999672608202799e-05
1.2999672608202799e-05
1.2999672608202799e-05
1.2999672608202799e-05
1.2999672608202799e-05
1.2999672608202799e-05
1.2999672608202799e-05
1.2999672608202799e-05
1.2999672608202799e-05
1.2999672608202799e-05
1.3944801866707344e-05
1.3944801866707344e-05
1.3944801866707344e-05
1.3944801866707344e-05
1.3944801866707344e-05
1.3944801866707344e-05
1.3944801866707344e-05
1.3944801866707344e-05
1.3944801866707344e-05
1.3944801866707344e-05
1.3944801866707344e-05
1.3944801866707344e-05
1.3944801866707344e-05
1.3944801866707344e-05
1.3944801866707344e-05
1.3944801866707344e-05
1.3944801866707344e-05
1.3944801866707344e-05
1.3944801866707344e-05
1.3944801866707344e-05
1.3944801866707344e-05
1.3944801866707344e-05
1.3944801866707344e-05
1.3944801866707344e-05
1.3944801866707344e-05
1.3944801866707344e-05
1.3944801866707344e-05
1.3944801866707344e-05
1.3944801866707344e-05
1.3944801866707344e-05
1.3944801866707344e-05
1.3944801866707344e-05
1.3944801866707344e-05
1.3944801866707344e-05
1.3944801866707344e-05
1.3944801866707344e-05
1.3944801866707344e-05
1.3944801866707344e-05
1.3944801866707344e-05
1.3944801866707344e-05
1.3944801866707344e-05
1.3944801866707344e-05
1.3944801866707344e-05
1.3944801866707344e-05
1.3944801866707344e-05
1.3944801866707344e-05
1.3944801866707344e-05
1.3944801866707344e-05
1.3944801866707344e-05
1.3944801866707344e-05
1.4923093555334846e-05
1.4923093555334846e-05
1.4923093555334846e-05
1.4923093555334846e-05
1.4923093555334846e-05
1.4923093555334846e-05
1.4923093555334846e-05
1.4923093555334846e-05
1.4923093555334846e-05
1.4923093555334846e-05
1.4923093555334846e-05
1.4923093555334846e-05
1.4923093555334846e-05
1.4923093555334846e-05
1.4923093555334846e-05
1.4923093555334846e-05
1.4923093555334846e-05
1.4923093555334846e-05
1.4923093555334846e-05
1.4923093555334846e-05
1.4923093555334846e-05
1.4923093555334846e-05
1.4923093555334846e-05
1.4923093555334846e-05
1.4923093555334846e-05
1.4923093555334846e-05
1.4923093555334846e-05
1.4923093555334846e-05
1.4923093555334846e-05
1.4923093555334846e-05
1.4923093555334846e-05
1.4923093555334846e-05
1.4923093555334846e-05
1.4923093555334846e-05
1.4923093555334846e-05
1.4923093555334846e-05
1.4923093555334846e-05
1.4923093555334846e-05
1.4923093555334846e-05
1.4923093555334846e-05
1.4923093555334846e-05
1.4923093555334846e-05
1.4923093555334846e-05
1.4923093555334846e-05
1.4923093555334846e-05
1.4923093555334846e-05
1.4923093555334846e-05
1.4923093555334846e-05
1.4923093555334846e-05
1.4923093555334846e-05
1.5934547674085323e-05
1.5934547674085323e-05
1.5934547674085323e-05
1.5934547674085323e-05
1.5934547674085323e-05
1.5934547674085323e-05
1.5934547674085323e-05
1.5934547674085323e-05
1.5934547674085323e-05
1.5934547674085323e-05
1.5934547674085323e-05
1.5934547674085323e-05
1.5934547674085323e-05
1.5934547674085323e-05
1.5934547674085323e-05
1.5934547674085323e-05
1.5934547674085323e-05
1.5934547674085323e-05
1.5934547674085323e-05
1.5934547674085323e-05
1.5934547674085323e-05
1.5934547674085323e-05
1.5934547674085323e-05
1.5934547674085323e-05
1.5934547674085323e-05
1.5934547674085323e-05
1.5934547674085323e-05
1.5934547674085323e-05
1.5934547674085323e-05
1.5934547674085323e-05
1.5934547674085323e-05
1.5934547674085323e-05
1.5934547674085323e-05
1.5934547674085323e-05
1.5934547674085323e-05
1.5934547674085323e-05
1.5934547674085323e-05
1.5934547674085323e-05
1.5934547674085323e-05
1.5934547674085323e-05
1.5934547674085323e-05
1.5934547674085323e-05
1.5934547674085323e-05
1.5934547674085323e-05
1.5934547674085323e-05
1.5934547674085323e-05
1.5934547674085323e-05
1.5934547674085323e-05
1.5934547674085323e-05
1.5934547674085323e-05
1.6979164222958763e-05
1.6979164222958763e-05
1.6979164222958763e-05
1.6979164222958763e-05
1.6979164222958763e-05
1.6979164222958763e-05
1.6979164222958763e-05
1.6979164222958763e-05
1.6979164222958763e-05
1.6979164222958763e-05
1.6979164222958763e-05
1.6979164222958763e-05
1.6979164222958763e-05
1.6979164222958763e-05
1.6979164222958763e-05
1.6979164222958763e-05
1.6979164222958763e-05
1.6979164222958763e-05
1.6979164222958763e-05
1.6979164222958763e-05
1.6979164222958763e-05
1.6979164222958763e-05
1.6979164222958763e-05
1.6979164222958763e-05
1.6979164222958763e-05
1.6979164222958763e-05
1.6979164222958763e-05
1.6979164222958763e-05
1.6979164222958763e-05
1.6979164222958763e-05
1.6979164222958763e-05
1.6979164222958763e-05
1.6979164222958763e-05
1.6979164222958763e-05
1.6979164222958763e-05
1.6979164222958763e-05
1.6979164222958763e-05
1.6979164222958763e-05
1.6979164222958763e-05
1.6979164222958763e-05
1.6979164222958763e-05
1.6979164222958763e-05
1.6979164222958763e-05
1.6979164222958763e-05
1.6979164222958763e-05
1.6979164222958763e-05
1.6979164222958763e-05
1.6979164222958763e-05
1.6979164222958763e-05
1.6979164222958763e-05
1.8056943201955166e-05
1.8056943201955166e-05
1.8056943201955166e-05
1.8056943201955166e-05
1.8056943201955166e-05
1.8056943201955166e-05
1.8056943201955166e-05
1.8056943201955166e-05
1.8056943201955166e-05
1.8056943201955166e-05
1.8056943201955166e-05
1.8056943201955166e-05
1.8056943201955166e-05
1.8056943201955166e-05
1.8056943201955166e-05
1.8056943201955166e-05
1.8056943201955166e-05
1.8056943201955166e-05
1.8056943201955166e-05
1.8056943201955166e-05
1.8056943201955166e-05
1.8056943201955166e-05
1.8056943201955166e-05
1.8056943201955166e-05
1.8056943201955166e-05
1.8056943201955166e-05
1.8056943201955166e-05
1.8056943201955166e-05
1.8056943201955166e-05
1.8056943201955166e-05
1.8056943201955166e-05
1.8056943201955166e-05
1.8056943201955166e-05
1.8056943201955166e-05
1.8056943201955166e-05
1.8056943201955166e-05
1.8056943201955166e-05
1.8056943201955166e-05
1.8056943201955166e-05
1.8056943201955166e-05
1.8056943201955166e-05
1.8056943201955166e-05
1.8056943201955166e-05
1.8056943201955166e-05
1.8056943201955166e-05
1.8056943201955166e-05
1.8056943201955166e-05
1.8056943201955166e-05
1.8056943201955166e-05
1.8056943201955166e-05
1.9167884611074545e-05
1.9167884611074545e-05
1.9167884611074545e-05
1.9167884611074545e-05
1.9167884611074545e-05
1.9167884611074545e-05
1.9167884611074545e-05
1.9167884611074545e-05
1.9167884611074545e-05
1.9167884611074545e-05
1.9167884611074545e-05
1.9167884611074545e-05
1.9167884611074545e-05
1.9167884611074545e-05
1.9167884611074545e-05
1.9167884611074545e-05
1.9167884611074545e-05
1.9167884611074545e-05
1.9167884611074545e-05
1.9167884611074545e-05
1.9167884611074545e-05
1.9167884611074545e-05
1.9167884611074545e-05
1.9167884611074545e-05
1.9167884611074545e-05
1.9167884611074545e-05
1.9167884611074545e-05
1.9167884611074545e-05
1.9167884611074545e-05
1.9167884611074545e-05
1.9167884611074545e-05
1.9167884611074545e-05
1.9167884611074545e-05
1.9167884611074545e-05
1.9167884611074545e-05
1.9167884611074545e-05
1.9167884611074545e-05
1.9167884611074545e-05
1.9167884611074545e-05
1.9167884611074545e-05
1.9167884611074545e-05
1.9167884611074545e-05
1.9167884611074545e-05
1.9167884611074545e-05
1.9167884611074545e-05
1.9167884611074545e-05
1.9167884611074545e-05
1.9167884611074545e-05
1.9167884611074545e-05
1.9167884611074545e-05
2.0311988450316876e-05
2.0311988450316876e-05
2.0311988450316876e-05
2.0311988450316876e-05
2.0311988450316876e-05
2.0311988450316876e-05
2.0311988450316876e-05
2.0311988450316876e-05
2.0311988450316876e-05
2.0311988450316876e-05
2.0311988450316876e-05
2.0311988450316876e-05
2.0311988450316876e-05
2.0311988450316876e-05
2.0311988450316876e-05
2.0311988450316876e-05
2.0311988450316876e-05
2.0311988450316876e-05
2.0311988450316876e-05
2.0311988450316876e-05
2.0311988450316876e-05
2.0311988450316876e-05
2.0311988450316876e-05
2.0311988450316876e-05
2.0311988450316876e-05
2.0311988450316876e-05
2.0311988450316876e-05
2.0311988450316876e-05
2.0311988450316876e-05
2.0311988450316876e-05
2.0311988450316876e-05
2.0311988450316876e-05
2.0311988450316876e-05
2.0311988450316876e-05
2.0311988450316876e-05
2.0311988450316876e-05
2.0311988450316876e-05
2.0311988450316876e-05
2.0311988450316876e-05
2.0311988450316876e-05
2.0311988450316876e-05
2.0311988450316876e-05
2.0311988450316876e-05
2.0311988450316876e-05
2.0311988450316876e-05
2.0311988450316876e-05
2.0311988450316876e-05
2.0311988450316876e-05
2.0311988450316876e-05
2.0311988450316876e-05
2.1489254719682186e-05
2.1489254719682186e-05
2.1489254719682186e-05
2.1489254719682186e-05
2.1489254719682186e-05
2.1489254719682186e-05
2.1489254719682186e-05
2.1489254719682186e-05
2.1489254719682186e-05
2.1489254719682186e-05
2.1489254719682186e-05
2.1489254719682186e-05
2.1489254719682186e-05
2.1489254719682186e-05
2.1489254719682186e-05
2.1489254719682186e-05
2.1489254719682186e-05
2.1489254719682186e-05
2.1489254719682186e-05
2.1489254719682186e-05
2.1489254719682186e-05
2.1489254719682186e-05
2.1489254719682186e-05
2.1489254719682186e-05
2.1489254719682186e-05
2.1489254719682186e-05
2.1489254719682186e-05
2.1489254719682186e-05
2.1489254719682186e-05
2.1489254719682186e-05
2.1489254719682186e-05
2.1489254719682186e-05
2.1489254719682186e-05
2.1489254719682186e-05
2.1489254719682186e-05
2.1489254719682186e-05
2.1489254719682186e-05
2.1489254719682186e-05
2.1489254719682186e-05
2.1489254719682186e-05
2.1489254719682186e-05
2.1489254719682186e-05
2.1489254719682186e-05
2.1489254719682186e-05
2.1489254719682186e-05
2.1489254719682186e-05
2.1489254719682186e-05
2.1489254719682186e-05
2.1489254719682186e-05
2.1489254719682186e-05
2.2699683419170455e-05
2.2699683419170455e-05
2.2699683419170455e-05
2.2699683419170455e-05
2.2699683419170455e-05
2.2699683419170455e-05
2.2699683419170455e-05
2.2699683419170455e-05
2.2699683419170455e-05
2.2699683419170455e-05
2.2699683419170455e-05
2.2699683419170455e-05
2.2699683419170455e-05
2.2699683419170455e-05
2.2699683419170455e-05
2.2699683419170455e-05
2.2699683419170455e-05
2.2699683419170455e-05
2.2699683419170455e-05
2.2699683419170455e-05
2.2699683419170455e-05
2.2699683419170455e-05
2.2699683419170455e-05
2.2699683419170455e-05
2.2699683419170455e-05
2.2699683419170455e-05
2.2699683419170455e-05
2.2699683419170455e-05
2.2699683419170455e-05
2.2699683419170455e-05
2.2699683419170455e-05
2.2699683419170455e-05
2.2699683419170455e-05
2.2699683419170455e-05
2.2699683419170455e-05
2.2699683419170455e-05
2.2699683419170455e-05
2.2699683419170455e-05
2.2699683419170455e-05
2.2699683419170455e-05
2.2699683419170455e-05
2.2699683419170455e-05
2.2699683419170455e-05
2.2699683419170455e-05
2.2699683419170455e-05
2.2699683419170455e-05
2.2699683419170455e-05
2.2699683419170455e-05
2.2699683419170455e-05
2.2699683419170455e-05
2.3943274548781686e-05
2.3943274548781686e-05
2.3943274548781686e-05
2.3943274548781686e-05
2.3943274548781686e-05
2.3943274548781686e-05
2.3943274548781686e-05
2.3943274548781686e-05
2.3943274548781686e-05
2.3943274548781686e-05
2.3943274548781686e-05
2.3943274548781686e-05
2.3943274548781686e-05
2.3943274548781686e-05
2.3943274548781686e-05
2.3943274548781686e-05
2.3943274548781686e-05
2.3943274548781686e-05
2.3943274548781686e-05
2.3943274548781686e-05
2.3943274548781686e-05
2.3943274548781686e-05
2.3943274548781686e-05
2.3943274548781686e-05
2.3943274548781686e-05
2.3943274548781686e-05
2.3943274548781686e-05
2.3943274548781686e-05
2.3943274548781686e-05
2.3943274548781686e-05
2.3943274548781686e-05
2.3943274548781686e-05
2.3943274548781686e-05
2.3943274548781686e-05
2.3943274548781686e-05
2.3943274548781686e-05
2.3943274548781686e-05
2.3943274548781686e-05
2.3943274548781686e-05
2.3943274548781686e-05
2.3943274548781686e-05
2.3943274548781686e-05
2.3943274548781686e-05
2.3943274548781686e-05
2.3943274548781686e-05
2.3943274548781686e-05
2.3943274548781686e-05
2.3943274548781686e-05
2.3943274548781686e-05
2.3943274548781686e-05
2.5220028108515894e-05
2.5220028108515894e-05
2.5220028108515894e-05
2.5220028108515894e-05
2.5220028108515894e-05
2.5220028108515894e-05
2.5220028108515894e-05
2.5220028108515894e-05
2.5220028108515894e-05
2.5220028108515894e-05
2.5220028108515894e-05
2.5220028108515894e-05
2.5220028108515894e-05
2.5220028108515894e-05
2.5220028108515894e-05
2.5220028108515894e-05
2.5220028108515894e-05
2.5220028108515894e-05
2.5220028108515894e-05
2.5220028108515894e-05
2.5220028108515894e-05
2.5220028108515894e-05
2.5220028108515894e-05
2.5220028108515894e-05
2.5220028108515894e-05
2.5220028108515894e-05
2.5220028108515894e-05
2.5220028108515894e-05
2.5220028108515894e-05
2.5220028108515894e-05
2.5220028108515894e-05
2.5220028108515894e-05
2.5220028108515894e-05
2.5220028108515894e-05
2.5220028108515894e-05
2.5220028108515894e-05
2.5220028108515894e-05
2.5220028108515894e-05
2.5220028108515894e-05
2.5220028108515894e-05
2.5220028108515894e-05
2.5220028108515894e-05
2.5220028108515894e-05
2.5220028108515894e-05
2.5220028108515894e-05
2.5220028108515894e-05
2.5220028108515894e-05
2.5220028108515894e-05
2.5220028108515894e-05
2.5220028108515894e-05
2.6529944098373067e-05
2.6529944098373067e-05
2.6529944098373067e-05
2.6529944098373067e-05
2.6529944098373067e-05
2.6529944098373067e-05
2.6529944098373067e-05
2.6529944098373067e-05
2.6529944098373067e-05
2.6529944098373067e-05
2.6529944098373067e-05
2.6529944098373067e-05
2.6529944098373067e-05
2.6529944098373067e-05
2.6529944098373067e-05
2.6529944098373067e-05
2.6529944098373067e-05
2.6529944098373067e-05
2.6529944098373067e-05
2.6529944098373067e-05
2.6529944098373067e-05
2.6529944098373067e-05
2.6529944098373067e-05
2.6529944098373067e-05
2.6529944098373067e-05
2.6529944098373067e-05
2.6529944098373067e-05
2.6529944098373067e-05
2.6529944098373067e-05
2.6529944098373067e-05
2.6529944098373067e-05
2.6529944098373067e-05
2.6529944098373067e-05
2.6529944098373067e-05
2.6529944098373067e-05
2.6529944098373067e-05
2.6529944098373067e-05
2.6529944098373067e-05
2.6529944098373067e-05
2.6529944098373067e-05
2.6529944098373067e-05
2.6529944098373067e-05
2.6529944098373067e-05
2.6529944098373067e-05
2.6529944098373067e-05
2.6529944098373067e-05
2.6529944098373067e-05
2.6529944098373067e-05
2.6529944098373067e-05
2.6529944098373067e-05
2.7873022518353195e-05
2.7873022518353195e-05
2.7873022518353195e-05
2.7873022518353195e-05
2.7873022518353195e-05
2.7873022518353195e-05
2.7873022518353195e-05
2.7873022518353195e-05
2.7873022518353195e-05
2.7873022518353195e-05
2.7873022518353195e-05
2.7873022518353195e-05
2.7873022518353195e-05
2.7873022518353195e-05
2.7873022518353195e-05
2.7873022518353195e-05
2.7873022518353195e-05
2.7873022518353195e-05
2.7873022518353195e-05
2.7873022518353195e-05
2.7873022518353195e-05
2.7873022518353195e-05
2.7873022518353195e-05
2.7873022518353195e-05
2.7873022518353195e-05
2.7873022518353195e-05
2.7873022518353195e-05
2.7873022518353195e-05
2.7873022518353195e-05
2.7873022518353195e-05
2.7873022518353195e-05
2.7873022518353195e-05
2.7873022518353195e-05
2.7873022518353195e-05
2.7873022518353195e-05
2.7873022518353195e-05
2.7873022518353195e-05
2.7873022518353195e-05
2.7873022518353195e-05
2.7873022518353195e-05
2.7873022518353195e-05
2.7873022518353195e-05
2.7873022518353195e-05
2.7873022518353195e-05
2.7873022518353195e-05
2.7873022518353195e-05
2.7873022518353195e-05
2.7873022518353195e-05
2.7873022518353195e-05
2.7873022518353195e-05
2.9249263368456307e-05
2.9249263368456307e-05
2.9249263368456307e-05
2.9249263368456307e-05
2.9249263368456307e-05
2.9249263368456307e-05
2.9249263368456307e-05
2.9249263368456307e-05
2.9249263368456307e-05
2.9249263368456307e-05
2.9249263368456307e-05
2.9249263368456307e-05
2.9249263368456307e-05
2.9249263368456307e-05
2.9249263368456307e-05
2.9249263368456307e-05
2.9249263368456307e-05
2.9249263368456307e-05
2.9249263368456307e-05
2.9249263368456307e-05
2.9249263368456307e-05
2.9249263368456307e-05
2.9249263368456307e-05
2.9249263368456307e-05
2.9249263368456307e-05
2.9249263368456307e-05
2.9249263368456307e-05
2.9249263368456307e-05
2.9249263368456307e-05
2.9249263368456307e-05
2.9249263368456307e-05
2.9249263368456307e-05
2.9249263368456307e-05
2.9249263368456307e-05
2.9249263368456307e-05
2.9249263368456307e-05
2.9249263368456307e-05
2.9249263368456307e-05
2.9249263368456307e-05
2.9249263368456307e-05
2.9249263368456307e-05
2.9249263368456307e-05
2.9249263368456307e-05
2.9249263368456307e-05
2.9249263368456307e-05
2.9249263368456307e-05
2.9249263368456307e-05
2.9249263368456307e-05
2.9249263368456307e-05
2.9249263368456307e-05
3.0658666648682367e-05
3.0658666648682367e-05
3.0658666648682367e-05
3.0658666648682367e-05
3.0658666648682367e-05
3.0658666648682367e-05
3.0658666648682367e-05
3.0658666648682367e-05
3.0658666648682367e-05
3.0658666648682367e-05
3.0658666648682367e-05
3.0658666648682367e-05
3.0658666648682367e-05
3.0658666648682367e-05
3.0658666648682367e-05
3.0658666648682367e-05
3.0658666648682367e-05
3.0658666648682367e-05
3.0658666648682367e-05
3.0658666648682367e-05
3.0658666648682367e-05
3.0658666648682367e-05
3.0658666648682367e-05
3.0658666648682367e-05
3.0658666648682367e-05
3.0658666648682367e-05
3.0658666648682367e-05
3.0658666648682367e-05
3.0658666648682367e-05
3.0658666648682367e-05
3.0658666648682367e-05
3.0658666648682367e-05
3.0658666648682367e-05
3.0658666648682367e-05
3.0658666648682367e-05
3.0658666648682367e-05
3.0658666648682367e-05
3.0658666648682367e-05
3.0658666648682367e-05
3.0658666648682367e-05
3.0658666648682367e-05
3.0658666648682367e-05
3.0658666648682367e-05
3.0658666648682367e-05
3.0658666648682367e-05
3.0658666648682367e-05
3.0658666648682367e-05
3.0658666648682367e-05
3.0658666648682367e-05
3.0658666648682367e-05
3.21012323590314e-05
3.21012323590314e-05
3.21012323590314e-05
3.21012323590314e-05
3.21012323590314e-05
3.21012323590314e-05
3.21012323590314e-05
3.21012323590314e-05
3.21012323590314e-05
3.21012323590314e-05
3.21012323590314e-05
3.21012323590314e-05
3.21012323590314e-05
3.21012323590314e-05
3.21012323590314e-05
3.21012323590314e-05
3.21012323590314e-05
3.21012323590314e-05
3.21012323590314e-05
3.21012323590314e-05
3.21012323590314e-05
3.21012323590314e-05
3.21012323590314e-05
3.21012323590314e-05
3.21012323590314e-05
3.21012323590314e-05
3.21012323590314e-05
3.21012323590314e-05
3.21012323590314e-05
3.21012323590314e-05
3.21012323590314e-05
3.21012323590314e-05
3.21012323590314e-05
3.21012323590314e-05
3.21012323590314e-05
3.21012323590314e-05
3.21012323590314e-05
3.21012323590314e-05
3.21012323590314e-05
3.21012323590314e-05
3.21012323590314e-05
3.21012323590314e-05
3.21012323590314e-05
3.21012323590314e-05
3.21012323590314e-05
3.21012323590314e-05
3.21012323590314e-05
3.21012323590314e-05
3.21012323590314e-05
3.21012323590314e-05
3.3576960499503404e-05
3.3576960499503404e-05
3.3576960499503404e-05
3.3576960499503404e-05
3.3576960499503404e-05
3.3576960499503404e-05
3.3576960499503404e-05
3.3576960499503404e-05
3.3576960499503404e-05
3.3576960499503404e-05
3.3576960499503404e-05
3.3576960499503404e-05
3.3576960499503404e-05
3.3576960499503404e-05
3.3576960499503404e-05
3.3576960499503404e-05
3.3576960499503404e-05
3.3576960499503404e-05
3.3576960499503404e-05
3.3576960499503404e-05
3.3576960499503404e-05
3.3576960499503404e-05
3.3576960499503404e-05
3.3576960499503404e-05
3.3576960499503404e-05
3.3576960499503404e-05
3.3576960499503404e-05
3.3576960499503404e-05
3.3576960499503404e-05
3.3576960499503404e-05
3.3576960499503404e-05
3.3576960499503404e-05
3.3576960499503404e-05
3.3576960499503404e-05
3.3576960499503404e-05
3.3576960499503404e-05
3.3576960499503404e-05
3.3576960499503404e-05
3.3576960499503404e-05
3.3576960499503404e-05
3.3576960499503404e-05
3.3576960499503404e-05
3.3576960499503404e-05
3.3576960499503404e-05
3.3576960499503404e-05
3.3576960499503404e-05
3.3576960499503404e-05
3.3576960499503404e-05
3.3576960499503404e-05
3.3576960499503404e-05
3.508585107009839e-05
3.508585107009839e-05
3.508585107009839e-05
3.508585107009839e-05
3.508585107009839e-05
3.508585107009839e-05
3.508585107009839e-05
3.508585107009839e-05
3.508585107009839e-05
3.508585107009839e-05
3.508585107009839e-05
3.508585107009839e-05
3.508585107009839e-05
3.508585107009839e-05
3.508585107009839e-05
3.508585107009839e-05
3.508585107009839e-05
3.508585107009839e-05
3.508585107009839e-05
3.508585107009839e-05
3.508585107009839e-05
3.508585107009839e-05
3.508585107009839e-05
3.508585107009839e-05
3.508585107009839e-05
3.508585107009839e-05
3.508585107009839e-05
3.508585107009839e-05
3.508585107009839e-05
3.508585107009839e-05
3.508585107009839e-05
3.508585107009839e-05
3.508585107009839e-05
3.508585107009839e-05
3.508585107009839e-05
3.508585107009839e-05
3.508585107009839e-05
3.508585107009839e-05
3.508585107009839e-05
3.508585107009839e-05
3.508585107009839e-05
3.508585107009839e-05
3.508585107009839e-05
3.508585107009839e-05
3.508585107009839e-05
3.508585107009839e-05
3.508585107009839e-05
3.508585107009839e-05
3.508585107009839e-05
3.508585107009839e-05
3.662790407081632e-05
3.662790407081632e-05
3.662790407081632e-05
3.662790407081632e-05
3.662790407081632e-05
3.662790407081632e-05
3.662790407081632e-05
3.662790407081632e-05
3.662790407081632e-05
3.662790407081632e-05
3.662790407081632e-05
3.662790407081632e-05
3.662790407081632e-05
3.662790407081632e-05
3.662790407081632e-05
3.662790407081632e-05
3.662790407081632e-05
3.662790407081632e-05
3.662790407081632e-05
3.662790407081632e-05
3.662790407081632e-05
3.662790407081632e-05
3.662790407081632e-05
3.662790407081632e-05
3.662790407081632e-05
3.662790407081632e-05
3.662790407081632e-05
3.662790407081632e-05
3.662790407081632e-05
3.662790407081632e-05
3.662790407081632e-05
3.662790407081632e-05
3.662790407081632e-05
3.662790407081632e-05
3.662790407081632e-05
3.662790407081632e-05
3.662790407081632e-05
3.662790407081632e-05
3.662790407081632e-05
3.662790407081632e-05
3.662790407081632e-05
3.662790407081632e-05
3.662790407081632e-05
3.662790407081632e-05
3.662790407081632e-05
3.662790407081632e-05
3.662790407081632e-05
3.662790407081632e-05
3.662790407081632e-05
3.662790407081632e-05
3.820311950165721e-05
3.820311950165721e-05
3.820311950165721e-05
3.820311950165721e-05
3.820311950165721e-05
3.820311950165721e-05
3.820311950165721e-05
3.820311950165721e-05
3.820311950165721e-05
3.820311950165721e-05
3.820311950165721e-05
3.820311950165721e-05
3.820311950165721e-05
3.820311950165721e-05
3.820311950165721e-05
3.820311950165721e-05
3.820311950165721e-05
3.820311950165721e-05
3.820311950165721e-05
3.820311950165721e-05
3.820311950165721e-05
3.820311950165721e-05
3.820311950165721e-05
3.820311950165721e-05
3.820311950165721e-05
3.820311950165721e-05
3.820311950165721e-05
3.820311950165721e-05
3.820311950165721e-05
3.820311950165721e-05
3.820311950165721e-05
3.820311950165721e-05
3.820311950165721e-05
3.820311950165721e-05
3.820311950165721e-05
3.820311950165721e-05
3.820311950165721e-05
3.820311950165721e-05
3.820311950165721e-05
3.820311950165721e-05
3.820311950165721e-05
3.820311950165721e-05
3.820311950165721e-05
3.820311950165721e-05
3.820311950165721e-05
3.820311950165721e-05
3.820311950165721e-05
3.820311950165721e-05
3.820311950165721e-05
3.820311950165721e-05
3.981149736262107e-05
3.981149736262107e-05
3.981149736262107e-05
3.981149736262107e-05
3.981149736262107e-05
3.981149736262107e-05
3.981149736262107e-05
3.981149736262107e-05
3.981149736262107e-05
3.981149736262107e-05
3.981149736262107e-05
3.981149736262107e-05
3.981149736262107e-05
3.981149736262107e-05
3.981149736262107e-05
3.981149736262107e-05
3.981149736262107e-05
3.981149736262107e-05
3.981149736262107e-05
3.981149736262107e-05
3.981149736262107e-05
3.981149736262107e-05
3.981149736262107e-05
3.981149736262107e-05
3.981149736262107e-05
3.981149736262107e-05
3.981149736262107e-05
3.981149736262107e-05
3.981149736262107e-05
3.981149736262107e-05
3.981149736262107e-05
3.981149736262107e-05
3.981149736262107e-05
3.981149736262107e-05
3.981149736262107e-05
3.981149736262107e-05
3.981149736262107e-05
3.981149736262107e-05
3.981149736262107e-05
3.981149736262107e-05
3.981149736262107e-05
3.981149736262107e-05
3.981149736262107e-05
3.981149736262107e-05
3.981149736262107e-05
3.981149736262107e-05
3.981149736262107e-05
3.981149736262107e-05
3.981149736262107e-05
3.981149736262107e-05
