nan
0.721229933926737
0.7212176416230042
0.721197141792994
0.7211684223340319
0.7211314696405171
0.7210862686298112
0.7210328027623056
0.7209710540535959
0.7209010030809772
0.7208226289810038
0.7207359094461626
0.7206408207063788
0.7205373375140203
0.7204254331153954
0.7203050792231064
0.7201762459828209
0.7200389019438002
0.7198930140195013
0.7197385474658031
0.7195754658638828
0.7194037311095388
0.7192233032196719
0.7190341416269959
0.7188362027022204
0.7186294426947768
0.718413816674088
0.7181892794106084
0.7179557863038329
0.7177132949107202
0.7174617674036096
0.7172011746471063
0.7169315035434364
0.7166527700295506
0.7163650441713177
0.7160685023190629
0.7157635456493167
0.7154511056462717
0.7151335730754829
0.7148180855402837
0.7145674909592853
0.7139417722372292
0.7136224314199489
0.7132605042609664
0.7128789565103468
0.7124827445083015
0.7120735496045785
0.7116519708491167
0.7112182152627445
0.7107722665269078
0.8209536626709968
0.721227799673247
0.7212155808397036
0.721195151267873
0.7211664994345931
0.7211296124653694
0.7210844761493661
0.7210310749438235
0.7209693919721738
0.7208994090138102
0.7208211064887152
0.7207344634359092
0.7206394574816167
0.7205360648070963
0.7204242601120671
0.7203040165709612
0.7201753057916627
0.7200380977777943
0.7198923608838643
0.719738061788947
0.7195751654808141
0.7194036352863915
0.7192234357820536
0.7190345170437797
0.718836848244621
0.7186303826790466
0.7184150767444576
0.7181908864542628
0.7179577684196353
0.7177156815171816
0.7174645887915755
0.7172044622189848
0.7169352890739528
0.7166570870493856
0.7163699246811199
0.716073976517081
0.7157696370874365
0.7154578188390139
0.7151408494333762
0.714825732363234
0.7145597254469038
0.7139459013964323
0.7136327901149717
0.7132722542797214
0.7128919317598161
0.712496930751055
0.7120889828334717
0.7116687373464328
0.7112363614898087
0.7107918253605345
0.8208959423991504
0.7212214278520789
0.7212094235242319
0.7211891962221201
0.721160735319282
0.7211240289874028
0.7210790641946274
0.7210258267018469
0.7209643010443215
0.7208944704972587
0.7208163170431066
0.7207298213442694
0.720634962697192
0.7205317189706764
0.7204200665683448
0.7202999803663633
0.7201714336678534
0.7200343981485169
0.719888843816354
0.7197347389724752
0.7195720501961205
0.7194007424326443
0.71922078509911
0.719032118698496
0.7188347257012138
0.7186285564791884
0.7184135688659146
0.7181897202181436
0.7179569684117824
0.7177152730665721
0.717464601076555
0.7172049222554524
0.7169362224328789
0.7166585298820252
0.7163719035917943
0.7160765196746279
0.7157727676796206
0.7154615456484528
0.7151451355564197
0.714830423072701
0.7145520062544323
0.7139506853034203
0.7136403126499175
0.7132809601464045
0.7129017311044044
0.7125078381706799
0.7121010448453806
0.7116820777277795
0.7112509450961944
0.710807777335202
0.8208003537313193
0.7212108622279311
0.7211992088145037
0.7211793108731576
0.7211511590092051
0.7211147427890502
0.7210700507044145
0.7210170701489645
0.7209557874006027
0.7208861875800054
0.7208082545625399
0.7207219709228938
0.7206273179332553
0.7205242754490679
0.7204128218468007
0.7202929339804895
0.720164587086401
0.7200277547623909
0.719882408886301
0.7197285195945095
0.7195660552568275
0.7193949826273256
0.7192152767146401
0.7190268668411834
0.718829750592136
0.7186238750796405
0.7184091996299657
0.7181856830331887
0.7179532845084858
0.7177119564829398
0.717461693794323
0.7172024413598811
0.7169341894157252
0.716656978359478
0.7163708571239131
0.7160760046249037
0.7157728069583587
0.7154621526897714
0.7151462950512735
0.7148320365914184
0.714548688710502
0.7139545587551782
0.7136448768518746
0.7132864716870119
0.7129081937242009
0.7125152984217705
0.7121095602563711
0.7116916756169072
0.7112617724103285
0.7108197658939113
0.8206673880398169
0.7211961433317491
0.7211849726071519
0.7211655259623295
0.7211377956010921
0.7211017729037661
0.7210574483320371
0.7210048113505368
0.7209438503427468
0.7208745526011364
0.7207969043162322
0.7207108903939887
0.7206164943489972
0.7205136983832844
0.7204024831725127
0.7202828278324787
0.7201547098343991
0.7200181049370851
0.7198729871405836
0.7197193286440141
0.719557099806758
0.7193862694028733
0.7192068186297016
0.7190186644454855
0.7188218209272124
0.7186162317581669
0.7184018577499114
0.7181786592496829
0.7179465967048602
0.7177056064051446
0.7174557399356591
0.7171968854088029
0.716929089204717
0.7166522945746168
0.7163666438234856
0.7160722866533118
0.7157696070597499
0.7154594896828139
0.7151441757096113
0.7148304305020691
0.7145502919294483
0.7139557577227711
0.713646340917687
0.7132886191464323
0.7129111406520167
0.7125191258419193
0.7121143351610859
0.7116971154361065
0.7112686389398672
0.7108274418752583
0.8204975183300365
0.7211773111574556
0.7211667506830407
0.7211478717807387
0.7211206692197778
0.721085136705514
0.7210412670764577
0.720989052352699
0.7209284836982877
0.7208595511659531
0.7207822435270794
0.7206965484502809
0.7206024523121141
0.7204999398671583
0.7203889945197617
0.7202695979868424
0.7201417303032663
0.7200053696677524
0.7198604924804867
0.7197070732214141
0.7195450844744048
0.7193744972163219
0.7191952977066562
0.7190073945867035
0.7188108146117569
0.7186054993975157
0.7183914115295015
0.7181685127401223
0.7179367642144601
0.7176961754816785
0.7174465928563318
0.7171880983989225
0.7169208309699255
0.7166443211290574
0.7163591028332181
0.7160652018647804
0.715763001399501
0.7154533881155885
0.7151386094434128
0.7148254303987158
0.7145566711130973
0.7139536912996318
0.7136447644405263
0.713287212116391
0.7129103732384301
0.7125191166334779
0.7121151674621294
0.7116988094518243
0.7112713037736021
0.7108309023794048
0.8202911851484354
0.7211544210585789
0.7211445898123601
0.721126386934544
0.7210998095496349
0.7210648543897842
0.7210215175819092
0.7209697943427906
0.7209096787368942
0.7208411639190444
0.7207642423165889
0.720678904906149
0.7205851410877567
0.7204829391073713
0.7203722852629417
0.7202531643316611
0.7201255592452822
0.7199894510618051
0.7198448187729667
0.7196916394523327
0.7195298881108407
0.7193595380156479
0.7191805751577942
0.7189929169269251
0.7187965859313662
0.71859152728796
0.718377705440579
0.7181550835788656
0.7179236260283567
0.717683471827746
0.7174340760243046
0.7171759095371215
0.7169091453988408
0.7166328785025019
0.7163480514446848
0.7160545651261294
0.7157528027047693
0.7154436594620095
0.715129405071014
0.7148168379254987
0.714564713361034
0.7139493045702986
0.7136394702159904
0.7132820385956102
0.7129056763365273
0.7125150483169941
0.7121118431932838
0.7116969782058522
0.7112695310431902
0.7108302684151964
0.8200487676651727
0.7211275432711115
0.7211185538793695
0.7211011256328967
0.721075260204878
0.7210409584188979
0.7209982199471728
0.7209470434076983
0.7208874271921876
0.72081936931785
0.7207428658217458
0.7206579110640898
0.720564498942195
0.7204626212861185
0.7203522682296956
0.7202334279648068
0.7201060866697812
0.7199702285973998
0.7198258358228634
0.7196728881035189
0.7195113631534292
0.7193412365359901
0.7191624835974655
0.7189750630219454
0.7187789607368472
0.7185741360595739
0.7183605555323719
0.7181381835309926
0.7179069791483126
0.7176669248202023
0.7174179953348447
0.7171601294667931
0.7168932656057394
0.716617760699732
0.7163332822240575
0.7160401668564282
0.7157388001460688
0.7154300930162827
0.7151163635657954
0.714804485999993
0.7145595530763109
0.7139441187208064
0.7136293940665847
0.7132728592547256
0.7128968177173933
0.7125066775787495
0.7121040089753227
0.7116908648385569
0.7112630524091763
0.71082461123582
0.7210962443728033
0.7210968043970315
0.7210887369197152
0.7210721664600642
0.7210470887946148
0.7210135033878176
0.7209714112536882
0.7209208178202936
0.7208617301460283
0.7207941500971748
0.7207180760911481
0.7206335102748491
0.7205404525325821
0.7204388963614916
0.7203288367257268
0.720210267192752
0.7200831769436415
0.7199475537673894
0.7198033832021867
0.7196506481241783
0.7194893289436262
0.7193194037373141
0.7191408290945178
0.7189536295265381
0.7187577295966642
0.7185531113274295
0.7183397427921818
0.7181175897865075
0.7178866218903398
0.7176468507201189
0.7173981170616451
0.717140520907593
0.7168722425226819
0.7165987322111428
0.7163145584568668
0.716021769490988
0.7157207556869256
0.7154124524534767
0.7150992415467843
0.7147883378332636
0.7145089047080906
0.7139392325911993
0.7136170265929439
0.7132594428509207
0.712883505378437
0.7124937379051322
0.7120917351257363
0.7116796274771161
0.7112515839910711
0.7108132877721962
0.8194566410763408
0.7210623870651978
0.7210553101398787
0.721039657377885
0.7210154183053175
0.7209825899163104
0.720941170119278
0.7208911657928804
0.7208325928357527
0.7207654710548275
0.720689820960116
0.720605644944623
0.7205129205278197
0.7204116515262585
0.720301861066083
0.7201835327705597
0.720056659997813
0.719921242101991
0.7197772608639259
0.7196247068579537
0.7194635614910123
0.7192938068457077
0.719115389450409
0.718928367802226
0.7187326379301251
0.7185281935118988
0.7183150039089883
0.718093036286007
0.7178622718119916
0.7176226612661727
0.7173741710219574
0.7171167904371695
0.7168463102119003
0.7165755313741298
0.716291609355108
0.7159991004874725
0.7156983998014947
0.7153904615622064
0.7150777943627679
0.7147682543343468
0.7144152800377157
0.713929858290639
0.7135989427023369
0.713241489563791
0.7128654793125166
0.712475938246681
0.7120732773097636
0.7116627522055546
0.7112347989740168
0.7107971021692073
0.7210216431817708
0.7210244580158711
0.7210185456978054
0.7210038723909791
0.7209804764566692
0.7209483837884973
0.7209076107470741
0.7208581747958164
0.7208001015543533
0.7207334134568502
0.7206581215963221
0.7205742397253866
0.7204817856273207
0.7203807572373682
0.7202711616106963
0.7201530295911793
0.720026336418867
0.7198910562937126
0.7197472167131544
0.7195947939681789
0.7194337781824953
0.7192641510792759
0.7190858752302509
0.7188989681803939
0.7187033712959463
0.7184990647917148
0.7182860284113941
0.7180641998527191
0.7178335107213929
0.7175941476217794
0.7173458357145337
0.7170886205675954
0.716817526094603
0.7165478571054742
0.7162641175489903
0.7159718582661841
0.715671427146215
0.715363859065474
0.7150517513173315
0.71474349903782
0.7144266711233138
0.7139097448031192
0.7135767787805165
0.7132182182550835
0.7128424141796692
0.7124529598559062
0.7120511862633261
0.7116391817248076
0.7112123751083455
0.7107746430389498
0.7209795692163474
0.8187508069627001
0.7209789058103266
0.720965192591207
0.7209426098741427
0.7209111923991542
0.7208709808277185
0.7208220194835206
0.7207643391263472
0.7206979606888264
0.7206229174674317
0.7205392374263794
0.7204469411755356
0.7203460463362906
0.7202365605223578
0.7201185137024808
0.7199918643969438
0.7198566962181743
0.7197128655076899
0.7195606726279933
0.7193996436623635
0.7192300599044872
0.7190518599259735
0.7188650372896885
0.7186695339028002
0.7184653270465896
0.7182523866212058
0.7180306808143391
0.71780031784277
0.7175608992877057
0.7173127261592572
0.7170556530162937
0.7167873200290982
0.7165153093452779
0.71623173626771
0.7159396735555554
0.715639489192653
0.7153322596886096
0.715020781108614
0.714714861520116
0.7144911740453534
0.7138816465500106
0.7135497378383439
0.7131928018739631
0.7128139601921528
0.7124244554230135
0.7120228156265203
0.7116076462275681
0.71118394826134
0.7107460394770935
0.7209355393792944
0.8183318323840297
0.720937183227889
0.720924339247107
0.720902466432545
0.7208715822472573
0.7208317484091151
0.7207830411347913
0.7207255277644397
0.7206592466505048
0.7205842407227949
0.7205005624021478
0.7204082320287808
0.7203072840930984
0.720197741689607
0.7200796232159977
0.7199529377895585
0.7198176882514078
0.7196738824360355
0.7195215117901923
0.7193605218572752
0.7191910690880988
0.7190129227533366
0.7188262888265047
0.7186306435218519
0.71842646092239
0.7182136012331627
0.7179919678967177
0.7177616391394823
0.7175224268633484
0.7172743716899597
0.717017423647556
0.7167526395020327
0.7164773915123548
0.7161940234559623
0.715902138988107
0.7156021983260004
0.7152952997611736
0.7149845703489848
0.7146803199941956
0.7141460182361942
0.7138525872304791
0.7135166470333709
0.713164268683868
0.7127797313201644
0.7123900601707602
0.7119883882283196
0.7115711967420175
0.711149113039643
0.7107108151836611
0.7208916349712755
0.720898286680178
0.720895246455651
0.7208828466591042
0.7208612564417636
0.7208304949509049
0.7207906943934208
0.7207418331933653
0.7206840778094759
0.7206175204616858
0.7205421776203313
0.7204581277601849
0.7203654354794442
0.7202641349111003
0.720154270416685
0.7200358553119035
0.7199089127703517
0.7197734506496022
0.7196294672899446
0.7194769578457063
0.7193159125262404
0.7191463052768147
0.7189681047099779
0.718781370023194
0.7185860825104013
0.7183824709748688
0.7181687209789969
0.7179474444924828
0.7177171897699746
0.7174781169374622
0.7172301842243117
0.7169733493986592
0.716708672139006
0.7164336710842769
0.7161504731545989
0.7158586462395877
0.7155589910377488
0.7152525202777951
0.7149426584348956
0.714639100614559
0.7141467628106639
0.7138172857211916
0.7134776978204141
0.7131291143990094
0.7127393235662427
0.7123493337067419
0.7119474516872001
0.7115337549160172
0.7111074261872359
0.710668497846867
0.7208504611091489
0.8173652036281067
0.7208555724306778
0.7208433579547965
0.7208214031832388
0.7207899671832978
0.7207493402027672
0.7206996699729505
0.7206409389538071
0.7205732691495389
0.7204968923170383
0.7204118283582788
0.7203181851245615
0.720216043481702
0.7201053788847094
0.7199863258667007
0.7198588444846866
0.7197229362052922
0.7195786027522202
0.719425831757552
0.7192646010609101
0.7190948963181406
0.7189166411820589
0.7187298544368752
0.7185344687464739
0.7183304478562326
0.7181177459363467
0.7178963041854458
0.7176679532183313
0.7174273579655359
0.7171793573816718
0.716922702863517
0.7166555372372361
0.7163837351753084
0.7161004742295446
0.7158089592940294
0.7155094807846198
0.7152034334067381
0.714894738291765
0.7146046846437029
0.7140821501465168
0.7137752958111265
0.7134321921291421
0.7130677126528554
0.7126919984757364
0.7123010301626833
0.7118995600937252
0.7114840809142948
0.7110592028375593
0.710618183024362
0.7208228680459883
0.7208299476204425
0.7208261126735548
0.7208118179248926
0.7207878463824577
0.7207545901331895
0.7207118063121645
0.7206593481837857
0.7205977734089886
0.720527560939763
0.7204486583445358
0.720361352337653
0.7202657259831453
0.7201617936135383
0.7200496791545777
0.7199293971307515
0.7198009366682961
0.7196642904777943
0.7195194491628631
0.7193662988120173
0.7192048380627214
0.7190350201131903
0.7188567829006565
0.7186700726013352
0.7184748303874416
0.718271002597951
0.71805848637703
0.717837393497193
0.7176075577024063
0.7173695416512478
0.7171265886628573
0.7168649465290817
0.7165959723162931
0.7163266785910867
0.7160432578093993
0.7157519759506342
0.7154528452046058
0.715147405017769
0.7148403652893451
0.7145367832558317
0.714024551480365
0.7137255273495073
0.7133794383156897
0.7130084741584535
0.7126373615585981
0.7122463839821142
0.7118444604345969
0.7114280168694567
0.7110001908056892
0.7105606743742948
0.7208404076136379
0.7208455592686258
0.7208349115749063
0.7208100208936687
0.7207773586983213
0.7207381912610654
0.7206895871015252
0.7206295203248692
0.7205600767278578
0.7204831972529364
0.7203980784722812
0.7203055812056256
0.7202056183705816
0.7200981209241448
0.7199832236360669
0.7198608412681855
0.7197309916841717
0.7195933980088111
0.7194479885408069
0.719294623172315
0.7191331818884685
0.7189634726771666
0.7187857955084808
0.7185994212948175
0.7184046498478782
0.7182013083637708
0.7179894453065614
0.7177687649732343
0.7175394010069138
0.717301236277635
0.7170540586593585
0.7167988632880578
0.7165386681790676
0.7162606662319404
0.7159778233230046
0.7156869043807088
0.7153882873767203
0.7150831858080287
0.7147788434553594
0.7144900665944609
0.7139870190839519
0.7136678156394322
0.7133188915710791
0.7129498463370152
0.7125799078307582
0.7121837294540831
0.7117809857817791
0.7113637941218763
0.710933465852395
0.7104912438254073
nan
nan
nan
nan
nan
nan
nan
nan
nan
nan
nan
0.7202220940515129
0.720117846067565
0.7200048053739062
0.7198873361008421
0.7197640342854061
0.7196343166046322
0.7194975684470742
0.7193534418316431
0.719201605053854
0.7190418315787296
0.7188738664066561
0.7186976017310724
0.7185129475400986
0.7183211982102551
0.7181177611157136
0.717907206842673
0.7176877736018109
0.7174594815800563
0.7172223747987874
0.7169762498759022
0.716721092350135
0.7164564882291165
0.716188457744396
0.7159024588971878
0.7156123225162925
0.7153146203171821
0.7150113431089566
0.7147106309872433
0.714516186054118
0.7139285708683438
0.7136011720692661
0.7132498099552909
0.7128823978282379
0.7125251318769559
0.7121119720406685
0.7117088229967936
0.7112907141502641
0.7108610649375924
0.7104207913120818
nan
nan
nan
nan
nan
nan
nan
nan
nan
nan
nan
nan
nan
nan
nan
nan
nan
nan
0.7191530132659069
0.7190429289933165
0.7189016140505904
0.718745309539371
0.7185768153355832
0.7183990496769629
0.7182108176829044
0.7180131189068863
0.717806325925195
0.7175901436011609
0.7173634538708472
0.7171289445371801
0.7168844670293533
0.7166311695074389
0.7163691341018193
0.7160991486332645
0.7158177767514783
0.7155269190782868
0.7152193534205793
0.7149285746575044
0.71463390796129
0.7140699661632857
0.7138556922671475
0.7135245360749085
0.7131712593640189
0.7128030809617234
0.712624122521039
0.7120313929397224
0.7116267659450746
0.711208424853975
0.710776509596599
0.7103307190447375
nan
nan
nan
nan
nan
nan
nan
nan
nan
nan
nan
nan
nan
nan
nan
nan
nan
nan
nan
nan
nan
nan
0.7183363209896931
0.7182149291754141
0.718050936716663
0.7178692542432746
0.7176729038068084
0.7174644739064671
0.7172448344262204
0.717013853093917
0.7167748422764887
0.7165245196217349
0.7162654331694784
0.7159981275948263
0.7157188667527965
0.7154321515274561
0.7151396610361963
0.7148645650626786
0.7145325551638788
0.7140676519826424
0.7137733445204666
0.713437139236083
0.7130822356376662
0.7127135619868907
0.7122205559850288
0.7119400434028204
0.711533651153942
0.7111149704684179
0.7106813739141007
0.7102322046589258
0.7146575965252693
0.714352000437063
0.7146905925609089
0.7145895615344453
0.7180295538659165
nan
nan
nan
nan
nan
nan
nan
nan
nan
nan
nan
nan
nan
nan
nan
nan
nan
nan
nan
nan
0.7175949149008229
0.7174640384726907
0.7172859787423577
0.7170859600062434
0.7168693057776422
0.7166383784089588
0.7163954793609464
0.7161381751279388
0.7158799716109983
0.7156033269692628
0.7153205526516175
0.7150282547152836
0.7147353792610038
0.7144197121229119
0.713991778540779
0.7136752627359289
0.7133365128263011
0.7129812173504432
0.7126129429615048
0.7122132914688255
0.7118370911362965
0.7114247393279431
0.711011830464312
0.7105728742320065
0.7101467783261651
0.7164529853730568
0.7163981185012613
0.7162829080181907
0.7161307507794193
0.71468700870762
0.7146425477301861
0.7148334234061424
0.7181666083264665
nan
nan
nan
nan
nan
nan
nan
nan
nan
nan
nan
nan
nan
nan
nan
nan
nan
nan
nan
0.7168948782174435
0.7168276245220369
0.7166560409458763
0.7164544359748088
0.7162281683260434
0.7159689428622815
0.7157368629783412
0.7154658700016423
0.7151883070446143
0.7149022682441133
0.7146228778636166
0.7143711103188926
0.7138876537825494
0.7135276371811805
0.7132174791225119
0.7128668996533362
0.7124984959644046
0.7121117630078727
0.7117263985980626
0.7112960454694549
0.710890865427753
0.7104428932096667
0.7096982493487817
0.7165223681881809
0.7165725419791144
0.716530117898574
0.716684402565205
0.7166573338459515
0.7164821961895419
0.7163714461569147
0.7144938661678834
0.7147796438746851
nan
nan
nan
nan
nan
nan
nan
nan
nan
nan
nan
nan
nan
nan
nan
nan
nan
nan
nan
nan
0.716181802503359
0.7161565510587639
0.7159941535796898
0.7156512215955915
0.7155519511964126
0.7153388802643248
0.7150303506464935
0.7147557578882888
0.7144902771099774
0.7140288859421131
0.7137474689906189
0.7134427664699015
0.7130954003087746
0.7127183502879644
0.712368644487873
0.7119810101168483
0.7115979814066422
0.7111782866613634
0.7107627099760627
0.7097231488851656
0.7098509668079017
0.7161173399987603
0.7161975859297748
0.7162366100760119
0.7163738740255297
0.7164807965141253
0.7164692098864576
0.71668266110593
0.7165508759740726
0.7164469453644582
0.7144662098601557
0.7184013937507134
nan
nan
nan
nan
nan
nan
nan
nan
nan
nan
nan
nan
nan
nan
nan
nan
nan
nan
nan
nan
0.7154923480239715
0.7155158131951245
0.7153029271125484
0.7150817183933272
0.7148389452608276
0.7145914506895974
0.7142516747332602
0.7139123923265782
0.7136072432808934
0.7132921313860903
0.7129442529510494
0.7126689559572676
0.7121679312791445
0.7118472672846757
0.7114512067748466
0.7110305491514651
0.7099801817020981
0.7103039976148688
0.7097374533104536
0.7155844681341124
0.7156833383589356
0.7158329098655791
0.7159644946840603
0.7161016444944796
0.7162325609043667
0.7163856372197093
0.7165445508357917
0.7166986723210509
0.7165140587867623
0.714536897068953
0.7134744891652105
nan
nan
nan
nan
nan
nan
nan
nan
nan
nan
nan
nan
nan
nan
nan
nan
nan
nan
nan
nan
nan
0.7148796348360595
0.7147748689547465
0.7145970766648724
0.714318466297828
0.7139581426910437
0.7137279059049483
0.7134288652754086
0.713136580010666
0.7127818658096935
0.7124374736436521
0.7121036250523685
0.7117076257891773
0.7112749474247857
0.7112373892739752
0.7105364783202801
0.7100485882006982
0.7095740531026598
0.7148436390212134
0.7150374891277528
0.7152098564529326
0.715379726260306
0.7155601193140079
0.7157344338101079
0.7159267142441266
0.7161254702435611
0.7163432762919781
0.7165631031620925
0.716546608089671
0.7165279409877526
0.7141574089454353
nan
nan
nan
nan
nan
nan
nan
nan
nan
nan
nan
nan
nan
nan
nan
nan
nan
nan
nan
nan
nan
0.7140114393397662
0.7140988605722357
0.7139539730436051
0.713755432824007
0.7134891088853912
0.713208666012672
0.712832494177174
0.7125890504627101
0.7122467375490653
0.7118887769799336
0.7116115409393758
0.7118224751782598
0.710668798580199
0.7103072702373854
0.7098575965645186
0.7094021852807646
0.7139772233338311
0.7141800464772097
0.7143901617894584
0.7146066273975828
0.7148270673713399
0.7150513327951562
0.715270705606559
0.7155113779374251
0.7157577525928982
0.7160142958404202
0.7163312054047006
0.7165615986221737
0.716594768630865
0.71420667536956
nan
nan
nan
nan
nan
nan
nan
nan
nan
nan
nan
nan
nan
nan
nan
nan
nan
nan
nan
nan
nan
nan
0.7134676902088897
0.7133581139240042
0.7131828176611468
0.7129359567177296
0.7126464376526891
0.712296643184977
0.7119900412339288
0.7117560231589399
0.711847794468726
0.7106470824846569
0.7105613882200492
0.7100488504588117
0.7096573468618372
0.7091721118667449
0.7129582302432566
0.7131856303896317
0.7134228189485292
0.7136668816138875
0.7139193313213653
0.7141758635948318
0.7144441426941988
0.7147174862514856
0.7149995201094584
0.7152839838213851
0.7156577430104395
0.7159861353113423
0.7164885151046985
0.7166856447193584
0.714280213903352
nan
nan
nan
nan
nan
nan
nan
nan
nan
nan
nan
nan
nan
nan
nan
nan
nan
nan
nan
nan
nan
nan
0.7127421214440209
nan
0.7127718833789787
0.7125098535379518
0.7121666705142329
0.7118084553753256
0.711509988732225
0.7111572737199024
0.7108391572654934
0.7102509529952019
0.7098713534205241
0.7091158176453298
0.7086780147122125
0.7118437087878751
0.71208775289823
0.8082282177579215
0.8084044805636114
0.7128823626642599
0.7131666229931668
0.7134601071563363
0.7137654595889189
0.7140764089696761
0.7144087849768277
0.7147488973552556
0.7151291567795088
0.7155672431832384
0.7161328825450131
0.7166481943436326
0.7143489958366089
nan
nan
nan
nan
nan
nan
nan
nan
nan
nan
nan
nan
nan
nan
nan
nan
nan
nan
nan
nan
nan
nan
nan
0.711971200280956
0.7119680369431398
0.7107260200803153
0.7116217227927878
0.7112032812339971
0.7108429003387655
0.7105542151871007
0.710076109406607
0.709704901596812
0.709234553930902
0.7090796618212566
0.8071067178573754
0.8072770246904148
0.8074560348143618
0.8076420773944175
0.8078368784098241
0.8080394210696894
0.8082497555428039
0.7127010199074875
0.7130389380326553
0.7133888483089623
0.7137508160003501
0.7141348589148848
0.714552165867117
0.7150160998430459
0.7155002994753974
0.7164181584545182
0.7144402712630292
nan
nan
nan
nan
nan
nan
nan
nan
nan
nan
nan
nan
nan
nan
nan
nan
nan
nan
nan
nan
nan
nan
nan
0.7123925264154025
0.7112005561892485
0.7111798558126307
0.7110076990499568
0.7105428543928836
0.7102285997977004
0.7097848806274744
0.7091637173646103
0.7087577974450169
0.7088039492075817
0.8062803975703545
0.8064563844413548
0.806642191615922
0.8068371861586199
0.8070410415049065
0.807253662486845
0.8074747807900694
0.807704822659725
0.8079433720189787
0.7122866560916153
0.7126635765110583
0.7183554864710935
0.7183219523890914
0.7139477220953077
0.7144519313445942
0.7151808892034149
0.7159762097014787
0.7146058954671264
nan
nan
nan
nan
nan
nan
nan
nan
nan
nan
nan
nan
nan
nan
nan
nan
nan
nan
nan
nan
nan
nan
nan
nan
0.709954589969356
0.7103452046622604
0.7102565887026264
nan
0.7094343708860718
0.709096525430895
0.7090769363413154
0.7092658364112108
0.8054201469309729
0.8056118887194541
0.8057961945173615
0.8059981440865706
0.8062098554136363
0.8064310817538639
0.8066617259473032
0.8069017266100237
0.8071511095956355
0.8074102258191869
0.807678274868312
0.7181838047334961
0.7181499755508036
0.7180966796266304
0.7180528588359956
0.718007667059716
0.7145703511973374
0.7156584067885801
0.7126995473716518
nan
nan
nan
nan
nan
nan
nan
nan
nan
nan
nan
nan
nan
nan
nan
nan
nan
nan
nan
nan
nan
nan
nan
nan
nan
nan
nan
0.7089642793752395
0.7095270296248379
0.708523812852279
0.7080869987697664
0.8045448280150375
0.8047252894854382
0.8049218332641437
0.8051298853511681
0.8053485640124627
0.8055775173805362
0.8058165440260623
0.8060655371899712
0.8063245847017254
0.8065933225619036
0.8068726951956738
0.7179970929029844
0.7179673584811468
0.717922903139758
0.7178658620346146
0.7177977459173908
0.7177272913041849
0.7139396241724988
0.7150192578884416
0.7125500128284519
nan
nan
nan
nan
nan
nan
nan
nan
nan
nan
nan
nan
nan
nan
nan
nan
nan
nan
nan
nan
nan
nan
nan
nan
nan
nan
nan
0.7086662878853517
nan
nan
0.8036041602200494
0.8038042889889532
0.8040123248076514
0.8042239965247859
0.8044592654673084
0.8046960612758929
0.8049429381279689
0.8052004053803105
0.8054682902183407
0.8057468731639887
0.8060356848658601
0.7177939338621859
0.7177704809717913
0.7177317599520059
0.7176765288870535
0.7176052041715528
0.7175182033180154
0.7174247469722055
0.7133409304395153
0.7142186301743464
nan
nan
nan
nan
nan
nan
nan
nan
nan
nan
nan
nan
nan
nan
nan
nan
nan
nan
nan
nan
nan
nan
nan
nan
nan
nan
nan
nan
nan
nan
0.8026346659636353
0.8024956324579355
0.8030539457969395
0.8032989005548363
0.8035391200636803
0.8037862358921788
0.8040419697795804
0.8043061455704745
0.804586489089995
0.8048727236401151
0.8051708334910657
0.8054798258971966
0.7175574551031547
0.7175253824535301
0.7174754788501407
0.7174090325278208
0.71732286806626
0.7172177581595958
0.7170854646307746
0.7169585944621188
0.7136702833489641
nan
nan
nan
nan
nan
nan
nan
nan
nan
nan
nan
nan
nan
nan
nan
nan
nan
nan
nan
nan
nan
nan
nan
nan
nan
nan
nan
nan
nan
0.8018202891805618
0.8019927021286469
0.8022250042468808
0.8024031914987624
0.8025565343018615
0.8028371050134702
0.803108486563293
0.8033866478706568
0.8036719710442226
0.8039662732333084
0.8042706490455642
0.8046039001548881
0.8049306754644705
0.7173019038956144
0.7172617527408685
0.7172006216784017
0.7171183087287455
0.7170520306863696
0.7168942145922903
0.7167375360964586
0.7165691706113226
nan
nan
nan
nan
nan
nan
nan
nan
nan
nan
nan
nan
nan
nan
nan
nan
nan
nan
nan
nan
nan
nan
nan
nan
nan
nan
nan
nan
nan
0.7990654462525604
0.8007674363931003
0.8011095191176812
0.8013763544969269
0.801622598912743
0.801890797226281
0.8021612256319255
0.802428835040308
0.802419313132349
0.8030371624764876
0.8033522966682881
0.8036776678365188
0.8040091018749462
0.7170718038178078
0.7170271157883575
0.716971062216359
0.7169066226825165
0.7168115775436693
0.71668692749491
0.7165244653540609
0.7163233929941364
0.7157575865207837
nan
nan
nan
nan
nan
nan
nan
nan
nan
nan
nan
nan
nan
nan
nan
nan
nan
nan
nan
nan
nan
nan
nan
nan
nan
nan
nan
0.7099287259166355
0.799989771963759
0.7999779820759234
0.799989732698814
0.8000257931198977
0.7999731808867303
0.799094195451889
0.8010674452116284
0.8014458498677662
0.8017276338809124
0.8020460624609277
0.8023350418020976
0.8027767715673386
0.8030787030999635
0.7167898996581183
0.716754099632235
0.7166745970101276
0.716667088561461
0.7165753264669319
0.7164784908332154
0.7162725693946752
0.7161651016556068
0.7157684742618222
0.7111786238099825
nan
nan
nan
nan
nan
nan
nan
nan
nan
nan
nan
nan
nan
nan
nan
nan
nan
nan
nan
nan
nan
nan
nan
nan
nan
nan
nan
0.7956615559956768
0.8000479853062794
0.800022566595953
0.8000024956403139
0.7999993433465987
0.8000004467983354
0.8000084850505617
0.8000310475619689
0.7999448685007873
0.8008467440485738
0.801307216760847
0.8017020978231902
0.8020825799163476
0.8023534103101071
0.716376633138421
0.7164366193103832
0.7163661672419246
0.71633159136417
0.7162683576831748
0.7161988940531416
0.7159672138660325
0.7157085769465028
0.7154635673748586
nan
nan
nan
nan
nan
nan
nan
nan
nan
nan
nan
nan
nan
nan
nan
nan
nan
nan
nan
nan
nan
nan
nan
nan
nan
nan
nan
0.7147533728427755
0.7983150556677531
0.798984793474116
0.7997512378881221
0.7999840394739246
0.8001635904899799
0.799961515479651
0.8000156035697612
0.8000028664786369
0.7999966641817863
0.8000008408580023
0.8000585653180712
0.8008101971108691
0.8014596494547758
0.8018709662199544
0.7161793518433592
0.7159005410486887
0.7159886239646343
0.7158727527835027
0.7155655017200677
0.7154284020266733
0.7155510741977299
0.7153827006195194
nan
nan
nan
nan
nan
nan
nan
nan
nan
nan
nan
nan
nan
nan
nan
nan
nan
nan
nan
nan
nan
nan
nan
nan
nan
nan
nan
0.7963232612961005
0.7979494883940816
0.796162224789568
0.7975168323418884
0.7972594759139516
0.7982921514783401
0.798599492304602
0.7987792454629774
0.7992587756911322
0.7999446009884187
0.8000107313782482
0.7999975971727193
0.7999999434780986
0.7999875307553155
0.7997374519601381
0.799975114065766
0.7156847669137648
0.715835603814533
0.7154064059231252
0.7927444625432422
0.7153927172385572
nan
nan
nan
nan
nan
nan
nan
nan
nan
nan
nan
nan
nan
nan
nan
nan
nan
nan
nan
nan
nan
nan
nan
nan
nan
nan
nan
nan
nan
0.7142947027651168
0.795977426344464
0.7146095979617991
0.7961865296181148
0.7963939706326246
0.7969531929948439
0.7973470726688768
0.797816672947613
0.7981930358964859
0.7980747273274957
0.7989246918560695
0.7992667622105668
0.8000241863460875
0.7999997572755398
0.8000010515955954
0.8000003333095445
0.7961094137267961
0.7964626383982472
0.7138088762405022
0.7140035775241534
0.7119946661729717
nan
nan
nan
nan
nan
nan
nan
nan
nan
nan
nan
nan
nan
nan
nan
nan
nan
nan
nan
nan
nan
nan
nan
nan
nan
nan
nan
nan
nan
0.7131448071256481
0.7143498175626057
0.7940728006743565
0.7150129734411644
0.7960933160253512
0.7993233914035491
0.7977876854147254
0.7968037113484697
0.7969834842766101
0.7972298909534159
0.7975133001923715
0.7983525641378932
0.7982061372209256
0.7991102282783699
0.7999236669010568
0.7999945822678485
0.7149586216646457
0.7147237022255504
0.7144203084899389
0.7153750062410582
0.7150076139505528
0.7918041869393858
nan
nan
nan
nan
nan
nan
nan
nan
nan
nan
nan
nan
nan
nan
nan
nan
nan
nan
nan
nan
nan
nan
nan
nan
nan
nan
nan
nan
0.7109877300026083
0.7121528846241839
0.7933116784017397
0.7951166403951118
0.714019904234462
0.7146376678886972
0.7982290757662933
0.7959572534652702
0.7963481779522495
0.7964809406820637
0.7965665150270256
0.7966703821711403
0.797083979767928
0.7975197337261128
0.7982456345771527
0.7961057891584697
0.7986039212125071
0.7144220808133008
0.7146811472784207
0.7141025398540788
0.7136294814526218
nan
nan
nan
nan
nan
nan
nan
nan
nan
nan
nan
nan
nan
nan
nan
nan
nan
nan
nan
nan
nan
nan
nan
nan
nan
nan
nan
nan
nan
nan
nan
0.7127399796128335
0.7128347771388914
0.7932636741881023
0.7937445022937037
0.7941515666333544
0.7979256674860031
0.7962121796019106
0.7962840831650388
0.7963295362124858
0.7963800990918614
0.7963793516426836
0.796320982410472
0.7962157315178582
0.7982772247212299
0.7980932481262755
0.7148646603300168
0.713933864061658
0.7125541423294447
0.7118342018774202
nan
nan
nan
nan
nan
nan
nan
nan
nan
nan
nan
nan
nan
nan
nan
nan
nan
nan
nan
nan
nan
nan
nan
nan
nan
nan
nan
nan
nan
nan
nan
nan
nan
0.713682993305585
0.7130409602013943
0.7933235835749244
0.7935213799513832
0.794050014758364
0.7148532258082266
0.7974269145718291
0.7961366435010031
0.7963149143692987
0.7963550851609821
0.7963502366018592
0.7962147459466107
0.7962110792795234
0.7150141142167743
0.7940716157560122
0.7130670525812638
0.7117762767097235
0.7115229602144707
nan
nan
nan
nan
nan
nan
nan
nan
nan
nan
nan
nan
nan
nan
nan
nan
nan
nan
nan
nan
nan
nan
nan
nan
nan
nan
nan
nan
nan
nan
nan
nan
0.7133671405766906
0.7919606829932408
0.7920831775215473
0.7923457316037816
0.7927351021952724
0.7933441643168703
0.7940203463391009
0.7961064040772348
0.7962307354595444
0.7961040037298337
0.796351490484261
0.7964068182413877
0.7964294503898485
0.7963941205227476
0.7941220890784146
0.7940779409998291
0.7116888382588538
0.7079796280925801
nan
nan
nan
nan
nan
nan
nan
nan
nan
nan
nan
nan
nan
nan
nan
nan
nan
nan
nan
nan
nan
nan
nan
nan
nan
nan
nan
nan
nan
nan
nan
nan
nan
nan
nan
0.7917534878178988
0.7917301138861301
0.7921232724036354
0.7926486125858793
0.7930702584088963
0.7941031413685707
0.7137193399909932
0.7148159943413196
0.7963812241567382
0.7964858763330469
0.7122283966500507
0.7135798467597528
0.714525447795954
0.7120909262576677
0.7922538499152387
nan
nan
nan
nan
nan
nan
nan
nan
nan
nan
nan
nan
nan
nan
nan
nan
nan
nan
nan
nan
nan
nan
nan
nan
nan
nan
nan
nan
nan
nan
nan
nan
nan
nan
0.7149605702127614
nan
0.712347814148089
0.7912015677632231
0.7914175794556297
0.7920182247367517
0.7927196985362441
0.7931764181073788
0.7135262681977131
0.714508056283658
0.7137628841456395
0.7147156243855342
0.7117990601381369
0.7124932815721112
0.7130769685324789
nan
nan
nan
nan
nan
nan
nan
nan
nan
nan
nan
nan
nan
nan
nan
nan
nan
nan
nan
nan
nan
nan
nan
nan
nan
nan
nan
nan
nan
nan
nan
nan
nan
nan
0.7862985815442372
nan
nan
nan
0.7150126519334145
0.7902934831919048
0.7908040631726989
0.7913432672313672
0.7921277054058293
0.7117806673505973
0.7122379640155069
0.7119169552958535
0.7142501605776105
0.7148717662218795
0.7129484206233443
0.7116810043087818
nan
nan
nan
nan
nan
nan
nan
nan
nan
nan
nan
nan
nan
nan
nan
nan
nan
nan
nan
nan
nan
nan
nan
nan
nan
nan
nan
nan
nan
