0.0
3.429244576970035e-09
1.371697830788014e-08
3.086320119273032e-08
5.486791323152056e-08
8.573111442425087e-08
1.2345280477092128e-07
1.680329842715317e-07
2.1947165292608225e-07
2.7776881073457286e-07
3.429244576970035e-07
4.1493859381337425e-07
4.938112190836851e-07
5.795423335079358e-07
6.721319370861268e-07
7.715800298182579e-07
8.77886611704329e-07
9.910516827443404e-07
1.1110752429382914e-06
1.2379572922861827e-06
1.371697830788014e-06
1.5122968584437853e-06
1.659754375253497e-06
1.8140703812171487e-06
1.9752448763347405e-06
2.143277860606271e-06
2.318169334031743e-06
2.499919296611155e-06
2.6885277483445074e-06
2.8839946892318002e-06
3.0863201192730316e-06
3.295504038468204e-06
3.511546446817316e-06
3.734447344320369e-06
3.964206730977361e-06
4.200824606788292e-06
4.444300971753166e-06
4.694635825871978e-06
4.951829169144731e-06
5.215881001571424e-06
5.486791323152056e-06
5.764560133886628e-06
6.049187433775141e-06
6.340673222817595e-06
6.639017501013988e-06
6.944220268364321e-06
7.256281524868595e-06
7.575201270526807e-06
7.900979505338962e-06
8.233616229305054e-06
0.0
3.429244576970035e-09
1.371697830788014e-08
3.086320119273032e-08
5.486791323152056e-08
8.573111442425087e-08
1.2345280477092128e-07
1.680329842715317e-07
2.1947165292608225e-07
2.7776881073457286e-07
3.429244576970035e-07
4.1493859381337425e-07
4.938112190836851e-07
5.795423335079358e-07
6.721319370861268e-07
7.715800298182579e-07
8.77886611704329e-07
9.910516827443404e-07
1.1110752429382914e-06
1.2379572922861827e-06
1.371697830788014e-06
1.5122968584437853e-06
1.659754375253497e-06
1.8140703812171487e-06
1.9752448763347405e-06
2.143277860606271e-06
2.318169334031743e-06
2.499919296611155e-06
2.6885277483445074e-06
2.8839946892318002e-06
3.0863201192730316e-06
3.295504038468204e-06
3.511546446817316e-06
3.734447344320369e-06
3.964206730977361e-06
4.200824606788292e-06
4.444300971753166e-06
4.694635825871978e-06
4.951829169144731e-06
5.215881001571424e-06
5.486791323152056e-06
5.764560133886628e-06
6.049187433775141e-06
6.340673222817595e-06
6.639017501013988e-06
6.944220268364321e-06
7.256281524868595e-06
7.575201270526807e-06
7.900979505338962e-06
8.233616229305054e-06
0.0
3.429244576970035e-09
1.371697830788014e-08
3.086320119273032e-08
5.486791323152056e-08
8.573111442425087e-08
1.2345280477092128e-07
1.680329842715317e-07
2.1947165292608225e-07
2.7776881073457286e-07
3.429244576970035e-07
4.1493859381337425e-07
4.938112190836851e-07
5.795423335079358e-07
6.721319370861268e-07
7.715800298182579e-07
8.77886611704329e-07
9.910516827443404e-07
1.1110752429382914e-06
1.2379572922861827e-06
1.371697830788014e-06
1.5122968584437853e-06
1.659754375253497e-06
1.8140703812171487e-06
1.9752448763347405e-06
2.143277860606271e-06
2.318169334031743e-06
2.499919296611155e-06
2.6885277483445074e-06
2.8839946892318002e-06
3.0863201192730316e-06
3.295504038468204e-06
3.511546446817316e-06
3.734447344320369e-06
3.964206730977361e-06
4.200824606788292e-06
4.444300971753166e-06
4.694635825871978e-06
4.951829169144731e-06
5.215881001571424e-06
5.486791323152056e-06
5.764560133886628e-06
6.049187433775141e-06
6.340673222817595e-06
6.639017501013988e-06
6.944220268364321e-06
7.256281524868595e-06
7.575201270526807e-06
7.900979505338962e-06
8.233616229305054e-06
0.0
3.429244576970035e-09
1.371697830788014e-08
3.086320119273032e-08
5.486791323152056e-08
8.573111442425087e-08
1.2345280477092128e-07
1.680329842715317e-07
2.1947165292608225e-07
2.7776881073457286e-07
3.429244576970035e-07
4.1493859381337425e-07
4.938112190836851e-07
5.795423335079358e-07
6.721319370861268e-07
7.715800298182579e-07
8.77886611704329e-07
9.910516827443404e-07
1.1110752429382914e-06
1.2379572922861827e-06
1.371697830788014e-06
1.5122968584437853e-06
1.659754375253497e-06
1.8140703812171487e-06
1.9752448763347405e-06
2.143277860606271e-06
2.318169334031743e-06
2.499919296611155e-06
2.6885277483445074e-06
2.8839946892318002e-06
3.0863201192730316e-06
3.295504038468204e-06
3.511546446817316e-06
3.734447344320369e-06
3.964206730977361e-06
4.200824606788292e-06
4.444300971753166e-06
4.694635825871978e-06
4.951829169144731e-06
5.215881001571424e-06
5.486791323152056e-06
5.764560133886628e-06
6.049187433775141e-06
6.340673222817595e-06
6.639017501013988e-06
6.944220268364321e-06
7.256281524868595e-06
7.575201270526807e-06
7.900979505338962e-06
8.233616229305054e-06
0.0
3.429244576970035e-09
1.371697830788014e-08
3.086320119273032e-08
5.486791323152056e-08
8.573111442425087e-08
1.2345280477092128e-07
1.680329842715317e-07
2.1947165292608225e-07
2.7776881073457286e-07
3.429244576970035e-07
4.1493859381337425e-07
4.938112190836851e-07
5.795423335079358e-07
6.721319370861268e-07
7.715800298182579e-07
8.77886611704329e-07
9.910516827443404e-07
1.1110752429382914e-06
1.2379572922861827e-06
1.371697830788014e-06
1.5122968584437853e-06
1.659754375253497e-06
1.8140703812171487e-06
1.9752448763347405e-06
2.143277860606271e-06
2.318169334031743e-06
2.499919296611155e-06
2.6885277483445074e-06
2.8839946892318002e-06
3.0863201192730316e-06
3.295504038468204e-06
3.511546446817316e-06
3.734447344320369e-06
3.964206730977361e-06
4.200824606788292e-06
4.444300971753166e-06
4.694635825871978e-06
4.951829169144731e-06
5.215881001571424e-06
5.486791323152056e-06
5.764560133886628e-06
6.049187433775141e-06
6.340673222817595e-06
6.639017501013988e-06
6.944220268364321e-06
7.256281524868595e-06
7.575201270526807e-06
7.900979505338962e-06
8.233616229305054e-06
0.0
3.429244576970035e-09
1.371697830788014e-08
3.086320119273032e-08
5.486791323152056e-08
8.573111442425087e-08
1.2345280477092128e-07
1.680329842715317e-07
2.1947165292608225e-07
2.7776881073457286e-07
3.429244576970035e-07
4.1493859381337425e-07
4.938112190836851e-07
5.795423335079358e-07
6.721319370861268e-07
7.715800298182579e-07
8.77886611704329e-07
9.910516827443404e-07
1.1110752429382914e-06
1.2379572922861827e-06
1.371697830788014e-06
1.5122968584437853e-06
1.659754375253497e-06
1.8140703812171487e-06
1.9752448763347405e-06
2.143277860606271e-06
2.318169334031743e-06
2.499919296611155e-06
2.6885277483445074e-06
2.8839946892318002e-06
3.0863201192730316e-06
3.295504038468204e-06
3.511546446817316e-06
3.734447344320369e-06
3.964206730977361e-06
4.200824606788292e-06
4.444300971753166e-06
4.694635825871978e-06
4.951829169144731e-06
5.215881001571424e-06
5.486791323152056e-06
5.764560133886628e-06
6.049187433775141e-06
6.340673222817595e-06
6.639017501013988e-06
6.944220268364321e-06
7.256281524868595e-06
7.575201270526807e-06
7.900979505338962e-06
8.233616229305054e-06
0.0
3.429244576970035e-09
1.371697830788014e-08
3.086320119273032e-08
5.486791323152056e-08
8.573111442425087e-08
1.2345280477092128e-07
1.680329842715317e-07
2.1947165292608225e-07
2.7776881073457286e-07
3.429244576970035e-07
4.1493859381337425e-07
4.938112190836851e-07
5.795423335079358e-07
6.721319370861268e-07
7.715800298182579e-07
8.77886611704329e-07
9.910516827443404e-07
1.1110752429382914e-06
1.2379572922861827e-06
1.371697830788014e-06
1.5122968584437853e-06
1.659754375253497e-06
1.8140703812171487e-06
1.9752448763347405e-06
2.143277860606271e-06
2.318169334031743e-06
2.499919296611155e-06
2.6885277483445074e-06
2.8839946892318002e-06
3.0863201192730316e-06
3.295504038468204e-06
3.511546446817316e-06
3.734447344320369e-06
3.964206730977361e-06
4.200824606788292e-06
4.444300971753166e-06
4.694635825871978e-06
4.951829169144731e-06
5.215881001571424e-06
5.486791323152056e-06
5.764560133886628e-06
6.049187433775141e-06
6.340673222817595e-06
6.639017501013988e-06
6.944220268364321e-06
7.256281524868595e-06
7.575201270526807e-06
7.900979505338962e-06
8.233616229305054e-06
0.0
3.429244576970035e-09
1.371697830788014e-08
3.086320119273032e-08
5.486791323152056e-08
8.573111442425087e-08
1.2345280477092128e-07
1.680329842715317e-07
2.1947165292608225e-07
2.7776881073457286e-07
3.429244576970035e-07
4.1493859381337425e-07
4.938112190836851e-07
5.795423335079358e-07
6.721319370861268e-07
7.715800298182579e-07
8.77886611704329e-07
9.910516827443404e-07
1.1110752429382914e-06
1.2379572922861827e-06
1.371697830788014e-06
1.5122968584437853e-06
1.659754375253497e-06
1.8140703812171487e-06
1.9752448763347405e-06
2.143277860606271e-06
2.318169334031743e-06
2.499919296611155e-06
2.6885277483445074e-06
2.8839946892318002e-06
3.0863201192730316e-06
3.295504038468204e-06
3.511546446817316e-06
3.734447344320369e-06
3.964206730977361e-06
4.200824606788292e-06
4.444300971753166e-06
4.694635825871978e-06
4.951829169144731e-06
5.215881001571424e-06
5.486791323152056e-06
5.764560133886628e-06
6.049187433775141e-06
6.340673222817595e-06
6.639017501013988e-06
6.944220268364321e-06
7.256281524868595e-06
7.575201270526807e-06
7.900979505338962e-06
8.233616229305054e-06
0.0
3.429244576970035e-09
1.371697830788014e-08
3.086320119273032e-08
5.486791323152056e-08
8.573111442425087e-08
1.2345280477092128e-07
1.680329842715317e-07
2.1947165292608225e-07
2.7776881073457286e-07
3.429244576970035e-07
4.1493859381337425e-07
4.938112190836851e-07
5.795423335079358e-07
6.721319370861268e-07
7.715800298182579e-07
8.77886611704329e-07
9.910516827443404e-07
1.1110752429382914e-06
1.2379572922861827e-06
1.371697830788014e-06
1.5122968584437853e-06
1.659754375253497e-06
1.8140703812171487e-06
1.9752448763347405e-06
2.143277860606271e-06
2.318169334031743e-06
2.499919296611155e-06
2.6885277483445074e-06
2.8839946892318002e-06
3.0863201192730316e-06
3.295504038468204e-06
3.511546446817316e-06
3.734447344320369e-06
3.964206730977361e-06
4.200824606788292e-06
4.444300971753166e-06
4.694635825871978e-06
4.951829169144731e-06
5.215881001571424e-06
5.486791323152056e-06
5.764560133886628e-06
6.049187433775141e-06
6.340673222817595e-06
6.639017501013988e-06
6.944220268364321e-06
7.256281524868595e-06
7.575201270526807e-06
7.900979505338962e-06
8.233616229305054e-06
0.0
3.429244576970035e-09
1.371697830788014e-08
3.086320119273032e-08
5.486791323152056e-08
8.573111442425087e-08
1.2345280477092128e-07
1.680329842715317e-07
2.1947165292608225e-07
2.7776881073457286e-07
3.429244576970035e-07
4.1493859381337425e-07
4.938112190836851e-07
5.795423335079358e-07
6.721319370861268e-07
7.715800298182579e-07
8.77886611704329e-07
9.910516827443404e-07
1.1110752429382914e-06
1.2379572922861827e-06
1.371697830788014e-06
1.5122968584437853e-06
1.659754375253497e-06
1.8140703812171487e-06
1.9752448763347405e-06
2.143277860606271e-06
2.318169334031743e-06
2.499919296611155e-06
2.6885277483445074e-06
2.8839946892318002e-06
3.0863201192730316e-06
3.295504038468204e-06
3.511546446817316e-06
3.734447344320369e-06
3.964206730977361e-06
4.200824606788292e-06
4.444300971753166e-06
4.694635825871978e-06
4.951829169144731e-06
5.215881001571424e-06
5.486791323152056e-06
5.764560133886628e-06
6.049187433775141e-06
6.340673222817595e-06
6.639017501013988e-06
6.944220268364321e-06
7.256281524868595e-06
7.575201270526807e-06
7.900979505338962e-06
8.233616229305054e-06
0.0
3.429244576970035e-09
1.371697830788014e-08
3.086320119273032e-08
5.486791323152056e-08
8.573111442425087e-08
1.2345280477092128e-07
1.680329842715317e-07
2.1947165292608225e-07
2.7776881073457286e-07
3.429244576970035e-07
4.1493859381337425e-07
4.938112190836851e-07
5.795423335079358e-07
6.721319370861268e-07
7.715800298182579e-07
8.77886611704329e-07
9.910516827443404e-07
1.1110752429382914e-06
1.2379572922861827e-06
1.371697830788014e-06
1.5122968584437853e-06
1.659754375253497e-06
1.8140703812171487e-06
1.9752448763347405e-06
2.143277860606271e-06
2.318169334031743e-06
2.499919296611155e-06
2.6885277483445074e-06
2.8839946892318002e-06
3.0863201192730316e-06
3.295504038468204e-06
3.511546446817316e-06
3.734447344320369e-06
3.964206730977361e-06
4.200824606788292e-06
4.444300971753166e-06
4.694635825871978e-06
4.951829169144731e-06
5.215881001571424e-06
5.486791323152056e-06
5.764560133886628e-06
6.049187433775141e-06
6.340673222817595e-06
6.639017501013988e-06
6.944220268364321e-06
7.256281524868595e-06
7.575201270526807e-06
7.900979505338962e-06
8.233616229305054e-06
0.0
3.429244576970035e-09
1.371697830788014e-08
3.086320119273032e-08
5.486791323152056e-08
8.573111442425087e-08
1.2345280477092128e-07
1.680329842715317e-07
2.1947165292608225e-07
2.7776881073457286e-07
3.429244576970035e-07
4.1493859381337425e-07
4.938112190836851e-07
5.795423335079358e-07
6.721319370861268e-07
7.715800298182579e-07
8.77886611704329e-07
9.910516827443404e-07
1.1110752429382914e-06
1.2379572922861827e-06
1.371697830788014e-06
1.5122968584437853e-06
1.659754375253497e-06
1.8140703812171487e-06
1.9752448763347405e-06
2.143277860606271e-06
2.318169334031743e-06
2.499919296611155e-06
2.6885277483445074e-06
2.8839946892318002e-06
3.0863201192730316e-06
3.295504038468204e-06
3.511546446817316e-06
3.734447344320369e-06
3.964206730977361e-06
4.200824606788292e-06
4.444300971753166e-06
4.694635825871978e-06
4.951829169144731e-06
5.215881001571424e-06
5.486791323152056e-06
5.764560133886628e-06
6.049187433775141e-06
6.340673222817595e-06
6.639017501013988e-06
6.944220268364321e-06
7.256281524868595e-06
7.575201270526807e-06
7.900979505338962e-06
8.233616229305054e-06
0.0
3.429244576970035e-09
1.371697830788014e-08
3.086320119273032e-08
5.486791323152056e-08
8.573111442425087e-08
1.2345280477092128e-07
1.680329842715317e-07
2.1947165292608225e-07
2.7776881073457286e-07
3.429244576970035e-07
4.1493859381337425e-07
4.938112190836851e-07
5.795423335079358e-07
6.721319370861268e-07
7.715800298182579e-07
8.77886611704329e-07
9.910516827443404e-07
1.1110752429382914e-06
1.2379572922861827e-06
1.371697830788014e-06
1.5122968584437853e-06
1.659754375253497e-06
1.8140703812171487e-06
1.9752448763347405e-06
2.143277860606271e-06
2.318169334031743e-06
2.499919296611155e-06
2.6885277483445074e-06
2.8839946892318002e-06
3.0863201192730316e-06
3.295504038468204e-06
3.511546446817316e-06
3.734447344320369e-06
3.964206730977361e-06
4.200824606788292e-06
4.444300971753166e-06
4.694635825871978e-06
4.951829169144731e-06
5.215881001571424e-06
5.486791323152056e-06
5.764560133886628e-06
6.049187433775141e-06
6.340673222817595e-06
6.639017501013988e-06
6.944220268364321e-06
7.256281524868595e-06
7.575201270526807e-06
7.900979505338962e-06
8.233616229305054e-06
0.0
3.429244576970035e-09
1.371697830788014e-08
3.086320119273032e-08
5.486791323152056e-08
8.573111442425087e-08
1.2345280477092128e-07
1.680329842715317e-07
2.1947165292608225e-07
2.7776881073457286e-07
3.429244576970035e-07
4.1493859381337425e-07
4.938112190836851e-07
5.795423335079358e-07
6.721319370861268e-07
7.715800298182579e-07
8.77886611704329e-07
9.910516827443404e-07
1.1110752429382914e-06
1.2379572922861827e-06
1.371697830788014e-06
1.5122968584437853e-06
1.659754375253497e-06
1.8140703812171487e-06
1.9752448763347405e-06
2.143277860606271e-06
2.318169334031743e-06
2.499919296611155e-06
2.6885277483445074e-06
2.8839946892318002e-06
3.0863201192730316e-06
3.295504038468204e-06
3.511546446817316e-06
3.734447344320369e-06
3.964206730977361e-06
4.200824606788292e-06
4.444300971753166e-06
4.694635825871978e-06
4.951829169144731e-06
5.215881001571424e-06
5.486791323152056e-06
5.764560133886628e-06
6.049187433775141e-06
6.340673222817595e-06
6.639017501013988e-06
6.944220268364321e-06
7.256281524868595e-06
7.575201270526807e-06
7.900979505338962e-06
8.233616229305054e-06
0.0
3.429244576970035e-09
1.371697830788014e-08
3.086320119273032e-08
5.486791323152056e-08
8.573111442425087e-08
1.2345280477092128e-07
1.680329842715317e-07
2.1947165292608225e-07
2.7776881073457286e-07
3.429244576970035e-07
4.1493859381337425e-07
4.938112190836851e-07
5.795423335079358e-07
6.721319370861268e-07
7.715800298182579e-07
8.77886611704329e-07
9.910516827443404e-07
1.1110752429382914e-06
1.2379572922861827e-06
1.371697830788014e-06
1.5122968584437853e-06
1.659754375253497e-06
1.8140703812171487e-06
1.9752448763347405e-06
2.143277860606271e-06
2.318169334031743e-06
2.499919296611155e-06
2.6885277483445074e-06
2.8839946892318002e-06
3.0863201192730316e-06
3.295504038468204e-06
3.511546446817316e-06
3.734447344320369e-06
3.964206730977361e-06
4.200824606788292e-06
4.444300971753166e-06
4.694635825871978e-06
4.951829169144731e-06
5.215881001571424e-06
5.486791323152056e-06
5.764560133886628e-06
6.049187433775141e-06
6.340673222817595e-06
6.639017501013988e-06
6.944220268364321e-06
7.256281524868595e-06
7.575201270526807e-06
7.900979505338962e-06
8.233616229305054e-06
0.0
3.429244576970035e-09
1.371697830788014e-08
3.086320119273032e-08
5.486791323152056e-08
8.573111442425087e-08
1.2345280477092128e-07
1.680329842715317e-07
2.1947165292608225e-07
2.7776881073457286e-07
3.429244576970035e-07
4.1493859381337425e-07
4.938112190836851e-07
5.795423335079358e-07
6.721319370861268e-07
7.715800298182579e-07
8.77886611704329e-07
9.910516827443404e-07
1.1110752429382914e-06
1.2379572922861827e-06
1.371697830788014e-06
1.5122968584437853e-06
1.659754375253497e-06
1.8140703812171487e-06
1.9752448763347405e-06
2.143277860606271e-06
2.318169334031743e-06
2.499919296611155e-06
2.6885277483445074e-06
2.8839946892318002e-06
3.0863201192730316e-06
3.295504038468204e-06
3.511546446817316e-06
3.734447344320369e-06
3.964206730977361e-06
4.200824606788292e-06
4.444300971753166e-06
4.694635825871978e-06
4.951829169144731e-06
5.215881001571424e-06
5.486791323152056e-06
5.764560133886628e-06
6.049187433775141e-06
6.340673222817595e-06
6.639017501013988e-06
6.944220268364321e-06
7.256281524868595e-06
7.575201270526807e-06
7.900979505338962e-06
8.233616229305054e-06
0.0
3.429244576970035e-09
1.371697830788014e-08
3.086320119273032e-08
5.486791323152056e-08
8.573111442425087e-08
1.2345280477092128e-07
1.680329842715317e-07
2.1947165292608225e-07
2.7776881073457286e-07
3.429244576970035e-07
4.1493859381337425e-07
4.938112190836851e-07
5.795423335079358e-07
6.721319370861268e-07
7.715800298182579e-07
8.77886611704329e-07
9.910516827443404e-07
1.1110752429382914e-06
1.2379572922861827e-06
1.371697830788014e-06
1.5122968584437853e-06
1.659754375253497e-06
1.8140703812171487e-06
1.9752448763347405e-06
2.143277860606271e-06
2.318169334031743e-06
2.499919296611155e-06
2.6885277483445074e-06
2.8839946892318002e-06
3.0863201192730316e-06
3.295504038468204e-06
3.511546446817316e-06
3.734447344320369e-06
3.964206730977361e-06
4.200824606788292e-06
4.444300971753166e-06
4.694635825871978e-06
4.951829169144731e-06
5.215881001571424e-06
5.486791323152056e-06
5.764560133886628e-06
6.049187433775141e-06
6.340673222817595e-06
6.639017501013988e-06
6.944220268364321e-06
7.256281524868595e-06
7.575201270526807e-06
7.900979505338962e-06
8.233616229305054e-06
0.0
3.429244576970035e-09
1.371697830788014e-08
3.086320119273032e-08
5.486791323152056e-08
8.573111442425087e-08
1.2345280477092128e-07
1.680329842715317e-07
2.1947165292608225e-07
2.7776881073457286e-07
3.429244576970035e-07
4.1493859381337425e-07
4.938112190836851e-07
5.795423335079358e-07
6.721319370861268e-07
7.715800298182579e-07
8.77886611704329e-07
9.910516827443404e-07
1.1110752429382914e-06
1.2379572922861827e-06
1.371697830788014e-06
1.5122968584437853e-06
1.659754375253497e-06
1.8140703812171487e-06
1.9752448763347405e-06
2.143277860606271e-06
2.318169334031743e-06
2.499919296611155e-06
2.6885277483445074e-06
2.8839946892318002e-06
3.0863201192730316e-06
3.295504038468204e-06
3.511546446817316e-06
3.734447344320369e-06
3.964206730977361e-06
4.200824606788292e-06
4.444300971753166e-06
4.694635825871978e-06
4.951829169144731e-06
5.215881001571424e-06
5.486791323152056e-06
5.764560133886628e-06
6.049187433775141e-06
6.340673222817595e-06
6.639017501013988e-06
6.944220268364321e-06
7.256281524868595e-06
7.575201270526807e-06
7.900979505338962e-06
8.233616229305054e-06
0.0
3.429244576970035e-09
1.371697830788014e-08
3.086320119273032e-08
5.486791323152056e-08
8.573111442425087e-08
1.2345280477092128e-07
1.680329842715317e-07
2.1947165292608225e-07
2.7776881073457286e-07
3.429244576970035e-07
4.1493859381337425e-07
4.938112190836851e-07
5.795423335079358e-07
6.721319370861268e-07
7.715800298182579e-07
8.77886611704329e-07
9.910516827443404e-07
1.1110752429382914e-06
1.2379572922861827e-06
1.371697830788014e-06
1.5122968584437853e-06
1.659754375253497e-06
1.8140703812171487e-06
1.9752448763347405e-06
2.143277860606271e-06
2.318169334031743e-06
2.499919296611155e-06
2.6885277483445074e-06
2.8839946892318002e-06
3.0863201192730316e-06
3.295504038468204e-06
3.511546446817316e-06
3.734447344320369e-06
3.964206730977361e-06
4.200824606788292e-06
4.444300971753166e-06
4.694635825871978e-06
4.951829169144731e-06
5.215881001571424e-06
5.486791323152056e-06
5.764560133886628e-06
6.049187433775141e-06
6.340673222817595e-06
6.639017501013988e-06
6.944220268364321e-06
7.256281524868595e-06
7.575201270526807e-06
7.900979505338962e-06
8.233616229305054e-06
0.0
3.429244576970035e-09
1.371697830788014e-08
3.086320119273032e-08
5.486791323152056e-08
8.573111442425087e-08
1.2345280477092128e-07
1.680329842715317e-07
2.1947165292608225e-07
2.7776881073457286e-07
3.429244576970035e-07
4.1493859381337425e-07
4.938112190836851e-07
5.795423335079358e-07
6.721319370861268e-07
7.715800298182579e-07
8.77886611704329e-07
9.910516827443404e-07
1.1110752429382914e-06
1.2379572922861827e-06
1.371697830788014e-06
1.5122968584437853e-06
1.659754375253497e-06
1.8140703812171487e-06
1.9752448763347405e-06
2.143277860606271e-06
2.318169334031743e-06
2.499919296611155e-06
2.6885277483445074e-06
2.8839946892318002e-06
3.0863201192730316e-06
3.295504038468204e-06
3.511546446817316e-06
3.734447344320369e-06
3.964206730977361e-06
4.200824606788292e-06
4.444300971753166e-06
4.694635825871978e-06
4.951829169144731e-06
5.215881001571424e-06
5.486791323152056e-06
5.764560133886628e-06
6.049187433775141e-06
6.340673222817595e-06
6.639017501013988e-06
6.944220268364321e-06
7.256281524868595e-06
7.575201270526807e-06
7.900979505338962e-06
8.233616229305054e-06
0.0
3.429244576970035e-09
1.371697830788014e-08
3.086320119273032e-08
5.486791323152056e-08
8.573111442425087e-08
1.2345280477092128e-07
1.680329842715317e-07
2.1947165292608225e-07
2.7776881073457286e-07
3.429244576970035e-07
4.1493859381337425e-07
4.938112190836851e-07
5.795423335079358e-07
6.721319370861268e-07
7.715800298182579e-07
8.77886611704329e-07
9.910516827443404e-07
1.1110752429382914e-06
1.2379572922861827e-06
1.371697830788014e-06
1.5122968584437853e-06
1.659754375253497e-06
1.8140703812171487e-06
1.9752448763347405e-06
2.143277860606271e-06
2.318169334031743e-06
2.499919296611155e-06
2.6885277483445074e-06
2.8839946892318002e-06
3.0863201192730316e-06
3.295504038468204e-06
3.511546446817316e-06
3.734447344320369e-06
3.964206730977361e-06
4.200824606788292e-06
4.444300971753166e-06
4.694635825871978e-06
4.951829169144731e-06
5.215881001571424e-06
5.486791323152056e-06
5.764560133886628e-06
6.049187433775141e-06
6.340673222817595e-06
6.639017501013988e-06
6.944220268364321e-06
7.256281524868595e-06
7.575201270526807e-06
7.900979505338962e-06
8.233616229305054e-06
0.0
3.429244576970035e-09
1.371697830788014e-08
3.086320119273032e-08
5.486791323152056e-08
8.573111442425087e-08
1.2345280477092128e-07
1.680329842715317e-07
2.1947165292608225e-07
2.7776881073457286e-07
3.429244576970035e-07
4.1493859381337425e-07
4.938112190836851e-07
5.795423335079358e-07
6.721319370861268e-07
7.715800298182579e-07
8.77886611704329e-07
9.910516827443404e-07
1.1110752429382914e-06
1.2379572922861827e-06
1.371697830788014e-06
1.5122968584437853e-06
1.659754375253497e-06
1.8140703812171487e-06
1.9752448763347405e-06
2.143277860606271e-06
2.318169334031743e-06
2.499919296611155e-06
2.6885277483445074e-06
2.8839946892318002e-06
3.0863201192730316e-06
3.295504038468204e-06
3.511546446817316e-06
3.734447344320369e-06
3.964206730977361e-06
4.200824606788292e-06
4.444300971753166e-06
4.694635825871978e-06
4.951829169144731e-06
5.215881001571424e-06
5.486791323152056e-06
5.764560133886628e-06
6.049187433775141e-06
6.340673222817595e-06
6.639017501013988e-06
6.944220268364321e-06
7.256281524868595e-06
7.575201270526807e-06
7.900979505338962e-06
8.233616229305054e-06
0.0
3.429244576970035e-09
1.371697830788014e-08
3.086320119273032e-08
5.486791323152056e-08
8.573111442425087e-08
1.2345280477092128e-07
1.680329842715317e-07
2.1947165292608225e-07
2.7776881073457286e-07
3.429244576970035e-07
4.1493859381337425e-07
4.938112190836851e-07
5.795423335079358e-07
6.721319370861268e-07
7.715800298182579e-07
8.77886611704329e-07
9.910516827443404e-07
1.1110752429382914e-06
1.2379572922861827e-06
1.371697830788014e-06
1.5122968584437853e-06
1.659754375253497e-06
1.8140703812171487e-06
1.9752448763347405e-06
2.143277860606271e-06
2.318169334031743e-06
2.499919296611155e-06
2.6885277483445074e-06
2.8839946892318002e-06
3.0863201192730316e-06
3.295504038468204e-06
3.511546446817316e-06
3.734447344320369e-06
3.964206730977361e-06
4.200824606788292e-06
4.444300971753166e-06
4.694635825871978e-06
4.951829169144731e-06
5.215881001571424e-06
5.486791323152056e-06
5.764560133886628e-06
6.049187433775141e-06
6.340673222817595e-06
6.639017501013988e-06
6.944220268364321e-06
7.256281524868595e-06
7.575201270526807e-06
7.900979505338962e-06
8.233616229305054e-06
0.0
3.429244576970035e-09
1.371697830788014e-08
3.086320119273032e-08
5.486791323152056e-08
8.573111442425087e-08
1.2345280477092128e-07
1.680329842715317e-07
2.1947165292608225e-07
2.7776881073457286e-07
3.429244576970035e-07
4.1493859381337425e-07
4.938112190836851e-07
5.795423335079358e-07
6.721319370861268e-07
7.715800298182579e-07
8.77886611704329e-07
9.910516827443404e-07
1.1110752429382914e-06
1.2379572922861827e-06
1.371697830788014e-06
1.5122968584437853e-06
1.659754375253497e-06
1.8140703812171487e-06
1.9752448763347405e-06
2.143277860606271e-06
2.318169334031743e-06
2.499919296611155e-06
2.6885277483445074e-06
2.8839946892318002e-06
3.0863201192730316e-06
3.295504038468204e-06
3.511546446817316e-06
3.734447344320369e-06
3.964206730977361e-06
4.200824606788292e-06
4.444300971753166e-06
4.694635825871978e-06
4.951829169144731e-06
5.215881001571424e-06
5.486791323152056e-06
5.764560133886628e-06
6.049187433775141e-06
6.340673222817595e-06
6.639017501013988e-06
6.944220268364321e-06
7.256281524868595e-06
7.575201270526807e-06
7.900979505338962e-06
8.233616229305054e-06
0.0
3.429244576970035e-09
1.371697830788014e-08
3.086320119273032e-08
5.486791323152056e-08
8.573111442425087e-08
1.2345280477092128e-07
1.680329842715317e-07
2.1947165292608225e-07
2.7776881073457286e-07
3.429244576970035e-07
4.1493859381337425e-07
4.938112190836851e-07
5.795423335079358e-07
6.721319370861268e-07
7.715800298182579e-07
8.77886611704329e-07
9.910516827443404e-07
1.1110752429382914e-06
1.2379572922861827e-06
1.371697830788014e-06
1.5122968584437853e-06
1.659754375253497e-06
1.8140703812171487e-06
1.9752448763347405e-06
2.143277860606271e-06
2.318169334031743e-06
2.499919296611155e-06
2.6885277483445074e-06
2.8839946892318002e-06
3.0863201192730316e-06
3.295504038468204e-06
3.511546446817316e-06
3.734447344320369e-06
3.964206730977361e-06
4.200824606788292e-06
4.444300971753166e-06
4.694635825871978e-06
4.951829169144731e-06
5.215881001571424e-06
5.486791323152056e-06
5.764560133886628e-06
6.049187433775141e-06
6.340673222817595e-06
6.639017501013988e-06
6.944220268364321e-06
7.256281524868595e-06
7.575201270526807e-06
7.900979505338962e-06
8.233616229305054e-06
0.0
3.429244576970035e-09
1.371697830788014e-08
3.086320119273032e-08
5.486791323152056e-08
8.573111442425087e-08
1.2345280477092128e-07
1.680329842715317e-07
2.1947165292608225e-07
2.7776881073457286e-07
3.429244576970035e-07
4.1493859381337425e-07
4.938112190836851e-07
5.795423335079358e-07
6.721319370861268e-07
7.715800298182579e-07
8.77886611704329e-07
9.910516827443404e-07
1.1110752429382914e-06
1.2379572922861827e-06
1.371697830788014e-06
1.5122968584437853e-06
1.659754375253497e-06
1.8140703812171487e-06
1.9752448763347405e-06
2.143277860606271e-06
2.318169334031743e-06
2.499919296611155e-06
2.6885277483445074e-06
2.8839946892318002e-06
3.0863201192730316e-06
3.295504038468204e-06
3.511546446817316e-06
3.734447344320369e-06
3.964206730977361e-06
4.200824606788292e-06
4.444300971753166e-06
4.694635825871978e-06
4.951829169144731e-06
5.215881001571424e-06
5.486791323152056e-06
5.764560133886628e-06
6.049187433775141e-06
6.340673222817595e-06
6.639017501013988e-06
6.944220268364321e-06
7.256281524868595e-06
7.575201270526807e-06
7.900979505338962e-06
8.233616229305054e-06
0.0
3.429244576970035e-09
1.371697830788014e-08
3.086320119273032e-08
5.486791323152056e-08
8.573111442425087e-08
1.2345280477092128e-07
1.680329842715317e-07
2.1947165292608225e-07
2.7776881073457286e-07
3.429244576970035e-07
4.1493859381337425e-07
4.938112190836851e-07
5.795423335079358e-07
6.721319370861268e-07
7.715800298182579e-07
8.77886611704329e-07
9.910516827443404e-07
1.1110752429382914e-06
1.2379572922861827e-06
1.371697830788014e-06
1.5122968584437853e-06
1.659754375253497e-06
1.8140703812171487e-06
1.9752448763347405e-06
2.143277860606271e-06
2.318169334031743e-06
2.499919296611155e-06
2.6885277483445074e-06
2.8839946892318002e-06
3.0863201192730316e-06
3.295504038468204e-06
3.511546446817316e-06
3.734447344320369e-06
3.964206730977361e-06
4.200824606788292e-06
4.444300971753166e-06
4.694635825871978e-06
4.951829169144731e-06
5.215881001571424e-06
5.486791323152056e-06
5.764560133886628e-06
6.049187433775141e-06
6.340673222817595e-06
6.639017501013988e-06
6.944220268364321e-06
7.256281524868595e-06
7.575201270526807e-06
7.900979505338962e-06
8.233616229305054e-06
0.0
3.429244576970035e-09
1.371697830788014e-08
3.086320119273032e-08
5.486791323152056e-08
8.573111442425087e-08
1.2345280477092128e-07
1.680329842715317e-07
2.1947165292608225e-07
2.7776881073457286e-07
3.429244576970035e-07
4.1493859381337425e-07
4.938112190836851e-07
5.795423335079358e-07
6.721319370861268e-07
7.715800298182579e-07
8.77886611704329e-07
9.910516827443404e-07
1.1110752429382914e-06
1.2379572922861827e-06
1.371697830788014e-06
1.5122968584437853e-06
1.659754375253497e-06
1.8140703812171487e-06
1.9752448763347405e-06
2.143277860606271e-06
2.318169334031743e-06
2.499919296611155e-06
2.6885277483445074e-06
2.8839946892318002e-06
3.0863201192730316e-06
3.295504038468204e-06
3.511546446817316e-06
3.734447344320369e-06
3.964206730977361e-06
4.200824606788292e-06
4.444300971753166e-06
4.694635825871978e-06
4.951829169144731e-06
5.215881001571424e-06
5.486791323152056e-06
5.764560133886628e-06
6.049187433775141e-06
6.340673222817595e-06
6.639017501013988e-06
6.944220268364321e-06
7.256281524868595e-06
7.575201270526807e-06
7.900979505338962e-06
8.233616229305054e-06
0.0
3.429244576970035e-09
1.371697830788014e-08
3.086320119273032e-08
5.486791323152056e-08
8.573111442425087e-08
1.2345280477092128e-07
1.680329842715317e-07
2.1947165292608225e-07
2.7776881073457286e-07
3.429244576970035e-07
4.1493859381337425e-07
4.938112190836851e-07
5.795423335079358e-07
6.721319370861268e-07
7.715800298182579e-07
8.77886611704329e-07
9.910516827443404e-07
1.1110752429382914e-06
1.2379572922861827e-06
1.371697830788014e-06
1.5122968584437853e-06
1.659754375253497e-06
1.8140703812171487e-06
1.9752448763347405e-06
2.143277860606271e-06
2.318169334031743e-06
2.499919296611155e-06
2.6885277483445074e-06
2.8839946892318002e-06
3.0863201192730316e-06
3.295504038468204e-06
3.511546446817316e-06
3.734447344320369e-06
3.964206730977361e-06
4.200824606788292e-06
4.444300971753166e-06
4.694635825871978e-06
4.951829169144731e-06
5.215881001571424e-06
5.486791323152056e-06
5.764560133886628e-06
6.049187433775141e-06
6.340673222817595e-06
6.639017501013988e-06
6.944220268364321e-06
7.256281524868595e-06
7.575201270526807e-06
7.900979505338962e-06
8.233616229305054e-06
0.0
3.429244576970035e-09
1.371697830788014e-08
3.086320119273032e-08
5.486791323152056e-08
8.573111442425087e-08
1.2345280477092128e-07
1.680329842715317e-07
2.1947165292608225e-07
2.7776881073457286e-07
3.429244576970035e-07
4.1493859381337425e-07
4.938112190836851e-07
5.795423335079358e-07
6.721319370861268e-07
7.715800298182579e-07
8.77886611704329e-07
9.910516827443404e-07
1.1110752429382914e-06
1.2379572922861827e-06
1.371697830788014e-06
1.5122968584437853e-06
1.659754375253497e-06
1.8140703812171487e-06
1.9752448763347405e-06
2.143277860606271e-06
2.318169334031743e-06
2.499919296611155e-06
2.6885277483445074e-06
2.8839946892318002e-06
3.0863201192730316e-06
3.295504038468204e-06
3.511546446817316e-06
3.734447344320369e-06
3.964206730977361e-06
4.200824606788292e-06
4.444300971753166e-06
4.694635825871978e-06
4.951829169144731e-06
5.215881001571424e-06
5.486791323152056e-06
5.764560133886628e-06
6.049187433775141e-06
6.340673222817595e-06
6.639017501013988e-06
6.944220268364321e-06
7.256281524868595e-06
7.575201270526807e-06
7.900979505338962e-06
8.233616229305054e-06
0.0
3.429244576970035e-09
1.371697830788014e-08
3.086320119273032e-08
5.486791323152056e-08
8.573111442425087e-08
1.2345280477092128e-07
1.680329842715317e-07
2.1947165292608225e-07
2.7776881073457286e-07
3.429244576970035e-07
4.1493859381337425e-07
4.938112190836851e-07
5.795423335079358e-07
6.721319370861268e-07
7.715800298182579e-07
8.77886611704329e-07
9.910516827443404e-07
1.1110752429382914e-06
1.2379572922861827e-06
1.371697830788014e-06
1.5122968584437853e-06
1.659754375253497e-06
1.8140703812171487e-06
1.9752448763347405e-06
2.143277860606271e-06
2.318169334031743e-06
2.499919296611155e-06
2.6885277483445074e-06
2.8839946892318002e-06
3.0863201192730316e-06
3.295504038468204e-06
3.511546446817316e-06
3.734447344320369e-06
3.964206730977361e-06
4.200824606788292e-06
4.444300971753166e-06
4.694635825871978e-06
4.951829169144731e-06
5.215881001571424e-06
5.486791323152056e-06
5.764560133886628e-06
6.049187433775141e-06
6.340673222817595e-06
6.639017501013988e-06
6.944220268364321e-06
7.256281524868595e-06
7.575201270526807e-06
7.900979505338962e-06
8.233616229305054e-06
0.0
3.429244576970035e-09
1.371697830788014e-08
3.086320119273032e-08
5.486791323152056e-08
8.573111442425087e-08
1.2345280477092128e-07
1.680329842715317e-07
2.1947165292608225e-07
2.7776881073457286e-07
3.429244576970035e-07
4.1493859381337425e-07
4.938112190836851e-07
5.795423335079358e-07
6.721319370861268e-07
7.715800298182579e-07
8.77886611704329e-07
9.910516827443404e-07
1.1110752429382914e-06
1.2379572922861827e-06
1.371697830788014e-06
1.5122968584437853e-06
1.659754375253497e-06
1.8140703812171487e-06
1.9752448763347405e-06
2.143277860606271e-06
2.318169334031743e-06
2.499919296611155e-06
2.6885277483445074e-06
2.8839946892318002e-06
3.0863201192730316e-06
3.295504038468204e-06
3.511546446817316e-06
3.734447344320369e-06
3.964206730977361e-06
4.200824606788292e-06
4.444300971753166e-06
4.694635825871978e-06
4.951829169144731e-06
5.215881001571424e-06
5.486791323152056e-06
5.764560133886628e-06
6.049187433775141e-06
6.340673222817595e-06
6.639017501013988e-06
6.944220268364321e-06
7.256281524868595e-06
7.575201270526807e-06
7.900979505338962e-06
8.233616229305054e-06
0.0
3.429244576970035e-09
1.371697830788014e-08
3.086320119273032e-08
5.486791323152056e-08
8.573111442425087e-08
1.2345280477092128e-07
1.680329842715317e-07
2.1947165292608225e-07
2.7776881073457286e-07
3.429244576970035e-07
4.1493859381337425e-07
4.938112190836851e-07
5.795423335079358e-07
6.721319370861268e-07
7.715800298182579e-07
8.77886611704329e-07
9.910516827443404e-07
1.1110752429382914e-06
1.2379572922861827e-06
1.371697830788014e-06
1.5122968584437853e-06
1.659754375253497e-06
1.8140703812171487e-06
1.9752448763347405e-06
2.143277860606271e-06
2.318169334031743e-06
2.499919296611155e-06
2.6885277483445074e-06
2.8839946892318002e-06
3.0863201192730316e-06
3.295504038468204e-06
3.511546446817316e-06
3.734447344320369e-06
3.964206730977361e-06
4.200824606788292e-06
4.444300971753166e-06
4.694635825871978e-06
4.951829169144731e-06
5.215881001571424e-06
5.486791323152056e-06
5.764560133886628e-06
6.049187433775141e-06
6.340673222817595e-06
6.639017501013988e-06
6.944220268364321e-06
7.256281524868595e-06
7.575201270526807e-06
7.900979505338962e-06
8.233616229305054e-06
0.0
3.429244576970035e-09
1.371697830788014e-08
3.086320119273032e-08
5.486791323152056e-08
8.573111442425087e-08
1.2345280477092128e-07
1.680329842715317e-07
2.1947165292608225e-07
2.7776881073457286e-07
3.429244576970035e-07
4.1493859381337425e-07
4.938112190836851e-07
5.795423335079358e-07
6.721319370861268e-07
7.715800298182579e-07
8.77886611704329e-07
9.910516827443404e-07
1.1110752429382914e-06
1.2379572922861827e-06
1.371697830788014e-06
1.5122968584437853e-06
1.659754375253497e-06
1.8140703812171487e-06
1.9752448763347405e-06
2.143277860606271e-06
2.318169334031743e-06
2.499919296611155e-06
2.6885277483445074e-06
2.8839946892318002e-06
3.0863201192730316e-06
3.295504038468204e-06
3.511546446817316e-06
3.734447344320369e-06
3.964206730977361e-06
4.200824606788292e-06
4.444300971753166e-06
4.694635825871978e-06
4.951829169144731e-06
5.215881001571424e-06
5.486791323152056e-06
5.764560133886628e-06
6.049187433775141e-06
6.340673222817595e-06
6.639017501013988e-06
6.944220268364321e-06
7.256281524868595e-06
7.575201270526807e-06
7.900979505338962e-06
8.233616229305054e-06
0.0
3.429244576970035e-09
1.371697830788014e-08
3.086320119273032e-08
5.486791323152056e-08
8.573111442425087e-08
1.2345280477092128e-07
1.680329842715317e-07
2.1947165292608225e-07
2.7776881073457286e-07
3.429244576970035e-07
4.1493859381337425e-07
4.938112190836851e-07
5.795423335079358e-07
6.721319370861268e-07
7.715800298182579e-07
8.77886611704329e-07
9.910516827443404e-07
1.1110752429382914e-06
1.2379572922861827e-06
1.371697830788014e-06
1.5122968584437853e-06
1.659754375253497e-06
1.8140703812171487e-06
1.9752448763347405e-06
2.143277860606271e-06
2.318169334031743e-06
2.499919296611155e-06
2.6885277483445074e-06
2.8839946892318002e-06
3.0863201192730316e-06
3.295504038468204e-06
3.511546446817316e-06
3.734447344320369e-06
3.964206730977361e-06
4.200824606788292e-06
4.444300971753166e-06
4.694635825871978e-06
4.951829169144731e-06
5.215881001571424e-06
5.486791323152056e-06
5.764560133886628e-06
6.049187433775141e-06
6.340673222817595e-06
6.639017501013988e-06
6.944220268364321e-06
7.256281524868595e-06
7.575201270526807e-06
7.900979505338962e-06
8.233616229305054e-06
0.0
3.429244576970035e-09
1.371697830788014e-08
3.086320119273032e-08
5.486791323152056e-08
8.573111442425087e-08
1.2345280477092128e-07
1.680329842715317e-07
2.1947165292608225e-07
2.7776881073457286e-07
3.429244576970035e-07
4.1493859381337425e-07
4.938112190836851e-07
5.795423335079358e-07
6.721319370861268e-07
7.715800298182579e-07
8.77886611704329e-07
9.910516827443404e-07
1.1110752429382914e-06
1.2379572922861827e-06
1.371697830788014e-06
1.5122968584437853e-06
1.659754375253497e-06
1.8140703812171487e-06
1.9752448763347405e-06
2.143277860606271e-06
2.318169334031743e-06
2.499919296611155e-06
2.6885277483445074e-06
2.8839946892318002e-06
3.0863201192730316e-06
3.295504038468204e-06
3.511546446817316e-06
3.734447344320369e-06
3.964206730977361e-06
4.200824606788292e-06
4.444300971753166e-06
4.694635825871978e-06
4.951829169144731e-06
5.215881001571424e-06
5.486791323152056e-06
5.764560133886628e-06
6.049187433775141e-06
6.340673222817595e-06
6.639017501013988e-06
6.944220268364321e-06
7.256281524868595e-06
7.575201270526807e-06
7.900979505338962e-06
8.233616229305054e-06
0.0
3.429244576970035e-09
1.371697830788014e-08
3.086320119273032e-08
5.486791323152056e-08
8.573111442425087e-08
1.2345280477092128e-07
1.680329842715317e-07
2.1947165292608225e-07
2.7776881073457286e-07
3.429244576970035e-07
4.1493859381337425e-07
4.938112190836851e-07
5.795423335079358e-07
6.721319370861268e-07
7.715800298182579e-07
8.77886611704329e-07
9.910516827443404e-07
1.1110752429382914e-06
1.2379572922861827e-06
1.371697830788014e-06
1.5122968584437853e-06
1.659754375253497e-06
1.8140703812171487e-06
1.9752448763347405e-06
2.143277860606271e-06
2.318169334031743e-06
2.499919296611155e-06
2.6885277483445074e-06
2.8839946892318002e-06
3.0863201192730316e-06
3.295504038468204e-06
3.511546446817316e-06
3.734447344320369e-06
3.964206730977361e-06
4.200824606788292e-06
4.444300971753166e-06
4.694635825871978e-06
4.951829169144731e-06
5.215881001571424e-06
5.486791323152056e-06
5.764560133886628e-06
6.049187433775141e-06
6.340673222817595e-06
6.639017501013988e-06
6.944220268364321e-06
7.256281524868595e-06
7.575201270526807e-06
7.900979505338962e-06
8.233616229305054e-06
0.0
3.429244576970035e-09
1.371697830788014e-08
3.086320119273032e-08
5.486791323152056e-08
8.573111442425087e-08
1.2345280477092128e-07
1.680329842715317e-07
2.1947165292608225e-07
2.7776881073457286e-07
3.429244576970035e-07
4.1493859381337425e-07
4.938112190836851e-07
5.795423335079358e-07
6.721319370861268e-07
7.715800298182579e-07
8.77886611704329e-07
9.910516827443404e-07
1.1110752429382914e-06
1.2379572922861827e-06
1.371697830788014e-06
1.5122968584437853e-06
1.659754375253497e-06
1.8140703812171487e-06
1.9752448763347405e-06
2.143277860606271e-06
2.318169334031743e-06
2.499919296611155e-06
2.6885277483445074e-06
2.8839946892318002e-06
3.0863201192730316e-06
3.295504038468204e-06
3.511546446817316e-06
3.734447344320369e-06
3.964206730977361e-06
4.200824606788292e-06
4.444300971753166e-06
4.694635825871978e-06
4.951829169144731e-06
5.215881001571424e-06
5.486791323152056e-06
5.764560133886628e-06
6.049187433775141e-06
6.340673222817595e-06
6.639017501013988e-06
6.944220268364321e-06
7.256281524868595e-06
7.575201270526807e-06
7.900979505338962e-06
8.233616229305054e-06
0.0
3.429244576970035e-09
1.371697830788014e-08
3.086320119273032e-08
5.486791323152056e-08
8.573111442425087e-08
1.2345280477092128e-07
1.680329842715317e-07
2.1947165292608225e-07
2.7776881073457286e-07
3.429244576970035e-07
4.1493859381337425e-07
4.938112190836851e-07
5.795423335079358e-07
6.721319370861268e-07
7.715800298182579e-07
8.77886611704329e-07
9.910516827443404e-07
1.1110752429382914e-06
1.2379572922861827e-06
1.371697830788014e-06
1.5122968584437853e-06
1.659754375253497e-06
1.8140703812171487e-06
1.9752448763347405e-06
2.143277860606271e-06
2.318169334031743e-06
2.499919296611155e-06
2.6885277483445074e-06
2.8839946892318002e-06
3.0863201192730316e-06
3.295504038468204e-06
3.511546446817316e-06
3.734447344320369e-06
3.964206730977361e-06
4.200824606788292e-06
4.444300971753166e-06
4.694635825871978e-06
4.951829169144731e-06
5.215881001571424e-06
5.486791323152056e-06
5.764560133886628e-06
6.049187433775141e-06
6.340673222817595e-06
6.639017501013988e-06
6.944220268364321e-06
7.256281524868595e-06
7.575201270526807e-06
7.900979505338962e-06
8.233616229305054e-06
0.0
3.429244576970035e-09
1.371697830788014e-08
3.086320119273032e-08
5.486791323152056e-08
8.573111442425087e-08
1.2345280477092128e-07
1.680329842715317e-07
2.1947165292608225e-07
2.7776881073457286e-07
3.429244576970035e-07
4.1493859381337425e-07
4.938112190836851e-07
5.795423335079358e-07
6.721319370861268e-07
7.715800298182579e-07
8.77886611704329e-07
9.910516827443404e-07
1.1110752429382914e-06
1.2379572922861827e-06
1.371697830788014e-06
1.5122968584437853e-06
1.659754375253497e-06
1.8140703812171487e-06
1.9752448763347405e-06
2.143277860606271e-06
2.318169334031743e-06
2.499919296611155e-06
2.6885277483445074e-06
2.8839946892318002e-06
3.0863201192730316e-06
3.295504038468204e-06
3.511546446817316e-06
3.734447344320369e-06
3.964206730977361e-06
4.200824606788292e-06
4.444300971753166e-06
4.694635825871978e-06
4.951829169144731e-06
5.215881001571424e-06
5.486791323152056e-06
5.764560133886628e-06
6.049187433775141e-06
6.340673222817595e-06
6.639017501013988e-06
6.944220268364321e-06
7.256281524868595e-06
7.575201270526807e-06
7.900979505338962e-06
8.233616229305054e-06
0.0
3.429244576970035e-09
1.371697830788014e-08
3.086320119273032e-08
5.486791323152056e-08
8.573111442425087e-08
1.2345280477092128e-07
1.680329842715317e-07
2.1947165292608225e-07
2.7776881073457286e-07
3.429244576970035e-07
4.1493859381337425e-07
4.938112190836851e-07
5.795423335079358e-07
6.721319370861268e-07
7.715800298182579e-07
8.77886611704329e-07
9.910516827443404e-07
1.1110752429382914e-06
1.2379572922861827e-06
1.371697830788014e-06
1.5122968584437853e-06
1.659754375253497e-06
1.8140703812171487e-06
1.9752448763347405e-06
2.143277860606271e-06
2.318169334031743e-06
2.499919296611155e-06
2.6885277483445074e-06
2.8839946892318002e-06
3.0863201192730316e-06
3.295504038468204e-06
3.511546446817316e-06
3.734447344320369e-06
3.964206730977361e-06
4.200824606788292e-06
4.444300971753166e-06
4.694635825871978e-06
4.951829169144731e-06
5.215881001571424e-06
5.486791323152056e-06
5.764560133886628e-06
6.049187433775141e-06
6.340673222817595e-06
6.639017501013988e-06
6.944220268364321e-06
7.256281524868595e-06
7.575201270526807e-06
7.900979505338962e-06
8.233616229305054e-06
0.0
3.429244576970035e-09
1.371697830788014e-08
3.086320119273032e-08
5.486791323152056e-08
8.573111442425087e-08
1.2345280477092128e-07
1.680329842715317e-07
2.1947165292608225e-07
2.7776881073457286e-07
3.429244576970035e-07
4.1493859381337425e-07
4.938112190836851e-07
5.795423335079358e-07
6.721319370861268e-07
7.715800298182579e-07
8.77886611704329e-07
9.910516827443404e-07
1.1110752429382914e-06
1.2379572922861827e-06
1.371697830788014e-06
1.5122968584437853e-06
1.659754375253497e-06
1.8140703812171487e-06
1.9752448763347405e-06
2.143277860606271e-06
2.318169334031743e-06
2.499919296611155e-06
2.6885277483445074e-06
2.8839946892318002e-06
3.0863201192730316e-06
3.295504038468204e-06
3.511546446817316e-06
3.734447344320369e-06
3.964206730977361e-06
4.200824606788292e-06
4.444300971753166e-06
4.694635825871978e-06
4.951829169144731e-06
5.215881001571424e-06
5.486791323152056e-06
5.764560133886628e-06
6.049187433775141e-06
6.340673222817595e-06
6.639017501013988e-06
6.944220268364321e-06
7.256281524868595e-06
7.575201270526807e-06
7.900979505338962e-06
8.233616229305054e-06
0.0
3.429244576970035e-09
1.371697830788014e-08
3.086320119273032e-08
5.486791323152056e-08
8.573111442425087e-08
1.2345280477092128e-07
1.680329842715317e-07
2.1947165292608225e-07
2.7776881073457286e-07
3.429244576970035e-07
4.1493859381337425e-07
4.938112190836851e-07
5.795423335079358e-07
6.721319370861268e-07
7.715800298182579e-07
8.77886611704329e-07
9.910516827443404e-07
1.1110752429382914e-06
1.2379572922861827e-06
1.371697830788014e-06
1.5122968584437853e-06
1.659754375253497e-06
1.8140703812171487e-06
1.9752448763347405e-06
2.143277860606271e-06
2.318169334031743e-06
2.499919296611155e-06
2.6885277483445074e-06
2.8839946892318002e-06
3.0863201192730316e-06
3.295504038468204e-06
3.511546446817316e-06
3.734447344320369e-06
3.964206730977361e-06
4.200824606788292e-06
4.444300971753166e-06
4.694635825871978e-06
4.951829169144731e-06
5.215881001571424e-06
5.486791323152056e-06
5.764560133886628e-06
6.049187433775141e-06
6.340673222817595e-06
6.639017501013988e-06
6.944220268364321e-06
7.256281524868595e-06
7.575201270526807e-06
7.900979505338962e-06
8.233616229305054e-06
0.0
3.429244576970035e-09
1.371697830788014e-08
3.086320119273032e-08
5.486791323152056e-08
8.573111442425087e-08
1.2345280477092128e-07
1.680329842715317e-07
2.1947165292608225e-07
2.7776881073457286e-07
3.429244576970035e-07
4.1493859381337425e-07
4.938112190836851e-07
5.795423335079358e-07
6.721319370861268e-07
7.715800298182579e-07
8.77886611704329e-07
9.910516827443404e-07
1.1110752429382914e-06
1.2379572922861827e-06
1.371697830788014e-06
1.5122968584437853e-06
1.659754375253497e-06
1.8140703812171487e-06
1.9752448763347405e-06
2.143277860606271e-06
2.318169334031743e-06
2.499919296611155e-06
2.6885277483445074e-06
2.8839946892318002e-06
3.0863201192730316e-06
3.295504038468204e-06
3.511546446817316e-06
3.734447344320369e-06
3.964206730977361e-06
4.200824606788292e-06
4.444300971753166e-06
4.694635825871978e-06
4.951829169144731e-06
5.215881001571424e-06
5.486791323152056e-06
5.764560133886628e-06
6.049187433775141e-06
6.340673222817595e-06
6.639017501013988e-06
6.944220268364321e-06
7.256281524868595e-06
7.575201270526807e-06
7.900979505338962e-06
8.233616229305054e-06
0.0
3.429244576970035e-09
1.371697830788014e-08
3.086320119273032e-08
5.486791323152056e-08
8.573111442425087e-08
1.2345280477092128e-07
1.680329842715317e-07
2.1947165292608225e-07
2.7776881073457286e-07
3.429244576970035e-07
4.1493859381337425e-07
4.938112190836851e-07
5.795423335079358e-07
6.721319370861268e-07
7.715800298182579e-07
8.77886611704329e-07
9.910516827443404e-07
1.1110752429382914e-06
1.2379572922861827e-06
1.371697830788014e-06
1.5122968584437853e-06
1.659754375253497e-06
1.8140703812171487e-06
1.9752448763347405e-06
2.143277860606271e-06
2.318169334031743e-06
2.499919296611155e-06
2.6885277483445074e-06
2.8839946892318002e-06
3.0863201192730316e-06
3.295504038468204e-06
3.511546446817316e-06
3.734447344320369e-06
3.964206730977361e-06
4.200824606788292e-06
4.444300971753166e-06
4.694635825871978e-06
4.951829169144731e-06
5.215881001571424e-06
5.486791323152056e-06
5.764560133886628e-06
6.049187433775141e-06
6.340673222817595e-06
6.639017501013988e-06
6.944220268364321e-06
7.256281524868595e-06
7.575201270526807e-06
7.900979505338962e-06
8.233616229305054e-06
0.0
3.429244576970035e-09
1.371697830788014e-08
3.086320119273032e-08
5.486791323152056e-08
8.573111442425087e-08
1.2345280477092128e-07
1.680329842715317e-07
2.1947165292608225e-07
2.7776881073457286e-07
3.429244576970035e-07
4.1493859381337425e-07
4.938112190836851e-07
5.795423335079358e-07
6.721319370861268e-07
7.715800298182579e-07
8.77886611704329e-07
9.910516827443404e-07
1.1110752429382914e-06
1.2379572922861827e-06
1.371697830788014e-06
1.5122968584437853e-06
1.659754375253497e-06
1.8140703812171487e-06
1.9752448763347405e-06
2.143277860606271e-06
2.318169334031743e-06
2.499919296611155e-06
2.6885277483445074e-06
2.8839946892318002e-06
3.0863201192730316e-06
3.295504038468204e-06
3.511546446817316e-06
3.734447344320369e-06
3.964206730977361e-06
4.200824606788292e-06
4.444300971753166e-06
4.694635825871978e-06
4.951829169144731e-06
5.215881001571424e-06
5.486791323152056e-06
5.764560133886628e-06
6.049187433775141e-06
6.340673222817595e-06
6.639017501013988e-06
6.944220268364321e-06
7.256281524868595e-06
7.575201270526807e-06
7.900979505338962e-06
8.233616229305054e-06
0.0
3.429244576970035e-09
1.371697830788014e-08
3.086320119273032e-08
5.486791323152056e-08
8.573111442425087e-08
1.2345280477092128e-07
1.680329842715317e-07
2.1947165292608225e-07
2.7776881073457286e-07
3.429244576970035e-07
4.1493859381337425e-07
4.938112190836851e-07
5.795423335079358e-07
6.721319370861268e-07
7.715800298182579e-07
8.77886611704329e-07
9.910516827443404e-07
1.1110752429382914e-06
1.2379572922861827e-06
1.371697830788014e-06
1.5122968584437853e-06
1.659754375253497e-06
1.8140703812171487e-06
1.9752448763347405e-06
2.143277860606271e-06
2.318169334031743e-06
2.499919296611155e-06
2.6885277483445074e-06
2.8839946892318002e-06
3.0863201192730316e-06
3.295504038468204e-06
3.511546446817316e-06
3.734447344320369e-06
3.964206730977361e-06
4.200824606788292e-06
4.444300971753166e-06
4.694635825871978e-06
4.951829169144731e-06
5.215881001571424e-06
5.486791323152056e-06
5.764560133886628e-06
6.049187433775141e-06
6.340673222817595e-06
6.639017501013988e-06
6.944220268364321e-06
7.256281524868595e-06
7.575201270526807e-06
7.900979505338962e-06
8.233616229305054e-06
0.0
3.429244576970035e-09
1.371697830788014e-08
3.086320119273032e-08
5.486791323152056e-08
8.573111442425087e-08
1.2345280477092128e-07
1.680329842715317e-07
2.1947165292608225e-07
2.7776881073457286e-07
3.429244576970035e-07
4.1493859381337425e-07
4.938112190836851e-07
5.795423335079358e-07
6.721319370861268e-07
7.715800298182579e-07
8.77886611704329e-07
9.910516827443404e-07
1.1110752429382914e-06
1.2379572922861827e-06
1.371697830788014e-06
1.5122968584437853e-06
1.659754375253497e-06
1.8140703812171487e-06
1.9752448763347405e-06
2.143277860606271e-06
2.318169334031743e-06
2.499919296611155e-06
2.6885277483445074e-06
2.8839946892318002e-06
3.0863201192730316e-06
3.295504038468204e-06
3.511546446817316e-06
3.734447344320369e-06
3.964206730977361e-06
4.200824606788292e-06
4.444300971753166e-06
4.694635825871978e-06
4.951829169144731e-06
5.215881001571424e-06
5.486791323152056e-06
5.764560133886628e-06
6.049187433775141e-06
6.340673222817595e-06
6.639017501013988e-06
6.944220268364321e-06
7.256281524868595e-06
7.575201270526807e-06
7.900979505338962e-06
8.233616229305054e-06
0.0
3.429244576970035e-09
1.371697830788014e-08
3.086320119273032e-08
5.486791323152056e-08
8.573111442425087e-08
1.2345280477092128e-07
1.680329842715317e-07
2.1947165292608225e-07
2.7776881073457286e-07
3.429244576970035e-07
4.1493859381337425e-07
4.938112190836851e-07
5.795423335079358e-07
6.721319370861268e-07
7.715800298182579e-07
8.77886611704329e-07
9.910516827443404e-07
1.1110752429382914e-06
1.2379572922861827e-06
1.371697830788014e-06
1.5122968584437853e-06
1.659754375253497e-06
1.8140703812171487e-06
1.9752448763347405e-06
2.143277860606271e-06
2.318169334031743e-06
2.499919296611155e-06
2.6885277483445074e-06
2.8839946892318002e-06
3.0863201192730316e-06
3.295504038468204e-06
3.511546446817316e-06
3.734447344320369e-06
3.964206730977361e-06
4.200824606788292e-06
4.444300971753166e-06
4.694635825871978e-06
4.951829169144731e-06
5.215881001571424e-06
5.486791323152056e-06
5.764560133886628e-06
6.049187433775141e-06
6.340673222817595e-06
6.639017501013988e-06
6.944220268364321e-06
7.256281524868595e-06
7.575201270526807e-06
7.900979505338962e-06
8.233616229305054e-06
0.0
3.429244576970035e-09
1.371697830788014e-08
3.086320119273032e-08
5.486791323152056e-08
8.573111442425087e-08
1.2345280477092128e-07
1.680329842715317e-07
2.1947165292608225e-07
2.7776881073457286e-07
3.429244576970035e-07
4.1493859381337425e-07
4.938112190836851e-07
5.795423335079358e-07
6.721319370861268e-07
7.715800298182579e-07
8.77886611704329e-07
9.910516827443404e-07
1.1110752429382914e-06
1.2379572922861827e-06
1.371697830788014e-06
1.5122968584437853e-06
1.659754375253497e-06
1.8140703812171487e-06
1.9752448763347405e-06
2.143277860606271e-06
2.318169334031743e-06
2.499919296611155e-06
2.6885277483445074e-06
2.8839946892318002e-06
3.0863201192730316e-06
3.295504038468204e-06
3.511546446817316e-06
3.734447344320369e-06
3.964206730977361e-06
4.200824606788292e-06
4.444300971753166e-06
4.694635825871978e-06
4.951829169144731e-06
5.215881001571424e-06
5.486791323152056e-06
5.764560133886628e-06
6.049187433775141e-06
6.340673222817595e-06
6.639017501013988e-06
6.944220268364321e-06
7.256281524868595e-06
7.575201270526807e-06
7.900979505338962e-06
8.233616229305054e-06
