nan
nan
nan
nan
nan
nan
nan
nan
nan
nan
nan
nan
nan
nan
nan
nan
nan
nan
nan
nan
nan
nan
nan
nan
nan
nan
nan
nan
nan
nan
nan
nan
nan
nan
nan
nan
nan
nan
nan
nan
nan
nan
nan
nan
nan
nan
nan
nan
nan
nan
0.08952316866323759
0.08952187077576074
0.08951823070523893
0.08951223111011482
0.08950384457464791
0.08949303363522995
0.08947975083587434
0.08946393882320622
0.08944553043322638
0.08942444869060125
0.08940060690798424
0.08937390904621416
0.08934424970767268
0.08931151412261423
0.08927557875668807
0.08923631086205626
0.0891935692358231
0.08914720408812929
0.0890970575142867
0.08904296321483071
0.0889847473271515
0.08892222843834235
nan
nan
nan
nan
nan
nan
nan
nan
nan
nan
nan
nan
nan
nan
nan
nan
nan
nan
nan
nan
nan
nan
nan
nan
nan
nan
nan
nan
0.0895520287956767
0.08955034988601335
0.08954633642048915
0.08953997099565683
0.08953122601422617
0.08952006371844855
0.08950643624177351
0.08949028573575957
0.08947154456838169
0.0894501353417937
0.08942597074092114
0.08939895403267148
0.0893689795337756
0.08933593191908684
0.08929968730210354
0.08926011276259165
0.08921706666447529
0.08917039931268077
0.08911995284959653
0.08906556108876905
0.08900705056488328
0.08894424032450812
0.08887694530995716
0.08880495912671493
0.08872809230423842
0.08864613186252789
0.0885588642479726
0.08846607014619312
0.08836752583617179
nan
nan
nan
nan
nan
nan
nan
nan
nan
nan
nan
nan
nan
nan
nan
nan
nan
nan
nan
nan
nan
0.08959982323838356
0.08959752052583819
0.08959289814407437
0.08958593842824776
0.089576613330421
0.08956488450156805
0.08955070334920387
0.08953401107924334
0.08951473892821116
0.08949280859394415
0.08946813206031036
0.0894406112080303
0.08941013918106647
0.08937660021835536
0.0893398690378296
0.08929981265302228
0.08925628825719953
0.08920914607858932
0.08915822763085385
0.08910336707837574
0.0890443906823572
0.08898111778996606
0.08891336427165142
0.08884092309165309
0.08876360712032619
0.08868120370556645
0.08859350066395741
0.0885002800383552
0.08840131990312158
0.08829638103756698
0.08818528029137557
0.08806774891859588
0.08794358161974869
0.08781252200434578
0.08767444695456136
nan
nan
nan
nan
nan
nan
nan
nan
nan
nan
nan
nan
nan
nan
nan
0.08966630602764758
0.08966314577716374
0.08965768899754184
0.08964991744432574
0.08963980215649822
0.08962730359710419
0.08961237187911977
0.0895949469363126
0.08957495843190588
0.08955232591440414
0.0895269598216386
0.08949876123792458
0.08946762076269538
0.08943342118021658
0.08939603630516403
0.08935533124205208
0.0893111632024787
0.0892633804434644
0.08921182435487979
0.08915632893194378
0.0890967196986227
0.08903281639209956
0.08896443602802884
0.08889136950843207
0.08881343303332104
0.08873041407240359
0.08864210165934142
0.08854827930549047
0.0884487263650196
0.08834319234655003
0.0882315381212215
0.08811345057073308
0.08798871045347324
0.08785717847989583
0.08771861160972323
0.08757289707909989
0.08742002170774231
0.08726025225683864
0.08709463752094598
0.08692687906547128
0.08677526659779139
nan
nan
nan
nan
nan
nan
nan
nan
nan
0.08975124054862732
0.08974699832587699
0.08974049231171413
0.08973170318578555
0.08972060058042067
0.0897071431897821
0.08969127883987707
0.08967294479360166
0.08965206846681525
0.08962856755472665
0.08960234922959809
0.08957331161553345
0.08954134482246665
0.08950632779304943
0.0894681325804812
0.08942662259970605
0.08938165357327504
0.0893330725865554
0.08928071989945896
0.08922442820714277
0.08916402381004017
0.0890993255367175
0.08903015096238076
0.0889562904689923
0.08887756210293674
0.08879375430088791
0.08870465691456977
0.08861005527283727
0.08850972903359033
0.0884034997764909
0.08829102608986729
0.08817219267725661
0.08804668818129678
0.08791451031854713
0.08777526433312327
0.0876288951384612
0.0874753932833584
0.08731502845169009
0.08714885917334284
0.08698059823011525
0.08683362184057118
0.08649622234661276
0.08631829761848166
0.08610931250485479
0.08588495691114613
nan
nan
nan
nan
nan
0.08985440748941786
0.08984886848860535
0.08984111019177328
0.08983111131139714
0.08981883889982172
0.08980424866235756
0.08978728546850326
0.08976788366699616
0.0897459666835305
0.08972144732581014
0.08969423004303895
0.08966421008509083
0.08963127200151146
0.08959529448800503
0.08955614522934627
0.08951368490705791
0.08946776704027351
0.08941823816137108
0.08936493572414698
0.08930769237206096
0.0892463334017322
0.08918067734716656
0.08911054101613722
0.08903571892008502
0.08895602594712482
0.08887125333916773
0.08878119208971233
0.08868562929218093
0.08858434926040536
0.08847724880800287
0.08836375760350332
0.08824398688976234
0.0881175946949101
0.08798450297744262
0.08784438302901473
0.08769716388570756
0.08754284097078893
0.08738169154695871
0.0872147886377577
0.08704590040944396
0.08690596181245167
0.08656169851304218
0.08638270104647906
0.08617273489173685
0.08594785103475334
0.08571021160578016
0.08546043235049605
0.08519826979312489
0.08492364287468843
nan
0.08997561690983069
0.08996857539891479
0.08995937459635497
0.08994798904085141
0.08993438108089238
0.08991850240123149
0.08990029431036135
0.08987968612602368
0.08985659486393321
0.08983092844796359
0.08980258618141415
0.08977145694706201
0.08973742296839307
0.08970035613617314
0.08966012195021135
0.08961657866616018
0.08956957468696819
0.08951895476565475
0.08946455668012639
0.08940620928667045
0.08934373826124503
0.0892769628276412
0.089205695112515
0.0891297412927528
0.08904890714976364
0.08896298844674147
0.08887177841403324
0.08877506570859164
0.08867262953799145
0.08856427506560556
0.08844976444327077
0.08832887480956844
0.08820146315778912
0.08806717259521261
0.08792597111396028
0.08777769762529553
0.08762235021746699
0.08746021830766
0.0872924124497784
0.0871227711132417
0.08698531946447088
0.08664030001448444
0.08645767340944216
0.08624687982583434
0.08602118607714501
0.0857828969659826
0.0855324640114538
0.08527025991168159
0.0849948945149522
0.08470611164435657
0.09011472344242101
0.09010599681651353
0.0900951716087516
0.09008222325523899
0.09006712563963037
0.0900498364173066
0.09003027983819697
0.09000835427747625
0.08998396652068094
0.08995704086858544
0.08992747736695442
0.0898951398428195
0.0898598993388314
0.08982163442798621
0.08978020197540579
0.08973545162573643
0.08968723612859485
0.08963539027217363
0.08957975255499959
0.08952015236432087
0.08945641174295396
0.08938835073785442
0.0893157786868133
0.08923851653371594
0.08915635685496255
0.08906910214237715
0.08897654809351435
0.08887848562546366
0.08877470666390805
0.08866501876789716
0.08854913504093824
0.08842691667609642
0.08829815930584979
0.08816256610774958
0.0880200634298591
0.08787051916447368
0.08771393270805733
0.08755060999216
0.08738170967790139
0.08721127537674647
0.08705633947833655
0.08673295063983613
0.08654416242505031
0.08633157582028474
0.08610486587009866
0.08586567675394033
0.0856146780110172
0.0853517986388142
0.0850755867874022
0.08478664285276846
0.0902716788679196
0.09026103614789072
0.09024842231354395
0.09023380157761987
0.09021711532678783
0.0901982829874679
0.09017722931962714
0.09015391488829125
0.09012828429405557
0.09010014148470272
0.0900692117343932
0.09003544014116341
0.08999890647515395
0.08995939336359599
0.08991664301929868
0.08987059110686543
0.08982103363093435
0.08976784202472796
0.08971081804012918
0.08964981538817349
0.08958464151279577
0.08951512368780684
0.0894410663261878
0.0893623026845965
0.08927861833764976
0.08918982262457488
0.08909571315425419
0.08899608418711988
0.08889074096835739
0.08877945207593385
0.08866201108835653
0.08853822011517545
0.08840763769230262
0.08827076126909228
0.08812673518811676
0.08797568960157771
0.08781763283827976
0.08765288282244205
0.0874827123847233
0.08731148015193493
0.08711983868672712
0.08683666096500374
0.08664081251634201
0.08642688348926236
0.0861988418466394
0.08595849260385868
0.08570551587525413
0.0854427554981323
0.0851653686479065
0.08487546682566917
0.09044654490308748
0.09043381111370453
0.0904192521553606
0.09040281568551652
0.09038443360422407
0.09036402256256668
0.09034148466036275
0.09031671365969648
0.09028959639379645
0.0902599983620577
0.09022778193498532
0.09019283775694932
0.09015498938230695
0.0901140560946168
0.09007003061217272
0.0900224916458128
0.08997135737269761
0.08991682113132049
0.0898581943477868
0.08979568991429407
0.08972887488866677
0.0896577149113957
0.08958198724425856
0.08950149606378455
0.08941606615591986
0.08932549777205159
0.08922959319890578
0.08912815596695806
0.08902093112708825
0.0889078780036518
0.08878861095078562
0.08866298675431741
0.08853032887085369
0.08839190153711798
0.08824610836440777
0.0880933087085914
0.08793353743762283
0.08776716924331777
0.08759548605054346
0.0874232607322872
0.08724829886333214
0.08694711749090978
0.08674873123440129
0.0865331943527254
0.08630305937522986
0.08606127568689254
0.08580760734835985
0.08554268637956351
0.08526436215784253
0.08497316501177121
0.0906396364836439
0.09062459773657446
0.09060794316504105
0.09058959790964874
0.0905694684087246
0.09054744351378453
0.09052339893898254
0.0904972054893605
0.09046872343711082
0.0904377919493353
0.09040425625417209
0.09036796515727225
0.09032874516241526
0.09028644777886596
0.0902408935248794
0.09019191938174798
0.0901393675425825
0.09008302952333844
0.09002292625224947
0.08995790735732317
0.08988962058849094
0.08981673810768342
0.08973926928224372
0.08965668929784015
0.08956923169345174
0.08947664291184117
0.08937867258789889
0.08927513324314915
0.08916594573635829
0.08905063988835597
0.08892925419079624
0.08880151479454948
0.08866696351129921
0.08852624431603767
0.08837838224795602
0.0882235431166432
0.08806177959367076
0.08789350925370223
0.08772013267302275
0.0875471843481869
0.08741722979793459
0.08706644661823273
0.08686764066833663
0.08664790505562957
0.0864174822062828
0.08617399642311484
0.08591878079896581
0.08565113889435616
0.085372409883159
0.08507972366436048
0.09085171877317441
0.0908340883366176
0.09081517003473466
0.09079486767802107
0.0907729816216993
0.09074940244928029
0.09072394033214909
0.09069642042675305
0.09066667071671847
0.09063449947034145
0.09059971088618876
0.0905621418807701
0.09052158250777359
0.09047785735323184
0.09043078995252696
0.09038021342000763
0.09032594540847771
0.09026782259943901
0.09020567611336511
0.09013934072045235
0.09006869686630864
0.08999330587116022
0.0899132457273562
0.08982753872112423
0.0897387358282065
0.08964407916488071
0.08954370494325213
0.08943766135985337
0.0893259508129545
0.08920824663475166
0.08908439711765576
0.08895420480637226
0.08881771285167872
0.08867412493907023
0.0885238207886869
0.08836663286405136
0.08820259759380757
0.08803211803079718
0.08785683220760791
0.08768269948289437
0.08738023270893575
0.08720015753532592
0.0869970049351968
0.08677409621629323
0.08654212180647819
0.0862966094579525
0.08603956585415777
0.08576925614358308
0.08548950263491878
0.085194969242684
0.09108448433183136
0.09106392153130932
0.09104255130513786
0.0910201818700092
0.09099662425252428
0.09097159059419241
0.0909449282738948
0.09091625897330924
0.09088557485783423
0.09085229668722994
0.09081646554377469
0.09077768953007656
0.09073581970113148
0.09069064556980866
0.09064199498096169
0.09058964083145005
0.09053344395990107
0.09047324261096566
0.09040886370347376
0.09034016468059375
0.09026699864542362
0.09018920231182168
0.09010663538663338
0.09001905683592189
0.08992608924770973
0.08982628332842904
0.08972691795870266
0.08961706724867163
0.08950223335435062
0.08938149119794807
0.08925469580631712
0.08912162488233519
0.08898229054397663
0.08883591075137695
0.08868280823494329
0.08852273280827314
0.08835624101908723
0.08818323820197438
0.08800579919734439
0.0878298681123004
0.0875486550979823
0.08734489740393747
0.08713738695914941
0.0869127938150588
0.08667696923311452
0.08642924514119482
0.0861699383615567
0.08589891261815012
0.08561557936882777
0.08531886542610277
0.09134165946118536
0.09131740509779776
0.0912932058558248
0.09126876916178459
0.09124368239771828
0.09121756865936213
0.09119006553932789
0.0911608413126933
0.09112946732881919
0.09109555176309511
0.09105885949996448
0.09101905708187752
0.09097596648409137
0.09092924287397977
0.090878881780429
0.09082434940396006
0.09076577933901203
0.09070295304672074
0.09063576175081123
0.09056408062339216
0.09048776113509764
0.09040669999869516
0.09032075938011351
0.09022981590940471
0.09013373134448904
0.09003236001777767
0.08992558556862268
0.08981367402540659
0.08968813960105734
0.08957038311125748
0.08944134576417874
0.08930466987616331
0.08916144393780528
0.08901215843666338
0.08885588942423087
0.08869283622838836
0.08852307401156036
0.08834723359727106
0.08816742702805519
0.0879953066079287
0.08769129468999311
0.08750087201367054
0.08728873200554929
0.08706178559711755
0.0868223659085002
0.08657104126687991
0.08630993989904837
0.08603593694205282
0.08575062442797102
0.0854511726232223
0.09163370691589415
0.0916036262297093
0.09157560801941307
0.09154882085552349
0.0915225196350696
0.09149607723507855
0.09146878247752754
0.0914397801267321
0.09140846894669091
0.09137452958860304
0.09133729758053181
0.09129654321602707
0.09125198388281833
0.0912031590192202
0.09115008539005845
0.0910926106425686
0.09103060032519592
0.09096397054954194
0.09089254348246367
0.09081664518346971
0.09073596904168124
0.09065037591643493
0.09055985702181821
0.09046432157937165
0.09036364198865757
0.0902577102412736
0.09014634376864405
0.09002952007875265
0.08990682025807366
0.08977666126624426
0.08962563727052356
0.08950256203060553
0.0893575773198277
0.08920376164498953
0.08904382348566652
0.08887702062626143
0.08870370969506094
0.0885245647380883
0.0883422080988171
0.08816113529818462
0.0878552319145251
0.08766791942514832
0.0874511595222292
0.0872197046790287
0.08697806343511229
0.08672388227171413
0.08645948309159865
0.0861826490674412
0.08589468864526495
0.08559397114938042
0.09200381040351976
0.0919573940182897
0.09192037068821092
0.09188920269657708
0.09186171349307859
0.09183670869212848
0.09181229218760731
0.09178557642163482
0.09175532706315213
0.09172188168418055
0.09168343066062323
0.0916402993656561
0.091592130272568
0.09153821752081132
0.09147916755144198
0.09141550022698272
0.09134604734562457
0.09127199320426962
0.09119328513366079
0.09110979125859323
0.09102165120889236
0.09092910180838595
0.09083062631549199
0.09072859066776803
0.09062129752075607
0.09050896844389228
0.09039155477357233
0.09026872982525785
0.09014045247863534
0.0900064811778486
0.08986681883466688
0.08971916644286332
0.08954348149189104
0.089413836573681
0.08924744136616115
0.08907647282067638
0.08889891571638285
0.08871614506166559
0.08853073977382697
0.08835418046423282
0.0880494692173258
0.08784677841370382
0.08762489222496178
0.08738963437679168
0.08714188183195304
0.0868867301546222
0.08661907245405302
0.08633957119839157
0.08604595827974004
0.08574082047536571
nan
nan
nan
nan
nan
nan
nan
nan
nan
nan
nan
0.09233230391468264
0.09220067888520357
0.0920800267516218
0.09197572033219789
0.09187442173947571
0.09177576154507193
0.09167610651922817
0.0915755635087167
0.0914728675973846
0.09136788993817829
0.0912600869736689
0.09114914677053561
0.09103459230569011
0.09091194951139012
0.09079389493662438
0.09066705637839306
0.09053575135933564
0.09039957175900615
0.09025819094901204
0.09011143602168561
0.08995900371007057
0.0898008506934268
0.08963156175222861
0.08946925665793282
0.08929313275165568
0.08911028283893571
0.08892242093905336
0.0887344498960571
0.0886026516270062
0.08824914684363622
0.08803756118673337
0.08781026211813425
0.08757094909611554
0.08731479302331871
0.08705865969210808
0.0867884084382473
0.0865046447265317
0.08620890047671445
0.08590101783320578
nan
nan
nan
nan
nan
nan
nan
nan
nan
nan
nan
nan
nan
nan
nan
nan
nan
nan
0.09232809336658682
0.09204813815570236
0.09186097538419664
0.09170148566735054
0.09155475616267372
0.09141014829562094
0.09126904428011934
0.0911278962129709
0.09098443067690351
0.09083809476060237
0.09069132247758221
0.09053900756384223
0.09038218597980671
0.09022132163992902
0.09005515419557188
0.08988324379602247
0.0897058999563154
0.08952656999772605
0.08936942345016544
0.08914819458745991
0.08895407732405826
0.08860509896622293
0.08845886834091746
0.08824083856707737
0.08800767022410985
0.08776243475071252
0.08748690819504357
0.08724347139443672
0.08696758112655356
0.08667943833985048
0.08637960018004859
0.0860654272207503
nan
nan
nan
nan
nan
nan
nan
nan
nan
nan
nan
nan
nan
nan
nan
nan
nan
nan
nan
nan
nan
nan
0.09227406892315845
0.09196003928820859
0.09174245164115241
0.09155002058051848
0.09137160935933503
0.09119932614008026
0.09102881060926078
0.09086254997470167
0.09068757030464505
0.09051324481545026
0.09033580541920497
0.09015389302814489
0.08996717309508984
0.0897752660968557
0.08957510782960082
0.0893180058663334
0.0891977428545031
0.08888550437512119
0.08868446197895424
0.0884586545851218
0.08821784832067135
0.08796776062882347
0.087721215715444
0.08743767328264004
0.0871564990392375
0.08686405099846356
0.0865589855443689
0.08623941480173056
0.09438968754949426
0.09454416906869582
0.0941975163308301
0.09415294902311219
0.09400462623286884
nan
nan
nan
nan
nan
nan
nan
nan
nan
nan
nan
nan
nan
nan
nan
nan
nan
nan
nan
nan
0.09225840363501894
0.09191689465015296
0.09166580888376225
0.09144394339865007
0.09123859410921102
0.09103956106339411
0.09084268764423017
0.09064972101876853
0.09045376102418773
0.09025448078913627
0.09005251408789058
0.08984649944385237
0.08963985936707167
0.08942216414106463
0.08913166211061962
0.08892647369251061
0.08868869653027328
0.088441532141455
0.08818506032581917
0.08791869069577177
0.08764319629426276
0.08735373286854685
0.08705938360938953
0.08674575869455158
0.08646473349662481
0.09455893022054804
0.0945789433518947
0.09460976144381456
0.09461936172492305
0.09457760427575938
0.09431927046291555
0.09403453836063488
0.0939452674375457
nan
nan
nan
nan
nan
nan
nan
nan
nan
nan
nan
nan
nan
nan
nan
nan
nan
nan
nan
0.09254709377037526
0.09204436147415221
0.0917346391134339
0.09147483937330234
0.09123863009802295
0.09101449257556232
0.09079372939860741
0.0905751183578401
0.09035673076028838
0.090139462870751
0.08992735958622337
0.08973193583464233
0.08940265991419201
0.08924850771009832
0.08894648082672278
0.08868108032889863
0.08841543653267976
0.08814143350414357
0.08785855296440503
0.08755794026068166
0.08725978875539506
0.08692400882500373
0.08615809926875335
0.0944464251597075
0.09443029185554316
0.09444816132418057
0.09442455448364426
0.09446765054925096
0.09455612300679969
0.09456780000223314
0.09449706345107864
0.09405673942242523
nan
nan
nan
nan
nan
nan
nan
nan
nan
nan
nan
nan
nan
nan
nan
nan
nan
nan
nan
nan
0.09269341545507073
0.09209648262137288
0.09173428048592783
0.09143377680037096
0.09118938930937417
0.09086123396225876
0.09069982311106212
0.09046503254241296
0.09024292266064893
0.08990433277948903
0.0896947756532358
0.08943645459569094
0.08918804377191769
0.08897173352149917
0.0886631091744554
0.08837910209093602
0.08808829688341796
0.08778455987522776
0.08748067415653041
0.08621217784847227
0.08680942231518154
0.0946433691456203
0.09461614638595392
0.09459848985189054
0.09453580099804942
0.09447953390288588
0.09447780159467559
0.09445154589314553
0.09453267655005645
0.09454554600002357
0.09448534718836588
0.09406657184699654
nan
nan
nan
nan
nan
nan
nan
nan
nan
nan
nan
nan
nan
nan
nan
nan
nan
nan
nan
nan
0.09262617792112599
0.09207656527680061
0.09169094583499113
0.09137799245647718
0.09109458429327899
0.09082614200058327
0.09054319523275661
0.09025408871948308
0.08999891073362172
0.0897328391622928
0.08945017358499012
0.08906337103121745
0.08902460157778821
0.08863195733532923
0.08833649184744874
0.08802063418580033
0.08669785617825793
0.08757843728569367
0.08708097146736624
0.09480549421921594
0.09477257145746039
0.09472109345539513
0.0946784475172211
0.09464002915723288
0.0945965519437552
0.09452202029234313
0.09446089169723565
0.09446510775143169
0.0945397093129374
0.09457077718851087
0.09479110758868708
nan
nan
nan
nan
nan
nan
nan
nan
nan
nan
nan
nan
nan
nan
nan
nan
nan
nan
nan
nan
nan
0.09248051311243066
0.09195749991592635
0.09158987168647217
0.09122853262286093
0.09095687008877479
0.09061519640858984
0.09033818157057964
0.0900471773680997
0.08976395768603479
0.08946892109806562
0.08912834848115617
0.08886285452801185
0.08864449253807372
0.0885601767510686
0.08808566921860914
0.08766325579133014
0.0872945553335887
0.09505301365867777
0.09498955209886918
0.0949303199669922
0.09487122202000609
0.09481307485653259
0.09475583594923415
0.0946919981744844
0.094632442109139
0.09453305633683275
0.09447641903913975
0.09453498021862328
0.09451692138937173
0.09456993026362812
nan
nan
nan
nan
nan
nan
nan
nan
nan
nan
nan
nan
nan
nan
nan
nan
nan
nan
nan
nan
nan
0.09283264783117548
0.0921369960513404
0.09168180387442325
0.09134562462094574
0.09102834912840614
0.0907065648284374
0.09041614579431946
0.09008466721168018
0.0897729403781164
0.08943139441004477
0.08947227828973275
0.09025823077292712
0.08887200916025467
0.08826709851219627
0.0879020456579575
0.08754871115663337
0.09534119427258231
0.0952728702306466
0.09520305999966702
0.09513107856218772
0.09505765590404361
0.09498399916878589
0.09490764229609917
0.09483069029745429
0.0947473834801138
0.09466788926781435
0.09452999143048316
0.09452645871116208
0.09449931372169974
0.0945847391086027
nan
nan
nan
nan
nan
nan
nan
nan
nan
nan
nan
nan
nan
nan
nan
nan
nan
nan
nan
nan
nan
nan
0.09242552010986546
0.09193839354999467
0.09148778594377704
0.09111918685010577
0.09076973172937042
0.0904155592450603
0.0900406396910382
0.08991588066795095
0.09097821683723706
0.08799373733211947
0.08880338215417412
0.08861624217613397
0.08816783961545244
0.08778043938728763
0.09568044369944223
0.09560469852327685
0.09552570023918139
0.09544428577642375
0.09536053129551214
0.0952743251049985
0.09518546538860925
0.09509436908212685
0.09499995273565358
0.09490512176395538
0.09478094944086692
0.09466907674959757
0.09452559066729185
0.09445961935824759
0.09448415806171212
nan
nan
nan
nan
nan
nan
nan
nan
nan
nan
nan
nan
nan
nan
nan
nan
nan
nan
nan
nan
nan
nan
0.0916159538504768
nan
0.09263846937191497
0.09142581879798567
0.09097711077872865
0.0907666718152984
0.09023772261192878
0.08986293909002221
0.08947550797681814
0.08915465296854469
0.08881093803093139
0.08878784665632089
0.08785688602690742
0.09605202503781102
0.09597074200625423
0.09588589767809076
0.09579775239650788
0.09570593395526633
0.09561106018089519
0.09551327421174963
0.09541183052060281
0.09530729691538334
0.0951971573077682
0.09508471765399037
0.09495732181609143
0.09481333027936945
0.09459700483633195
0.0944649043814711
0.09437239067432765
nan
nan
nan
nan
nan
nan
nan
nan
nan
nan
nan
nan
nan
nan
nan
nan
nan
nan
nan
nan
nan
nan
nan
0.09241134764168885
0.09182943460546746
0.09183605327832106
0.0908330197817574
0.09057375071325272
0.09017316500917966
0.08980667405877585
0.08943418258422395
0.08903402147424527
0.08863375267136142
0.08847693267631968
0.09644664516501875
0.09636148799313854
0.0962719860444588
0.09617895788696729
0.09608156173328439
0.09598028911632854
0.09587512172044928
0.09576637935068497
0.0956536542930856
0.0955370873937224
0.09541584175796675
0.09528881146266416
0.09515007379043738
0.09499737524545648
0.09483546556988415
0.09456097098304475
0.09423594767243808
nan
nan
nan
nan
nan
nan
nan
nan
nan
nan
nan
nan
nan
nan
nan
nan
nan
nan
nan
nan
nan
nan
nan
0.092136673582221
0.0919317438982989
0.0914382526575491
0.0908413291415705
0.09057867228540444
0.09018460784161969
0.08975417254257977
0.0894987644221045
0.08843790810418271
0.08856966806478582
0.09685980178646866
0.09677180711419785
0.09667890580788235
0.0965814061434317
0.09647947884215143
0.0963731688700002
0.09626260927379957
0.0961475914806532
0.09602830880463989
0.0959045019020798
0.09577851530148351
0.0956428412973948
0.09550124527142861
0.09535109964458105
0.09517983168756494
0.09494306833693986
0.09473517936446388
0.09415606612754934
nan
nan
nan
nan
nan
nan
nan
nan
nan
nan
nan
nan
nan
nan
nan
nan
nan
nan
nan
nan
nan
nan
nan
nan
0.09133838197730915
0.09146648015079685
0.09090089253771633
nan
0.09010830407340881
0.08953575164060446
0.0894359192323843
0.08843294161018925
0.09728992212708121
0.09719405694367286
0.09710190355240261
0.09700092836425325
0.09689507148320689
0.09678445942168096
0.09666913707767309
0.09654913745453184
0.09642444336104933
0.09629488400427276
0.0961608739295725
0.09602121039624628
0.09587515410646487
0.09574524534790471
0.09555861897014012
0.09537440365803469
0.09514766180314153
0.09480891751477977
0.09440956379425938
nan
nan
nan
nan
nan
nan
nan
nan
nan
nan
nan
nan
nan
nan
nan
nan
nan
nan
nan
nan
nan
nan
nan
nan
nan
nan
nan
0.09092374611108019
0.09065363017866461
0.089806372833075
0.08893312028468209
0.09772760133623892
0.09763735663026991
0.09753908343926079
0.09743505791738678
0.09732571740667717
0.09721124150642754
0.09709172803819405
0.0969672312328658
0.09683770743608744
0.09670333765816067
0.09656365949016106
0.09641877828352932
0.0962682853591366
0.09611060888807538
0.09594676903084609
0.09576945190735359
0.0955790768962419
0.09534958059932955
0.09496682367443568
0.09485797451465959
nan
nan
nan
nan
nan
nan
nan
nan
nan
nan
nan
nan
nan
nan
nan
nan
nan
nan
nan
nan
nan
nan
nan
nan
nan
nan
nan
0.08994578413205057
nan
nan
0.0981979186293605
0.09809785574061969
0.09799383578132702
0.09788799138948502
0.0977703655908172
0.09765196938719532
0.09752853092315861
0.09739979701534907
0.09726585544687395
0.09712656431028714
0.09698216116126336
0.09683249153494669
0.09667651275873626
0.09651497839511809
0.0963472585121887
0.0961717168748814
0.09598807911717794
0.09578578678341781
0.09555352516143574
0.09526493356398225
nan
nan
nan
nan
nan
nan
nan
nan
nan
nan
nan
nan
nan
nan
nan
nan
nan
nan
nan
nan
nan
nan
nan
nan
nan
nan
nan
nan
nan
nan
0.09868302766250614
0.0987521096635132
0.098473017923713
0.09835054979255983
0.09823044003914483
0.09810688186783181
0.097979015070767
0.09784692535369703
0.09770675894822682
0.09756363821857292
0.09741458389763642
0.09726009264662358
0.0970989834672467
0.09693258361874427
0.09676145541448491
0.09657566702542586
0.09639409376381526
0.0961991363498402
0.09598737687345024
0.09574414614424628
0.0954470988064415
nan
nan
nan
nan
nan
nan
nan
nan
nan
nan
nan
nan
nan
nan
nan
nan
nan
nan
nan
nan
nan
nan
nan
nan
nan
nan
nan
nan
nan
0.09908987001025443
0.09900365281748191
0.09888745222394178
0.09879823390474521
0.0987217507809655
0.0985815067276963
0.0984457565478439
0.09830667608084517
0.0981640146652237
0.0980168629301422
0.09786466908674996
0.0976980517270975
0.09753466126500368
0.09736398961895898
0.09718299434236197
0.09700056914570723
0.09681240873928297
0.09658168635266565
0.09642935637050212
0.0961806057609857
0.09592163283702002
nan
nan
nan
nan
nan
nan
nan
nan
nan
nan
nan
nan
nan
nan
nan
nan
nan
nan
nan
nan
nan
nan
nan
nan
nan
nan
nan
nan
nan
0.10046971584246911
0.0996162902369622
0.09944526455843848
0.09931179422531053
0.09918870891174503
0.09905460190380228
0.09891938305649685
0.0987855990286948
0.09879015626682126
0.09848142949933919
0.0983238521185508
0.09816116627084792
0.09799547941070591
0.09779709439577278
0.0976227765787111
0.09744030326727071
0.09723190342490809
0.0970286939630937
0.09682314375185566
0.09661079689909642
0.09639088164721646
0.09636104815676379
nan
nan
nan
nan
nan
nan
nan
nan
nan
nan
nan
nan
nan
nan
nan
nan
nan
nan
nan
nan
nan
nan
nan
nan
nan
nan
nan
0.09052191085276998
0.10000488870218172
0.10001058441698274
0.10000492103296998
0.09998761942764212
0.10001272950339027
0.10045282591114604
0.09946627271623817
0.09927707258949836
0.09913618282605642
0.09897696735773107
0.09883222311932913
0.09861186384118048
0.09846064801110671
0.09827648583355326
0.09809708629007197
0.09794945155093213
0.09767693454381551
0.0974768473076984
0.09724273331414687
0.09705412645244857
0.0968038840636318
0.09663702872916166
0.09627645988633479
nan
nan
nan
nan
nan
nan
nan
nan
nan
nan
nan
nan
nan
nan
nan
nan
nan
nan
nan
nan
nan
nan
nan
nan
nan
nan
nan
0.10213878792761888
0.09997712743645869
0.0999890286855724
0.09999880629791827
0.10000033589858408
0.09999980303960783
0.09999592278995356
0.09998491736374897
0.10002627151224561
0.09957661553256895
0.09934643422209836
0.0991489479200334
0.09895871490196378
0.09882268163528518
0.09872364885409733
0.09837596498893966
0.09818171413271495
0.09793453405005743
0.09765709431017384
0.09738250751591676
0.0972080806310433
0.09700259243127146
0.09672341438305018
nan
nan
nan
nan
nan
nan
nan
nan
nan
nan
nan
nan
nan
nan
nan
nan
nan
nan
nan
nan
nan
nan
nan
nan
nan
nan
nan
0.10065954321714864
0.10084314242933204
0.10050493248505724
0.10011607069853709
0.10000744342306614
0.09992130223506154
0.1000184045302558
0.09999242812152072
0.09999863219481689
0.1000016270688818
0.09999962329729947
0.09997162322287041
0.09959491353022193
0.09927013145277422
0.0990645450242623
0.09879567425102037
0.0988223285666017
0.09845766333611025
0.09824379544268971
0.09820950117719018
0.09790120470400378
0.09743941877715814
0.09703338542317204
nan
nan
nan
nan
nan
nan
nan
nan
nan
nan
nan
nan
nan
nan
nan
nan
nan
nan
nan
nan
nan
nan
nan
nan
nan
nan
nan
0.1018378116389741
0.10102252508777737
0.10192310804219669
0.10124161671664192
0.10137004688757922
0.10085405712571861
0.10070025190701493
0.10061034309904246
0.1003705993318494
0.10002643649223314
0.09999480678210129
0.10000115577553687
0.10000002499752504
0.10000602857004248
0.10012857712092568
0.1000111411749908
0.09929058148476666
0.0987824093509726
0.09895714240107722
0.10348572973278325
0.09812659196880327
nan
nan
nan
nan
nan
nan
nan
nan
nan
nan
nan
nan
nan
nan
nan
nan
nan
nan
nan
nan
nan
nan
nan
nan
nan
nan
nan
nan
nan
0.10043278209845519
0.10201001236533766
0.10147026429105538
0.10190772147394413
0.10180343497121762
0.10152322334446887
0.10132635093577969
0.1010916771528374
0.10090330062674616
0.10096241438453665
0.10053773035526628
0.10036418181996001
0.09998818173993534
0.100000117321881
0.09999948472921036
0.0999999024858578
0.10194907880198216
0.10176836628454648
0.1008995058464682
0.10000619318738202
0.10154466492525759
nan
nan
nan
nan
nan
nan
nan
nan
nan
nan
nan
nan
nan
nan
nan
nan
nan
nan
nan
nan
nan
nan
nan
nan
nan
nan
nan
nan
nan
0.10147870301593187
0.10043188934825428
0.1029632769599379
0.10000269883676696
0.10195327822096009
0.10033808328909677
0.1011061468244801
0.1015981564223788
0.10150827362612197
0.10138505455874725
0.10124336577400511
0.10082415717884778
0.10089684094823514
0.10042731338681403
0.10003660137062091
0.10000253777665882
0.10000036034172607
0.10000163731435892
0.10004278011942097
0.09895369419566247
0.09901991179446346
0.10409642609804232
nan
nan
nan
nan
nan
nan
nan
nan
nan
nan
nan
nan
nan
nan
nan
nan
nan
nan
nan
nan
nan
nan
nan
nan
nan
nan
nan
nan
0.1019957888213923
0.1021120386628562
0.10334422259673351
0.1024171645321546
0.10148453100983454
0.10098024244260112
0.10088480296212382
0.10201681868480092
0.1018258554855202
0.1017595443937824
0.10171674573470939
0.10166478189582376
0.10145802783445326
0.10124018755028244
0.10087724143159804
0.10194787099608175
0.10069871773599741
0.10102036413922073
0.10046182595846642
0.0999996992930902
0.10051053631022872
nan
nan
nan
nan
nan
nan
nan
nan
nan
nan
nan
nan
nan
nan
nan
nan
nan
nan
nan
nan
nan
nan
nan
nan
nan
nan
nan
nan
nan
nan
nan
0.10056637507962442
0.10228776384225644
0.10336863803252855
0.10312773870841237
0.10292413026976699
0.10104286531631881
0.10189382693663879
0.10185798510016489
0.10183524578961803
0.10180994641084193
0.10181032585586174
0.10183946589160087
0.10189205173640352
0.10086145820619169
0.10095447964637601
0.10000381056326249
0.10146729679229996
0.10187401622136572
0.10167220975006229
nan
nan
nan
nan
nan
nan
nan
nan
nan
nan
nan
nan
nan
nan
nan
nan
nan
nan
nan
nan
nan
nan
nan
nan
nan
nan
nan
nan
nan
nan
nan
nan
nan
0.10035916342361378
0.10194386513726625
0.1033382681161916
0.10323930706396492
0.10297503368372832
0.10076977068208565
0.10129352887971826
0.10193147949196885
0.10184248432125503
0.10182245455033369
0.10182487591758357
0.10189243973150444
0.1018914013342492
0.10019014263451331
0.10296366467374046
0.10141041828024935
0.10144302935366128
0.10162181370565232
nan
nan
nan
nan
nan
nan
nan
nan
nan
nan
nan
nan
nan
nan
nan
nan
nan
nan
nan
nan
nan
nan
nan
nan
nan
nan
nan
nan
nan
nan
nan
nan
0.09983437082473795
0.10401959022387847
0.10395824167573159
0.10382713388145115
0.10363241205708242
0.10332788389277626
0.10298986525409301
0.10194737560901374
0.10188446269292042
0.10194769987200647
0.10182425632417555
0.10179654778150496
0.10178538695897615
0.10180359214922749
0.10293898137309325
0.10296120275291816
0.10172886163003067
0.10116110294435929
nan
nan
nan
nan
nan
nan
nan
nan
nan
nan
nan
nan
nan
nan
nan
nan
nan
nan
nan
nan
nan
nan
nan
nan
nan
nan
nan
nan
nan
nan
nan
nan
nan
nan
nan
0.10412330097779751
0.10413493830617937
0.10393836566942884
0.10367570415018773
0.10346444090359808
0.10294852985565997
0.1016024918657767
0.10033593111353965
0.10180891398794843
0.10175716193485432
0.10174912584371484
0.10116254965438111
0.10015575631098947
0.10280444139472969
0.10386338711090158
nan
nan
nan
nan
nan
nan
nan
nan
nan
nan
nan
nan
nan
nan
nan
nan
nan
nan
nan
nan
nan
nan
nan
nan
nan
nan
nan
nan
nan
nan
nan
nan
nan
nan
0.09810446174559703
nan
0.10068037475658607
0.10439918502631357
0.10429120847985784
0.10399103692639436
0.1036400940597777
0.1034119332176118
0.10160127122477414
0.1000281790367544
0.10145590155060633
0.10018485484715853
0.10168435072631274
0.10221444920982434
0.10077157647309812
nan
nan
nan
nan
nan
nan
nan
nan
nan
nan
nan
nan
nan
nan
nan
nan
nan
nan
nan
nan
nan
nan
nan
nan
nan
nan
nan
nan
nan
nan
nan
nan
nan
nan
0.10685073406974688
nan
nan
nan
0.0982841280142201
0.10484998954028943
0.10459793141793777
0.10432833533347002
0.10393642191840285
0.10167714513586565
0.10150547754769146
0.10164867475250139
0.10049008974678228
0.09956396270850101
0.10139020754992184
0.10237228177057112
nan
nan
nan
nan
nan
nan
nan
nan
nan
nan
nan
nan
nan
nan
nan
nan
nan
nan
nan
nan
nan
nan
nan
nan
nan
nan
nan
nan
nan
