nan
nan
nan
nan
nan
nan
nan
nan
nan
nan
nan
nan
nan
nan
nan
nan
nan
nan
nan
nan
nan
nan
nan
nan
0.08524758624115739
nan
nan
nan
nan
nan
nan
nan
nan
nan
nan
nan
nan
nan
nan
nan
nan
nan
nan
nan
nan
nan
nan
nan
nan
nan
0.08954203707942601
0.0895352827513779
0.08951486190526892
0.08948070152466953
0.08943268866704554
0.08937067159244924
0.08929446109260673
0.08920383078015848
0.08909851926579875
0.08897823177372981
0.08884263545486773
0.08869137081984502
0.08852404685994283
0.08834022846934123
0.08813945568217012
0.08792122169552728
0.08768496395118622
0.08743003508605335
0.08715564309105156
0.08686070813839386
0.08654338540397688
nan
nan
nan
nan
0.08549825670171676
nan
nan
nan
nan
nan
nan
nan
nan
nan
nan
nan
nan
nan
nan
nan
nan
nan
nan
nan
nan
nan
nan
nan
nan
0.08962714752678475
0.08962065320977608
0.08960057644684981
0.0895668305702917
0.0895192871642862
0.08945777676576042
0.08938208966035122
0.08929197849059688
0.08918715715798961
0.08906730500846005
0.08893203922736267
0.08878104074273954
0.08861372313784951
0.08842989693337276
0.08822876752011302
0.08800991721746097
0.0877726992443362
0.08751638836704537
0.08724009158765486
0.08694260183800048
0.08662210242122315
0.08627453275821245
0.08589188630538613
nan
0.08515854313549423
0.08518836622964715
0.0848164351705418
0.08407172386109336
0.08354434673316709
0.08301910312524988
nan
nan
nan
nan
nan
nan
nan
nan
nan
nan
nan
nan
nan
nan
nan
nan
nan
nan
nan
nan
0.08976802399587375
0.0897620141875119
0.0897425945516436
0.0897096590175212
0.0896630557491134
0.08960258734083955
0.0895280135354779
0.08943905218085745
0.08933537835543287
0.08921662946226097
0.08908241094372943
0.08893219335340713
0.088765577821455
0.0885821943593631
0.08838121230623203
0.08816215667440233
0.08792419229266324
0.08766653873200025
0.08738816810171418
0.0870876038705909
0.08676272608483299
0.08640939078401486
0.08602154131975903
0.08542525785981431
0.08494710891716976
0.08519601840632605
0.0854520127159966
0.08459381883880263
0.08383159324988344
0.08325459940671048
0.08268985008913282
0.08211112221997546
0.0815252133152696
0.08092225078628767
0.0803150500267529
0.07968889336041317
nan
nan
nan
nan
nan
nan
nan
nan
nan
nan
nan
nan
nan
nan
0.08996391649233748
0.08995866821070897
0.089940309162893
0.08990870880044781
0.0898636795559146
0.08980498476434841
0.08973233684193493
0.08964540300161569
0.08954379664422435
0.08942709443685608
0.08929482337899813
0.08914646104022084
0.08898150967707386
0.08879904734985594
0.08859850105896538
0.08838048277659616
0.08814243556183275
0.08788383384264634
0.0876036039622709
0.08730013339402176
0.08697083904098116
0.08661133461848687
0.08621044271414535
0.0857143451923243
0.08502914344817838
0.08489988104951382
0.08494795381877115
0.08496573586244766
0.08578217314186626
0.08370485514120996
0.08304585958419491
0.0824358210723457
0.08180927350302726
0.08118540492754428
0.08055727412475262
0.07993766427540627
0.07951429723467347
0.07827058151820124
0.07754156118817021
0.07676047233805106
0.07594244275922533
nan
nan
nan
nan
nan
nan
nan
nan
nan
0.09021429667609152
0.09021016463005045
0.0901934234549779
0.09016393598897438
0.09012135476551307
0.09006550884940336
0.08999600176115793
0.08991240670958944
0.0898142487808054
0.08970100432292089
0.08957210585960523
0.08942692846536834
0.08926480200212632
0.08908497854405001
0.08888598974545076
0.08868488255288043
0.08843392252571386
0.08817418632607345
0.0878927326812344
0.08758682323192468
0.08725419878753801
0.08688911106284297
0.08648170697094362
0.08599152573968157
0.0850240684387468
0.08494648326787801
0.0849052131640857
0.08490238685803733
0.08493934952824973
0.08519742218675243
0.08377031418460176
0.08293591031242635
0.08226064201508715
0.08157374268091737
0.08090937860721306
0.08024076755579625
0.07958370656877252
0.07835230982497099
0.07789132241893505
0.07701687465544416
0.07618056385995753
0.07530526879563501
0.07440079850753059
0.07346633171832441
nan
nan
nan
nan
nan
nan
0.09051924334060868
0.09051670136325574
0.0905024108103554
0.09047615176716617
0.09043761578642312
0.09038640150056261
0.09032202655463153
0.09024394350398346
0.09015154770524952
0.09004406199070689
0.0899207872927883
0.08978099315529574
0.08962378008325397
0.089448265713612
0.08925344945117647
0.08903801356546193
0.08878979764928989
0.08855951207830468
0.08826743730267511
0.08795964423038603
0.08762332921313909
0.08725656811308646
0.08684269314021924
0.08636285963813763
0.08557237216898893
0.08489158996330737
0.08488561014469784
0.08486387192779682
0.08487631819841565
0.08491906369174652
0.08497837519096119
0.08497336066235177
0.08293268302767713
0.08220785932293222
0.08140743876800305
0.08068375512837273
0.07994837522292705
0.07910214020606096
0.07856801751026554
0.07778232264946726
0.07657873192118769
0.07564746155952123
0.07470183831667222
0.07372522392801627
0.07271265928507888
0.07171258394102872
0.07033698873485104
nan
nan
nan
0.09088045053063488
0.09088024129133285
0.09086987798389004
0.09084904550206088
0.09081735945293518
0.09077423758631849
0.09071895186640086
0.09065068679682875
0.09056849253082434
0.09047130070043927
0.09035801948225115
0.09022769734524816
0.09007856885358762
0.08991075242366792
0.0897217793676911
0.08951076258260623
0.08927603052273209
0.08901148152667358
0.08872374674635036
0.08846349258864233
0.088105322015467
0.08772993493140908
0.08732796230564566
0.08683989440178486
0.08622706851710979
0.08494086976577833
0.08487735836427397
0.08482297860710646
0.08479761248517691
0.08480261464574926
0.08483238727179868
nan
nan
nan
0.08223855044079208
0.08132928489371954
0.08046976458109167
0.07962597021711199
0.07759044352287144
0.07805356399606446
0.07777757195826429
0.07673634792307515
0.07511956708551376
0.07456076032089609
0.07308352046031617
0.07204174793035406
0.0710935233832084
nan
nan
nan
0.09130460533714774
0.09130815226472044
0.09130507423849937
0.09129507009430078
0.09127761723229681
0.09125192710462625
0.09121690518407463
0.09117107874743441
0.09111248085384528
0.09103883881836197
0.0909474055543083
0.09083764750368002
0.09070484318815558
0.09054804322544185
0.09036525166634599
0.09016697036493304
0.08992522713254728
0.08966122743017502
0.08936496810513446
0.08900175465632856
0.08870479759796521
0.08839338097294039
0.08795312705956691
0.08747045550257873
0.0869227220026551
0.085909520578728
0.08493519851320427
0.0848306101937138
0.08475905552712572
0.08472214273836672
0.08471203912508005
0.08471962425811494
nan
nan
nan
nan
0.08161464128879635
0.08054552691529732
0.07943823633087417
0.07736009127748428
0.07673508608389298
0.07665986660554486
0.0760766899096057
0.07586934447912425
0.07135564408370773
nan
nan
nan
nan
nan
0.09182170548599058
0.09183419070219706
0.09185328177575547
0.09188167996172111
0.09192411658479485
0.09199873535415137
0.09219201546190514
0.09366883718955805
0.09708389932741514
0.10684405454486465
0.10556187674749151
nan
nan
nan
nan
nan
nan
0.09100751318532385
0.0905004453476478
0.0900869738442696
0.08957249040961682
0.08898400982390434
0.08875349949270935
0.08897346621835298
0.08775971301945518
0.08725840975383353
0.08527731666751168
0.08490909701034634
0.08477713759354116
0.0846924516267551
0.08463641512786667
0.0846056164232666
0.08458531060183302
nan
nan
nan
nan
nan
0.08089771198810333
0.07927533647739768
0.07814165187019981
0.0778823688066185
nan
nan
nan
nan
nan
nan
nan
nan
0.09432746196892974
0.09427856424568493
0.09395104840421838
0.09413644757343337
0.09390022562136645
0.09398644727399534
0.09319883490262876
0.09343934965917611
0.09405689702376607
0.0949320821455708
0.09411544523712884
0.10589377748618688
nan
nan
nan
nan
nan
nan
nan
nan
nan
nan
nan
nan
0.08876309423722537
nan
nan
nan
0.08492617697922722
0.08495036540493184
0.08462662387586589
0.08454159300208658
0.0844868477809705
0.08446565288081143
nan
nan
nan
nan
nan
nan
nan
nan
nan
nan
nan
nan
nan
nan
nan
nan
0.09420567573943026
0.09418814887274496
0.09415757553702073
0.09410132401629788
0.0938192118810767
0.09377830441287116
0.09382942378906911
0.09386826213431307
0.09398726929639745
0.09385714578815008
0.09396698089136202
0.09724188763417932
0.10569563227009127
nan
nan
nan
nan
nan
nan
nan
nan
nan
nan
nan
nan
nan
nan
nan
nan
nan
nan
nan
0.08446514295420045
0.0843564300061142
0.08428075564645823
nan
nan
nan
nan
nan
nan
nan
nan
nan
nan
nan
nan
nan
nan
nan
0.09428140177498405
0.0942691485998234
0.09420081659420765
0.09411274699466927
0.09403305534959049
0.09397583568996479
0.09400121714002929
0.09401310641094193
0.0939597037604328
0.09400741041869666
0.09398176731850416
0.09400872006622292
0.09398370108589184
nan
nan
nan
nan
nan
nan
nan
nan
nan
nan
nan
nan
nan
nan
nan
nan
nan
nan
nan
nan
nan
nan
nan
nan
nan
nan
nan
nan
nan
nan
nan
nan
nan
nan
nan
nan
nan
0.09462963176420075
0.09462372005218564
0.09458528208068773
0.09449988066427491
0.09433629823751052
0.09416854628923142
0.09408890093604626
0.09406876827361704
0.09401710400833549
0.09401347029354964
0.09402988525343169
0.09400803178893262
0.09425473509975957
0.10067215645712156
nan
nan
nan
nan
nan
nan
nan
nan
nan
nan
nan
nan
nan
nan
nan
nan
nan
nan
nan
nan
nan
nan
nan
nan
nan
nan
nan
nan
nan
nan
nan
nan
nan
nan
nan
nan
0.09500238206870792
0.0949948768494688
0.09495801698262687
0.09489052066093864
0.09476876224328065
0.09459227312704664
0.09429669287752665
0.09408257101309249
0.09407556339987688
0.09404343186071307
0.09399838080622402
0.09408497354323267
0.09406059570216657
0.09424337687461216
0.09418151152602919
nan
nan
nan
nan
nan
nan
nan
nan
nan
nan
nan
nan
nan
nan
nan
nan
nan
nan
nan
nan
nan
nan
nan
nan
nan
nan
nan
nan
nan
nan
nan
nan
nan
nan
nan
0.0954817664352345
0.09547388805919099
0.09544541155751989
0.09539512602599426
0.09531707674565151
0.09519915408131446
0.09501592574528135
0.09471185850179047
0.0942257746593139
0.09393469720556014
0.09398301197082384
0.09404341315989068
0.09402661626140682
0.09408442814623731
0.0942664758064374
nan
nan
nan
nan
nan
nan
nan
nan
nan
nan
nan
nan
nan
nan
nan
nan
nan
nan
nan
nan
nan
nan
nan
nan
nan
nan
nan
nan
nan
nan
nan
nan
nan
nan
nan
0.09608361824365794
0.09607878299691552
0.09605687472435155
0.09601701343514939
0.09595727529328665
0.0958742037074649
0.09575635646194575
0.09560767204147262
0.09538424093456853
0.09498047367677602
0.09371113556084537
0.09388473641093473
0.0940099613445407
0.09400861222572919
0.0942977469165808
0.10067773196013609
nan
nan
nan
nan
nan
nan
nan
nan
nan
nan
nan
nan
nan
nan
nan
nan
nan
nan
nan
nan
nan
nan
nan
nan
nan
nan
nan
nan
nan
nan
nan
nan
nan
nan
0.09677704632708034
0.09677629996077586
0.09675964321323458
0.09672665386034172
0.09667593620533485
0.09660680297668928
0.0965168685252264
0.09640159256613501
0.09625476125515685
0.09606532772655271
0.09580358406368603
0.09530100748813083
0.09348508264162061
0.09386506240023945
0.0940957287150137
0.0954897671184024
0.09395710030973195
nan
nan
nan
nan
nan
nan
nan
nan
nan
nan
nan
nan
nan
nan
nan
nan
nan
nan
nan
nan
nan
nan
nan
nan
nan
nan
nan
nan
nan
nan
nan
nan
nan
0.09753301960398353
0.09753684596032297
0.09752512069207432
0.09749741166921774
0.09745311552805377
0.09739142754172597
0.09730956865956661
0.0972081609182823
0.09708643005668524
0.09693431552470518
0.09676454510535071
0.09650982561023563
0.09602084402804581
0.09552149178423663
0.0939336426337807
0.09393782122363017
0.09376479337412415
0.09273322743784629
nan
nan
nan
nan
nan
nan
nan
nan
nan
nan
nan
nan
nan
nan
nan
nan
nan
nan
nan
nan
nan
nan
nan
nan
nan
nan
nan
nan
nan
nan
nan
nan
0.09833847176485055
0.09834609890488484
0.09833883676009719
0.0983164069718557
0.09827829460611315
0.09822449137534739
0.09815408465149116
0.0980681550485435
0.097960876312358
0.09777801630570197
0.09764850402672284
0.09743060017296676
0.09718976267630723
0.09696916168429143
0.09569398569119972
0.09579554652481961
0.09806172311714732
0.10524988936085208
nan
nan
nan
nan
nan
nan
nan
nan
nan
nan
nan
nan
nan
nan
nan
nan
nan
nan
nan
nan
nan
nan
nan
nan
nan
nan
nan
nan
nan
nan
nan
nan
0.09918537031978802
0.09920195579104424
0.0992031006007344
0.09918860960298317
0.09915850776949403
0.0991123237936697
0.09904919102941535
0.09896805086180635
0.09882740542845332
0.09883243961029833
0.09875198791449993
0.0984670958338578
0.09824224851261995
0.09808559095596606
0.09815630709439785
0.09688400184659367
0.10825521788914239
0.09674585969057703
0.10546379529819944
nan
nan
nan
nan
nan
nan
nan
nan
nan
nan
nan
nan
nan
nan
nan
nan
nan
nan
nan
nan
nan
nan
nan
nan
nan
nan
nan
nan
nan
nan
nan
0.09996543394883249
0.09999572876002424
0.09999739529837036
0.09997164880171726
0.09995669530575027
0.09999879033333298
0.1000352458050531
0.09999606449629209
0.09995004784597157
0.09993037786957576
0.10014628595540812
0.09951507645274749
0.0993226664888118
0.09872796826766003
0.09874943899376137
0.10358861662747877
0.09874192123458629
0.10284931762746881
0.09559122354776198
nan
nan
nan
nan
nan
nan
nan
nan
nan
nan
nan
nan
nan
nan
nan
nan
nan
nan
nan
nan
nan
nan
nan
nan
nan
nan
nan
nan
nan
nan
nan
0.10093597400752599
0.10096994211467317
0.10098179420947194
0.10097561884660416
0.10087325520805288
0.10092902992488598
0.10088986616310261
0.10081755019755309
0.10070498898684334
0.10057725584343978
0.10030911677025622
0.10002062723778866
0.0999998571133919
0.10000016646782198
0.09999887753074808
0.10152344457609858
0.10053161396584724
0.10399136943143325
0.09818940955449701
nan
nan
nan
nan
nan
nan
nan
nan
nan
nan
nan
nan
nan
nan
nan
nan
nan
nan
nan
nan
nan
nan
nan
nan
nan
nan
nan
nan
nan
nan
nan
0.10183794935698204
0.10187663331076685
0.10195431395334961
0.1020122287173459
0.10216495744080778
0.10204165224337208
0.10215482471635588
0.10211350127856322
0.10208559216849072
0.10210364823548104
0.10207416513916939
0.10204921430171386
0.10090645903820347
0.10075661381121029
0.10207609380238027
0.09860843005201866
0.10418520903147913
0.10247306772007972
nan
0.09685893838501689
nan
nan
nan
nan
nan
nan
nan
nan
nan
nan
nan
nan
nan
nan
nan
nan
nan
nan
nan
nan
nan
nan
nan
nan
nan
nan
nan
nan
nan
nan
0.1029202570716661
0.10291713435854695
0.1029006912624191
0.10286744542180257
0.10281142536170862
0.10271878702741008
0.1024912980457752
0.10207061502397059
0.10211060060687657
0.10209550242759652
0.10208365457953986
0.1020702018919872
0.10205614585903162
0.10204088774135991
0.10321338695221285
0.09991063494608221
0.10159635370686704
nan
nan
0.09482814991542962
nan
nan
nan
nan
nan
nan
nan
nan
nan
nan
nan
nan
nan
nan
nan
nan
nan
nan
nan
nan
nan
nan
nan
nan
nan
nan
nan
nan
nan
nan
0.10387575195702248
0.10393284173610234
0.10393957826003278
0.10393185774448309
0.10385830752858859
0.10383889770611343
0.1038052602332509
0.10375388348356819
0.10361366312549884
0.10346550328128182
0.10311452199335408
0.10250169142586346
0.10207499316338793
0.10204215852909682
0.10140985093529803
0.10197821774705307
0.10194563391938768
0.10521158437646379
nan
nan
nan
nan
nan
nan
nan
nan
nan
nan
nan
nan
nan
nan
nan
nan
nan
nan
nan
nan
nan
nan
nan
nan
nan
nan
nan
nan
nan
nan
nan
nan
0.10493244512720373
0.10496929559274826
0.10499550343473645
0.10500784850827663
0.10500361402511044
0.10498074048468783
0.10493817351362719
0.10488191813802229
0.10477063014571307
0.10470770395794629
0.10465483267251194
0.10430249076607538
0.10372306187223325
0.10457818464136905
0.09905117590552194
0.10548580844174349
0.09894874488117139
nan
nan
nan
nan
nan
nan
nan
nan
nan
nan
nan
nan
nan
nan
nan
nan
nan
nan
nan
nan
nan
nan
nan
nan
nan
nan
nan
nan
nan
nan
nan
nan
nan
0.10586597701803466
0.1059378546666154
0.10600255784898763
0.10613148369714712
0.10625350224534921
0.1063543502161656
0.10613297126042012
0.1064181199166018
0.10631175049164643
0.1062839610499598
0.10630272795368909
0.10620819085191602
0.10612307978259147
0.10612355014885647
0.10603193868557735
0.09842743919923173
0.0967711434509581
0.10584017842293644
nan
nan
nan
nan
nan
nan
nan
nan
nan
nan
nan
nan
nan
nan
nan
nan
nan
nan
nan
nan
nan
nan
nan
nan
nan
nan
nan
nan
nan
nan
nan
nan
0.10726078606534926
0.10726885261960359
0.10717830417515434
0.10682282226232699
0.10632710114109035
0.10628340361407282
0.10633496790764857
0.10629695022993933
0.10617922655784824
0.10624089081096016
0.10617089491918857
0.10598342717076428
0.1011833555686886
0.09880151826057415
0.10097284517634203
nan
nan
nan
nan
nan
nan
nan
nan
nan
nan
nan
nan
nan
nan
nan
nan
nan
nan
nan
nan
nan
nan
nan
nan
nan
nan
nan
nan
nan
nan
nan
nan
nan
nan
nan
0.10840039925533827
0.10841788512579288
0.1084095583860828
0.10837661049879004
0.10831879878240436
0.10823821900722821
0.10812787191597104
0.10802061012327309
0.10770968134221885
0.09910521098643851
0.10438217710185344
nan
0.09965093531207128
nan
nan
nan
nan
nan
nan
nan
nan
nan
nan
nan
nan
nan
nan
nan
nan
nan
nan
nan
nan
nan
nan
nan
nan
nan
nan
nan
nan
nan
nan
nan
nan
nan
nan
nan
nan
nan
0.10950281395074715
0.10944329657534291
0.10944343949490196
0.10945631840697342
0.10945822837612329
0.10946678994695319
0.10941252077995095
0.10929022323661937
0.10913638220423194
0.10890520537762803
0.10898176135572701
0.11066564204650235
nan
nan
0.0937490207794979
nan
nan
nan
nan
nan
nan
nan
nan
nan
nan
nan
nan
nan
nan
nan
nan
nan
nan
nan
nan
nan
nan
nan
nan
nan
nan
nan
nan
nan
nan
nan
nan
nan
nan
nan
0.11112534945581656
0.11112052550535181
0.11111220060521723
0.11108586797255635
0.11106084619590083
0.11107122982404251
0.11105666630756851
0.1111160298368
0.11110990433138598
nan
nan
nan
nan
nan
nan
nan
nan
nan
nan
nan
nan
nan
nan
nan
nan
nan
nan
nan
nan
nan
nan
nan
nan
nan
nan
nan
nan
nan
nan
nan
nan
nan
nan
nan
nan
nan
nan
nan
nan
nan
0.11225789995772667
0.1121392645640767
0.1122854586114522
0.11231264044126457
0.112316070284526
0.11212704436243728
nan
0.11024719590857585
0.11195088461114257
nan
nan
nan
nan
nan
nan
nan
nan
nan
nan
nan
nan
nan
nan
nan
nan
nan
nan
nan
nan
nan
nan
nan
nan
nan
nan
nan
nan
nan
nan
nan
nan
nan
nan
nan
nan
nan
nan
nan
nan
nan
0.11395096735264212
0.1143585351517336
0.1139294535031031
0.11425762603994141
0.11482551060289611
0.11372440700231773
nan
nan
nan
nan
nan
nan
nan
nan
nan
nan
nan
nan
nan
nan
nan
nan
nan
nan
nan
nan
nan
nan
nan
nan
nan
nan
nan
nan
nan
nan
nan
nan
nan
nan
nan
nan
nan
nan
nan
nan
nan
nan
nan
nan
nan
nan
nan
0.1167446349104222
nan
nan
0.11608729583121294
nan
nan
nan
nan
nan
nan
nan
nan
nan
nan
nan
nan
nan
nan
nan
nan
nan
nan
nan
nan
nan
nan
nan
nan
nan
nan
nan
nan
nan
nan
nan
nan
nan
nan
nan
nan
nan
nan
nan
nan
nan
nan
nan
nan
nan
nan
nan
nan
nan
nan
nan
nan
nan
nan
nan
nan
nan
nan
nan
nan
nan
nan
nan
nan
nan
nan
nan
nan
nan
nan
nan
nan
nan
nan
nan
nan
nan
nan
nan
nan
nan
nan
nan
nan
nan
nan
nan
nan
nan
nan
nan
nan
nan
0.11704063039896186
nan
nan
nan
0.1169065899579391
nan
nan
nan
nan
nan
nan
nan
nan
nan
nan
nan
nan
nan
nan
nan
nan
nan
nan
nan
nan
nan
nan
nan
nan
nan
nan
nan
nan
nan
nan
nan
nan
nan
nan
nan
nan
nan
nan
nan
nan
nan
nan
nan
nan
nan
nan
nan
nan
nan
nan
nan
nan
nan
nan
nan
nan
nan
nan
nan
nan
nan
nan
nan
nan
nan
nan
nan
nan
nan
nan
nan
nan
nan
nan
nan
nan
nan
nan
nan
nan
nan
nan
nan
nan
nan
nan
nan
nan
nan
nan
nan
nan
nan
nan
nan
nan
nan
nan
0.1169529930968024
nan
nan
nan
nan
nan
nan
nan
nan
nan
nan
nan
nan
nan
nan
nan
nan
nan
nan
nan
nan
nan
nan
nan
nan
nan
nan
nan
nan
nan
nan
nan
nan
nan
nan
nan
nan
nan
nan
nan
nan
nan
nan
nan
nan
nan
nan
nan
nan
nan
nan
nan
nan
nan
nan
nan
nan
nan
nan
nan
nan
nan
nan
nan
nan
nan
nan
nan
nan
nan
nan
nan
nan
nan
nan
nan
nan
nan
nan
nan
nan
nan
nan
nan
nan
nan
nan
nan
nan
nan
nan
nan
nan
nan
nan
nan
nan
nan
nan
nan
nan
nan
nan
nan
nan
nan
nan
nan
nan
nan
nan
nan
nan
nan
nan
nan
nan
nan
nan
nan
nan
nan
nan
nan
nan
nan
nan
nan
nan
nan
nan
nan
nan
nan
nan
nan
nan
nan
nan
nan
nan
nan
nan
nan
nan
nan
nan
nan
nan
nan
nan
nan
nan
nan
nan
nan
nan
nan
nan
nan
nan
nan
nan
nan
nan
nan
nan
nan
nan
nan
nan
nan
nan
nan
nan
nan
nan
nan
nan
nan
nan
nan
nan
nan
nan
nan
nan
nan
nan
nan
nan
nan
nan
nan
nan
nan
nan
nan
nan
nan
nan
nan
nan
nan
nan
nan
nan
nan
nan
nan
nan
nan
nan
nan
nan
nan
nan
nan
nan
nan
nan
nan
nan
nan
nan
nan
nan
nan
nan
nan
nan
nan
nan
nan
nan
nan
nan
nan
nan
nan
nan
nan
nan
nan
nan
nan
nan
nan
nan
nan
nan
nan
nan
nan
nan
nan
nan
nan
nan
nan
nan
nan
nan
nan
nan
nan
nan
nan
nan
nan
nan
nan
nan
nan
nan
nan
nan
nan
nan
nan
nan
nan
nan
nan
nan
nan
nan
nan
nan
nan
nan
nan
nan
nan
nan
nan
nan
nan
nan
nan
nan
nan
nan
nan
nan
nan
nan
nan
nan
nan
nan
nan
nan
nan
nan
nan
nan
nan
nan
nan
nan
nan
nan
nan
nan
nan
nan
nan
nan
nan
nan
nan
nan
nan
nan
nan
nan
nan
nan
nan
nan
nan
nan
nan
nan
nan
nan
nan
nan
nan
nan
nan
nan
nan
nan
nan
nan
nan
nan
nan
nan
nan
nan
nan
nan
nan
nan
nan
nan
nan
nan
nan
nan
nan
nan
nan
nan
nan
nan
nan
nan
nan
nan
nan
nan
nan
nan
nan
nan
nan
nan
nan
nan
nan
nan
nan
nan
nan
nan
nan
nan
nan
nan
nan
nan
nan
nan
nan
nan
nan
nan
nan
nan
nan
nan
nan
nan
nan
nan
nan
nan
nan
nan
nan
nan
nan
nan
nan
nan
nan
nan
nan
nan
nan
nan
nan
nan
nan
nan
nan
nan
nan
nan
nan
nan
nan
nan
nan
nan
nan
nan
nan
nan
nan
nan
nan
nan
nan
nan
nan
nan
nan
nan
nan
nan
nan
nan
nan
nan
nan
nan
nan
nan
nan
nan
nan
nan
nan
nan
nan
nan
nan
nan
nan
nan
nan
nan
nan
nan
nan
nan
nan
nan
nan
nan
nan
nan
nan
nan
nan
nan
nan
nan
nan
nan
nan
nan
nan
nan
nan
nan
nan
nan
nan
nan
nan
nan
nan
nan
nan
nan
nan
nan
nan
nan
nan
nan
nan
nan
nan
nan
nan
nan
nan
nan
nan
nan
nan
nan
nan
nan
nan
nan
nan
nan
nan
nan
nan
nan
nan
nan
nan
nan
nan
nan
nan
nan
nan
nan
nan
nan
nan
nan
nan
nan
nan
nan
nan
nan
nan
nan
nan
nan
nan
nan
nan
nan
nan
nan
nan
nan
nan
nan
nan
nan
nan
nan
nan
nan
nan
nan
nan
nan
nan
nan
nan
nan
