nan
0.7212445145573254
0.7212757962575469
0.721327972712686
0.7214011046050858
0.7214952758870995
0.7216105928898253
0.7217471835596516
0.7219051968299259
0.7220848021377475
0.7222861891033625
0.7225095673970138
0.7227551668219204
0.7230232376671161
0.723314051378071
0.7236279016413374
0.7239651059882181
0.7243260080783451
0.7247109809025704
0.7251204312791262
0.7255548063914246
0.7260146044431209
0.7265004001697689
0.7270130600417819
0.7275516105699031
0.7281196484801122
0.7287165205235978
0.7293436535432363
0.7300025706056744
0.7306952011377232
0.7314240976167041
0.7321927988300287
0.7330071018831262
0.7338695143536735
0.7347986852979352
0.7358104413237461
0.7369401781915065
0.7382770343312002
0.7400870748270133
nan
nan
nan
nan
nan
nan
nan
nan
nan
nan
nan
nan
0.721227170192988
0.7212582609564615
0.7213102186242779
0.7213831059495471
0.7214770094894689
0.7215920390351229
0.7217283273109529
0.7218860301125419
0.7220653270786271
0.722266423646114
0.722489555259761
0.7227349965450849
0.7230030831583565
0.7232942695571093
0.7236093502300739
0.7239508743661331
0.7242626335565937
0.7242820509918145
0.725079509521698
0.7255179757802893
0.7259788431313194
0.7264647309572594
0.7269769921430994
0.727514897456569
0.7280822421727416
0.7286782385815411
0.729304459767662
0.729957763788275
0.7306532965891339
0.7313808838065533
0.7321481935312919
0.7329606516959462
0.733821071828191
0.7347472493386271
0.7357551889687557
0.7368602010912447
0.7382068899048722
0.7399971641522365
nan
nan
nan
nan
nan
nan
nan
nan
nan
nan
nan
nan
0.7211752966926679
0.7212058166476545
0.7212571193161552
0.7213292732807407
0.7214223723977629
0.7215365360676549
0.7216719102263135
0.7218286694504786
0.7220070210298422
0.722207212786779
0.7224295482554522
0.7226744182955713
0.7229423744885664
0.723234329551114
0.723552228118326
0.7239003884739574
0.7242547245493457
0.7243652442699013
0.7249095911684563
0.7254000518298385
0.7258681783764196
0.7263558465016895
0.7268675164552669
0.7274028950309883
0.7279692845302999
0.7285628045932652
0.7291863298333725
0.729866003253037
0.7305271609589052
0.7312511643719102
0.7320142167762914
0.73282143450151
0.7336756857092721
0.7345950858674424
0.7355425801048445
0.7367053655176538
0.737996568888561
0.7397334815688277
nan
nan
nan
nan
nan
nan
nan
nan
nan
nan
nan
nan
0.7210893722971905
0.7211189476539255
0.7211691634264268
0.7212400967612399
0.7213318521073807
0.7214445626546204
0.7215783930055646
0.7217335438590489
0.7219102602508167
0.7221088463747085
0.7223296936219983
0.7225733372179486
0.7228405848027473
0.7231328507180852
0.7234532476323917
0.7238123802277979
0.7242973740406464
0.724362901181683
0.7243401701802004
0.7251179449185277
0.7256646366999644
0.7261647349625769
0.7266793659793583
0.7272195175857045
0.7277780441007731
0.7283681229486965
0.7289874648001383
0.7296424414645797
0.7303152310751125
0.7310335625976089
0.7317903463007002
0.7325894280241149
0.733431888405966
0.7343430585441196
0.7353337679200544
0.7364088084403442
0.7376591008869842
0.7392015050747753
nan
nan
nan
nan
nan
nan
nan
nan
nan
nan
nan
nan
0.7209701924509027
0.7209984599733334
0.7210471642236223
0.7211163952183604
0.7212062648137916
0.7213169247398938
0.7214485595170579
0.7216013976666954
0.7217757233552002
0.7219718972298022
0.7221903945029806
0.7224318795567425
0.722697367429996
0.7229886259595477
0.7233093924926406
0.7236708475997019
0.7241461004730185
0.7243709326361698
0.7244377720607743
0.7245056835530841
0.7246452369306543
0.7258534957293781
0.7263965186025579
0.726939964464881
0.7275013979401816
0.7280892064088537
0.728703996801864
0.7293508030402862
0.7300146331221351
0.7307268514240474
0.731508473602094
0.7322628295686636
0.7331017843020391
0.73398979254058
0.7352174106201464
0.7359512558173205
0.7371990538629056
0.7386295329581369
0.7410135277323784
nan
nan
nan
nan
nan
nan
nan
nan
nan
nan
nan
0.7208188692338983
0.7208454799952626
0.7208922618260682
0.7209593115826294
0.7210467574829778
0.721154762671296
0.7212835303457262
0.7214333297843203
0.7216044401560306
0.7217973020228505
0.7220124447375432
0.7222506201003267
0.7225129615471999
0.7228013706870602
0.7231195988312047
0.7234772566275713
0.7239189101342529
0.7243899138721352
0.7244712382037211
0.7245343905037582
0.724645259465063
0.7248049754419205
0.7259066756325889
0.7265384283885045
0.7271243365938771
0.727713203004739
0.7283270740589641
0.728968040869325
0.7297554583332649
0.7303246929734794
0.731062779424399
0.731842354904091
0.7326638586500566
0.7335333275033327
0.7345042845096861
0.7353230225370849
0.7366305585304194
0.7380404496200323
0.7398488359575088
nan
nan
nan
nan
nan
nan
nan
nan
nan
nan
nan
0.7206368306591492
0.720661456021228
0.7207059195977003
0.7207703267702557
0.7208548156219479
0.7209595613451888
0.7210847828437676
0.72123075270881
0.7213978127099003
0.7215864024612837
0.7217971240042687
0.7220306997057684
0.7222883521697006
0.7225719314496357
0.7228848321694099
0.7232345048842316
0.7236447693725562
0.7246433341350395
0.7245599377391767
0.7245645796881104
0.724623221593589
0.7247205334835986
0.7248613620346405
0.7250688084474146
0.7265141096282173
0.7271976605090876
0.727831848921756
0.7284773946319233
0.7291502903744691
0.7297723556374281
0.7305500259575151
0.7313120481057327
0.7321238495934619
0.7329838294310433
0.7339096055228014
0.7353481765867972
0.7353587850777837
0.7371223180154892
0.7384434563364314
nan
nan
nan
nan
nan
nan
nan
nan
nan
nan
nan
0.720425825808964
0.7204481614054855
0.7204899328244079
0.7205512517560633
0.720632263331352
0.7207331509729562
0.7208541434515616
0.7209955252238598
0.7211576522028899
0.7213409765274787
0.7215460868111545
0.7217737766663637
0.7220251135523386
0.7223021024360772
0.7226072599491884
0.7229464081959356
0.7233333484205654
0.7238253923794626
0.7246724730692541
0.7246483421240132
0.7246569667440437
0.7247061234718032
0.7247907520346341
0.7249124910266282
0.7250693694838448
0.7253167348797103
0.7270990402002895
0.7278220846860143
0.728516911577324
0.729225070858904
0.7299134196627437
0.7306759546568236
0.73146777969159
0.7323082991758744
0.733239671828526
0.7342306239088482
0.7353450350212299
0.7353937459054293
0.7378730061767325
nan
nan
nan
nan
nan
nan
nan
nan
nan
nan
nan
0.7201879343734972
0.7202077038842628
0.7202464327220073
0.7203042362770392
0.7203812636060627
0.7204777028500543
0.72059378713429
0.7207298060649339
0.7208861195242717
0.72106318087049
0.7212615728849316
0.7214820667932468
0.7217257248728661
0.7219940932514878
0.7222895904439272
0.7226165757662363
0.722983433888829
0.7234138247128639
0.724046051723938
0.7248041365748872
0.7247534880381514
0.7247524643888111
0.7247883786636888
0.7248569369338285
0.7249564621671851
0.7250952446535164
0.7252776355255218
0.7254614308618845
0.7275597088921149
0.7283950697494139
0.7293021116687216
0.7298875705016203
0.7306856212546153
0.7315313157830294
0.7323815706620378
0.7333549340548334
0.7357126403837237
0.7353616654574474
0.7354241361366303
nan
nan
nan
nan
nan
nan
nan
nan
nan
nan
nan
nan
0.7199421668792879
0.7199775500886552
0.7200311954704366
0.7201037850841897
0.7201954908941288
0.7203058184652571
0.7204357202055192
0.7205853563092612
0.7207551896390889
0.7209457818771752
0.7211578491238114
0.7213923669585307
0.7216506982042186
0.7219348630048561
0.722248096224186
0.7225961976878326
0.7229869498611298
0.7234691205364926
0.7244293283932013
0.7249278939729611
0.7248667694527394
0.7248517543673658
0.7248710065009532
0.7249206849264339
0.7250007322901225
0.7251818195771701
0.725222801145649
0.7254127759217466
0.7256494502541454
0.727867093343675
0.7290235749517937
0.729679468330622
0.7305575221681497
0.7314430833186081
0.7322162855530605
0.7330447433098681
0.736666762751659
0.7353397029633666
0.7363100088697421
nan
nan
nan
nan
nan
nan
nan
nan
nan
nan
nan
0.7196556180581948
0.7196874653893381
0.7197372555631569
0.719805133638606
0.7198912792797578
0.719995978888588
0.720119304718493
0.7202626650938018
0.7204248038290232
0.720605142226973
0.7208778966544898
0.7210515579313851
0.7212482466515076
0.7215433636059504
0.7218423343860755
0.7221726296196525
0.7225408978917072
0.7229635472878737
0.7234605246505416
0.7252642141057393
0.7250654295096947
0.7249873043410355
0.7249559729979504
0.724955387750059
0.7249836092412492
0.7250380958572664
0.7251191514783923
0.7252264081472027
0.725363660486969
0.7255294121115903
0.7258375673618334
0.7253652518022469
0.7289600259580744
0.7304072146620291
0.731136165863286
0.7318874963874269
0.735785805277286
0.7353223780002247
0.737739938717827
nan
nan
nan
nan
nan
nan
nan
nan
nan
nan
nan
0.719350078203142
0.7193780779564989
0.7194232986555968
0.7194858733419172
0.7195659699212865
0.7196637973636314
0.7197796103493699
0.7199137408833043
0.7200665763358224
0.7202386211631061
0.7204305160956356
0.7206430997057517
0.7208775272283985
0.721135482271494
0.721419531107816
0.7217420631213486
0.7220513673344271
0.7223795569179677
0.722886628045387
0.723456928217524
0.7254256389139788
0.7252191417505538
0.7251253137689959
0.7250624816957947
0.7250425534190912
0.7250470204910532
0.7250760514256192
0.7251220601760171
0.7252355544143523
0.7253660698393181
0.7255014013145646
0.7256866970614115
0.7259466348419946
0.7262126904764878
0.7261489422966312
0.7309937180806988
0.7319358213741222
0.7346821380511301
nan
nan
nan
nan
nan
nan
nan
nan
nan
nan
nan
nan
0.7190298274267829
0.7190538372171871
0.719094274842023
0.7191512577975497
0.7192249347103644
0.7193154914945814
0.7194231581179823
0.7195482192234557
0.7196910274643289
0.7198520226986458
0.7200317600387517
0.7202308570000837
0.7204504174823069
0.7206915020620381
0.720955800381609
0.7212457354227547
0.7215647311646323
0.7219192170277191
0.7223254667812632
0.7227820199678671
0.723301311013049
0.7255451988080017
0.7253143957006429
0.7252641952357367
0.7251857088519356
0.7251385981582547
0.7251233148418816
0.7251173928360813
0.7251466150875184
0.7252050917169113
0.7252902673698113
0.7254114616799323
0.7256170851154211
nan
0.7256823858525
0.7259657787829621
nan
nan
nan
nan
nan
nan
nan
nan
nan
nan
nan
nan
nan
nan
nan
0.718719242788352
0.7187547293855352
0.7188058619284201
0.7188727641135493
0.7189555918281466
0.7190545399753276
0.7191698517414511
0.7193018274892097
0.7194508263569511
0.7196173670787949
0.7198020442401877
0.7200055612236177
0.7202289755502265
0.7204736433639356
0.7207390244505145
0.7210338462751468
0.7213566276599427
0.7217137685277084
0.7221164253640793
0.7225840565201247
0.7232550429573045
0.7257600239307838
0.7255925639663017
0.7254342056484078
0.7253808206902512
0.7252126747350858
0.7251739718763216
0.725148644687569
0.7251483264724501
0.7251746003487303
0.7252303046056358
0.7253034371684448
nan
nan
nan
0.7304501622198523
nan
nan
nan
nan
nan
nan
nan
nan
nan
nan
nan
nan
nan
nan
0.7183796365944952
0.718410077607661
0.7184551679347574
0.7185149975759912
0.7185896706927798
0.7186793519942611
0.7187842370603748
0.7189045678155315
0.7190406507375702
0.7191928749501966
0.7193617499375207
0.7195479206569305
0.7197518292164166
0.7199752021208289
0.7202189233578049
0.7204849762592247
0.720777312686459
0.7211054595262626
0.721450213073038
0.7218494597876541
0.7223211035784897
0.7228969607544834
0.7238862140767985
0.7259114141630816
0.7255967729140103
0.7254532202156266
0.7253391562552497
0.7252508884347271
0.7251904915639322
0.7251537430395769
0.725145448967719
0.7251733057810807
nan
nan
nan
nan
nan
0.7255610279178317
nan
nan
nan
nan
nan
nan
nan
nan
nan
nan
nan
nan
0.7180414014280951
0.7180668472897206
0.7181058759160351
0.7181585644969115
0.7182249885935981
0.7183052451561053
0.7183994805306898
0.7185078872927664
0.7186307186239208
0.7187686000922602
0.7189231349434402
0.7191469245511315
0.7192690699145305
0.7194614937074332
0.7196842901352918
0.7199199478626506
0.7201792371818817
0.7204621797254808
0.7207730855498045
0.7211180303382964
0.7215823473889933
0.7218943572002583
0.7225273216627168
0.7232083786387964
0.7261320772384349
0.7258901065556487
0.7256252997142653
0.7254627489170267
0.7253512274233813
0.7252467020049223
0.7251762535959901
0.725134082726146
nan
nan
nan
nan
nan
nan
nan
nan
nan
nan
nan
nan
nan
nan
nan
nan
nan
nan
0.7177127738226444
0.7177333847460874
0.7177663724283612
0.7178117416976615
0.7178695042442051
0.7179396823552391
0.7180223156447959
0.7181174679456396
0.7182252450437501
0.7183457936064452
0.7184793933544106
0.7186260085286447
0.7187871129765465
0.7189649744575044
0.7191498873089676
0.7193581825969583
0.7195946062313691
0.719943259879906
0.7199327705541478
0.7202516518077319
0.72060854849842
0.7209799248197766
0.7214076171961128
0.7219353933753958
0.7226107166496044
0.7241463716971017
0.7260281774357764
nan
nan
nan
nan
nan
nan
nan
nan
nan
nan
nan
nan
nan
nan
nan
nan
nan
nan
nan
nan
nan
nan
nan
nan
0.7174195870223584
0.7174469235155692
0.7174853181867221
0.7175343539320926
0.7175937552134352
0.717667321509886
0.7177475560604668
0.7178404015645331
0.7179434516987611
0.7180565302740993
0.7181800711506546
0.7183132516588426
0.7184540231071478
0.7186210696741626
0.7188018747485787
0.7189764093086203
0.7191789348782358
0.7193912562490931
0.7196458750610041
0.7199437754372897
0.7204124094005032
0.7204460214498382
0.7201544563328234
0.7207867534470683
0.7223130818279451
nan
0.7318737658569755
nan
nan
0.725831501086315
nan
nan
nan
nan
nan
nan
nan
nan
nan
nan
nan
nan
nan
nan
nan
nan
nan
nan
nan
nan
0.7171391093836788
0.7171615007631311
0.7171936467034553
0.7172353645823855
0.7172863987996086
0.7173463997392622
0.7174149245260695
0.7174913509400609
0.7175751314255986
0.7176651773241838
0.7177596474639412
0.7178519695179818
0.7179172788930969
0.7180396700501066
0.7181552606280288
0.7179803694644539
0.717996814135887
0.7179147993218284
0.7177430565213408
0.718003091147298
nan
nan
nan
0.7208380140121495
0.7209231264551841
0.7207855737873763
nan
nan
nan
nan
nan
nan
nan
nan
nan
nan
nan
nan
nan
nan
nan
nan
nan
nan
nan
nan
0.7889719714958654
nan
nan
0.7881171914922098
0.7169051783186223
0.716930010736956
0.7169617973267199
0.7170021710298193
0.717050818817494
0.7170709579012431
0.7170296187677415
0.716960548621092
0.7170103991273546
0.7170469344418137
0.7171734958235273
0.7172380038033337
0.7173097843962607
0.717384042004205
0.7175066588919338
0.7176354078281835
0.7179088136343512
0.7177044261922214
0.7182672379470618
nan
nan
nan
nan
nan
0.7178435816580468
nan
nan
nan
nan
nan
nan
nan
nan
nan
nan
nan
nan
nan
nan
nan
nan
nan
nan
nan
nan
nan
0.7854307756473711
0.7850172906028146
0.7844237764798472
nan
nan
0.7163554020562188
0.716417423040977
0.7164988067816898
0.7165905073098426
0.7166967040849324
0.7168050827472978
0.7169187772591334
0.7170351894202858
0.717152399634871
0.7172743636200859
0.7173903922404017
0.7174516153465519
0.7175603722819686
0.7178953620263432
0.7178741689416135
nan
nan
nan
0.7179629672217815
nan
nan
nan
nan
nan
nan
nan
nan
nan
nan
nan
nan
nan
nan
nan
nan
nan
nan
nan
nan
nan
nan
nan
nan
nan
nan
0.7809777612088571
0.7808799485204452
nan
0.7168852122303527
0.7169121214892034
0.7169408325757275
0.7169699195812256
0.7169995461895725
0.7170307053683657
0.7170643659201983
0.7171003170958057
0.7171389798061015
0.7171819000675793
0.7172269403224696
0.7172532537157637
0.7172850873939199
0.7173353804301977
0.7173481816179278
nan
nan
nan
nan
nan
nan
nan
nan
nan
nan
nan
nan
nan
nan
nan
nan
nan
nan
nan
nan
nan
nan
nan
nan
nan
nan
nan
nan
nan
nan
nan
nan
0.7762760157083203
0.7760452013095336
0.7757312780700387
0.7753717996948613
0.7170523698372848
0.7170919255752483
0.71717598472226
0.7171889446521269
0.7172447551142738
0.7173085932098094
0.7173731626539395
0.7175621869769405
nan
nan
nan
nan
nan
nan
nan
nan
nan
nan
nan
nan
nan
nan
nan
nan
nan
nan
nan
nan
nan
nan
nan
nan
nan
nan
nan
nan
nan
nan
nan
nan
nan
nan
nan
nan
nan
nan
0.7705206770694579
0.770063957041027
0.7695176629200486
0.7692470538645206
0.7177656830799581
0.7178672171174764
0.7179809644466445
nan
nan
nan
nan
nan
nan
nan
nan
nan
nan
nan
nan
nan
nan
nan
nan
nan
nan
nan
nan
nan
nan
nan
nan
nan
nan
nan
nan
nan
nan
nan
nan
nan
nan
nan
nan
nan
nan
nan
nan
nan
nan
nan
0.7600218234450021
0.76004102657313
0.7600354018259585
nan
nan
nan
nan
nan
nan
nan
nan
nan
nan
nan
nan
nan
nan
nan
nan
nan
nan
nan
nan
nan
nan
nan
nan
nan
nan
nan
nan
nan
nan
nan
nan
nan
nan
nan
nan
nan
nan
nan
nan
nan
nan
nan
nan
nan
nan
nan
nan
nan
nan
nan
nan
nan
nan
nan
nan
nan
nan
nan
nan
nan
nan
nan
nan
nan
nan
nan
nan
nan
nan
nan
nan
nan
nan
nan
nan
nan
nan
nan
nan
nan
nan
nan
nan
nan
nan
nan
nan
nan
nan
nan
nan
nan
nan
nan
nan
nan
nan
nan
nan
nan
nan
nan
nan
nan
nan
nan
nan
nan
nan
nan
nan
nan
nan
nan
nan
nan
nan
nan
nan
nan
nan
nan
nan
nan
nan
nan
nan
nan
nan
nan
nan
nan
nan
nan
nan
nan
nan
nan
nan
nan
nan
nan
nan
nan
nan
nan
nan
nan
nan
nan
nan
nan
nan
nan
nan
nan
nan
nan
nan
nan
nan
nan
nan
nan
nan
nan
nan
nan
nan
nan
nan
nan
nan
nan
nan
nan
nan
nan
nan
nan
nan
nan
nan
nan
nan
nan
nan
nan
nan
nan
nan
nan
nan
nan
nan
nan
nan
nan
nan
nan
nan
nan
nan
nan
nan
nan
nan
nan
nan
nan
nan
nan
nan
nan
nan
nan
nan
nan
nan
nan
nan
nan
nan
nan
nan
nan
nan
nan
nan
nan
nan
nan
nan
nan
nan
nan
nan
nan
nan
nan
nan
nan
nan
nan
nan
nan
nan
nan
nan
nan
nan
nan
nan
nan
nan
nan
nan
nan
nan
nan
nan
nan
nan
nan
nan
nan
nan
nan
nan
nan
nan
nan
nan
nan
nan
nan
nan
nan
nan
nan
nan
nan
nan
nan
nan
nan
nan
nan
nan
nan
nan
nan
nan
nan
nan
nan
nan
nan
nan
nan
nan
nan
nan
nan
nan
nan
nan
nan
nan
nan
nan
nan
nan
nan
nan
nan
nan
nan
nan
nan
nan
nan
nan
nan
nan
nan
nan
nan
nan
nan
nan
nan
nan
nan
nan
nan
nan
nan
nan
nan
nan
nan
nan
nan
nan
nan
nan
nan
nan
nan
nan
nan
nan
nan
nan
nan
nan
nan
nan
nan
nan
nan
nan
nan
nan
nan
nan
nan
nan
nan
nan
nan
nan
nan
nan
nan
nan
nan
nan
nan
nan
nan
nan
nan
nan
nan
nan
nan
nan
nan
nan
nan
nan
nan
nan
nan
nan
nan
nan
nan
nan
nan
nan
nan
nan
nan
nan
nan
nan
nan
nan
nan
nan
nan
nan
nan
nan
nan
nan
nan
nan
nan
nan
nan
nan
nan
nan
nan
nan
nan
nan
nan
nan
nan
nan
nan
nan
nan
nan
nan
nan
nan
nan
nan
nan
nan
nan
nan
nan
nan
nan
nan
nan
nan
nan
nan
nan
nan
nan
nan
nan
nan
nan
nan
nan
nan
nan
nan
nan
nan
nan
nan
nan
nan
nan
nan
nan
nan
nan
nan
nan
nan
nan
nan
nan
nan
nan
nan
nan
nan
nan
nan
nan
nan
nan
nan
nan
nan
nan
nan
nan
nan
nan
nan
nan
nan
nan
nan
nan
nan
nan
nan
nan
nan
nan
nan
nan
nan
nan
nan
nan
nan
nan
nan
nan
nan
nan
nan
nan
nan
nan
nan
nan
nan
nan
nan
nan
nan
nan
nan
nan
nan
nan
nan
nan
nan
nan
nan
nan
nan
nan
nan
nan
nan
nan
nan
nan
nan
nan
nan
nan
nan
nan
nan
nan
nan
nan
nan
nan
nan
nan
nan
nan
nan
nan
nan
nan
nan
nan
nan
nan
nan
nan
nan
nan
nan
nan
nan
nan
nan
nan
nan
nan
nan
nan
nan
nan
nan
nan
nan
nan
nan
nan
nan
nan
nan
nan
nan
nan
nan
nan
nan
nan
nan
nan
nan
nan
nan
nan
nan
nan
nan
nan
nan
nan
nan
nan
nan
nan
nan
nan
nan
nan
nan
nan
nan
nan
nan
nan
nan
nan
nan
nan
nan
nan
nan
nan
nan
nan
nan
nan
nan
nan
nan
nan
nan
nan
nan
nan
nan
nan
nan
nan
nan
nan
nan
nan
nan
nan
nan
nan
nan
nan
nan
nan
nan
nan
nan
nan
nan
nan
nan
nan
nan
nan
nan
nan
nan
nan
nan
nan
nan
nan
nan
nan
nan
nan
nan
nan
nan
nan
nan
nan
nan
nan
nan
nan
nan
nan
nan
nan
nan
nan
nan
nan
nan
nan
nan
nan
nan
nan
nan
nan
nan
nan
nan
nan
nan
nan
nan
nan
nan
nan
nan
nan
nan
nan
nan
nan
nan
nan
nan
nan
nan
nan
nan
nan
nan
nan
nan
nan
nan
nan
nan
nan
nan
nan
nan
nan
nan
nan
nan
nan
nan
nan
nan
nan
nan
nan
nan
nan
nan
nan
nan
nan
nan
nan
nan
nan
nan
nan
nan
nan
nan
nan
nan
nan
nan
nan
nan
nan
nan
nan
nan
nan
nan
nan
nan
nan
nan
nan
nan
nan
nan
nan
nan
nan
nan
nan
nan
nan
nan
nan
nan
nan
nan
nan
nan
nan
nan
nan
nan
nan
nan
nan
nan
nan
nan
nan
nan
nan
nan
nan
nan
nan
nan
nan
nan
nan
nan
nan
nan
nan
nan
nan
nan
nan
nan
nan
nan
nan
nan
nan
nan
nan
nan
nan
nan
nan
nan
nan
nan
nan
nan
nan
nan
nan
nan
nan
nan
nan
nan
nan
nan
nan
nan
nan
nan
nan
nan
nan
nan
nan
nan
nan
nan
nan
nan
nan
nan
nan
nan
nan
nan
nan
nan
nan
nan
nan
nan
nan
nan
nan
nan
nan
nan
nan
nan
nan
nan
nan
nan
nan
nan
nan
nan
nan
nan
nan
nan
nan
nan
nan
nan
nan
nan
nan
nan
nan
nan
nan
nan
nan
nan
nan
nan
nan
nan
nan
nan
nan
nan
nan
nan
nan
nan
nan
nan
nan
nan
nan
nan
nan
nan
nan
nan
nan
nan
nan
nan
nan
nan
nan
nan
nan
nan
nan
nan
nan
nan
nan
nan
nan
nan
nan
nan
nan
nan
nan
nan
nan
nan
nan
nan
nan
nan
nan
nan
nan
nan
nan
nan
nan
nan
nan
nan
nan
nan
nan
nan
nan
nan
nan
nan
nan
nan
nan
nan
nan
nan
nan
nan
nan
nan
nan
nan
nan
nan
nan
nan
nan
nan
nan
nan
nan
nan
nan
nan
nan
nan
nan
nan
nan
nan
nan
nan
nan
nan
nan
nan
nan
nan
nan
nan
nan
nan
nan
nan
nan
nan
nan
nan
nan
nan
nan
nan
nan
nan
nan
nan
nan
nan
nan
nan
nan
nan
nan
nan
nan
nan
nan
nan
nan
nan
nan
nan
nan
nan
nan
nan
nan
nan
nan
nan
nan
nan
nan
nan
nan
nan
nan
nan
nan
nan
nan
nan
nan
nan
nan
nan
nan
nan
nan
nan
nan
nan
nan
nan
nan
nan
nan
nan
nan
nan
nan
nan
nan
nan
nan
nan
nan
nan
nan
nan
nan
nan
nan
nan
nan
nan
nan
nan
nan
nan
nan
nan
nan
nan
nan
nan
nan
nan
nan
nan
nan
nan
nan
nan
nan
nan
nan
nan
nan
nan
nan
nan
nan
nan
nan
nan
nan
nan
nan
nan
nan
nan
nan
nan
nan
nan
nan
nan
nan
nan
nan
nan
nan
nan
nan
nan
nan
nan
nan
nan
nan
nan
nan
nan
nan
nan
nan
nan
nan
nan
nan
nan
nan
nan
nan
nan
nan
nan
nan
nan
nan
nan
nan
nan
nan
nan
nan
nan
nan
nan
nan
nan
nan
nan
nan
nan
nan
nan
nan
nan
nan
nan
nan
nan
nan
nan
nan
nan
nan
nan
nan
nan
nan
nan
nan
nan
nan
nan
nan
nan
nan
nan
nan
nan
nan
nan
nan
nan
nan
nan
nan
nan
nan
nan
nan
nan
nan
nan
nan
nan
nan
nan
nan
nan
nan
nan
nan
nan
nan
nan
nan
nan
nan
nan
nan
nan
nan
nan
nan
nan
nan
nan
nan
nan
nan
nan
nan
nan
nan
nan
nan
nan
