nan
nan
nan
nan
nan
nan
nan
nan
nan
nan
nan
nan
nan
nan
nan
nan
nan
nan
nan
nan
nan
nan
nan
nan
nan
nan
nan
nan
nan
nan
nan
nan
nan
nan
nan
nan
nan
nan
nan
nan
nan
nan
nan
nan
nan
nan
nan
nan
nan
nan
0.0895231686632384
0.0895218707754861
0.08951823070219223
0.08951223109961015
0.089503844553351
0.08949303361053688
0.08947975082934317
0.08946393884450671
0.08944553044551704
0.089424448668085
0.08940060690605003
0.08937390905485207
0.08934424967408311
0.08931151413888008
0.0892755787465524
0.08923631086598777
0.08919356921411607
0.0891472041038476
0.0890970574961848
0.08904296321239857
0.08898474733459014
0.08892222833727431
nan
nan
nan
nan
nan
nan
nan
nan
nan
nan
nan
nan
nan
nan
nan
nan
nan
nan
nan
nan
nan
nan
nan
nan
nan
nan
nan
nan
0.0895520287956659
0.0895503498914588
0.08954633642932505
0.08953997099954575
0.08953122599660462
0.08952006366916641
0.08950643619039658
0.0894902857449082
0.08947154462529824
0.08945013533419527
0.08942597070588267
0.08939895407451007
0.0893689794917989
0.0893359319229519
0.08929968732870419
0.08926011275407437
0.08921706666309523
0.08917039933127446
0.08911995283853809
0.0890655611211831
0.08900705057884617
0.08894424026020883
0.08887694153411092
0.08880495865807256
0.08872809235931142
0.08864613191712523
0.08855886430747559
0.0884660702173244
0.08836752581747001
nan
nan
nan
nan
nan
nan
nan
nan
nan
nan
nan
nan
nan
nan
nan
nan
nan
nan
nan
nan
nan
0.08959982323973945
0.08959752052468814
0.08959289814917394
0.08958593845093693
0.08957661336793896
0.08956488451510707
0.08955070328738869
0.08953401098507924
0.08951473894942548
0.08949280869218533
0.08946813202006139
0.08944061120065723
0.08941013922801921
0.08937660013333848
0.08933986913644294
0.08929981261621175
0.08925628833349235
0.0892091460484376
0.08915822770720014
0.08910336714668858
0.08904439068960696
0.08898111778460759
0.08891336055620497
0.08884092299820215
0.08876360723453239
0.08868120382720776
0.08859350080548539
0.08850028020741643
0.08840131988554811
0.08829640508218545
0.08818528116775523
0.08806774439626727
0.08794358888127898
0.08781252254576347
0.0876744474318126
nan
nan
nan
nan
nan
nan
nan
nan
nan
nan
nan
nan
nan
nan
nan
0.08966630603072491
0.08966314576760795
0.08965768896688647
0.08964991739172123
0.08963980211209716
0.08962730361782478
0.08961237196188676
0.08959494693826042
0.08957495828770938
0.08955232590255742
0.08952695998813232
0.08949876119022443
0.08946762080848761
0.08943342121400141
0.08939603627450302
0.08935533137011134
0.08931116322621549
0.08926338047762057
0.08921182449665527
0.08915632897241028
0.0890967198086153
0.08903281649276534
0.08896443181332968
0.08889136961890165
0.08881343323861535
0.08873041431773579
0.08864210195024434
0.0885482796301708
0.0884487269854004
0.0883432392457203
0.08823153797544755
0.08811344843889657
0.0879887823863601
0.08785717919383611
0.08771861247012722
0.08757289807286389
0.08742002291067347
0.08726025351348973
0.0870946398393482
0.08692690109252525
0.08675406997552619
nan
nan
nan
nan
nan
nan
nan
nan
nan
0.0897512405604676
0.08974699836241093
0.08974049238651002
0.08973170329314784
0.08972060066175469
0.08970714315896441
0.08969127872821392
0.08967294481135923
0.08965206862224394
0.08962856747509165
0.08960234910687706
0.08957331187518985
0.0895413448227167
0.08950632790133452
0.08946813263225281
0.08942662270605674
0.08938165370272512
0.08933307279762182
0.0892807199339526
0.08922442847603729
0.08916402406730328
0.0890993256009098
0.08903014643364025
0.08895629079989784
0.08887756253405897
0.08879375478246102
0.08870465747167686
0.08861005589380727
0.08850973168127663
0.08840349403465586
0.08829102826645348
0.08817219926241901
0.08804684053393588
0.08791451173027262
0.08777526577052165
0.08762889677841249
0.08747539491892797
0.08731503053586863
0.08714886033721267
0.08698063709114406
0.08680793526967945
0.08651010410578255
0.08631839579419706
0.08610931536736453
0.08588496698347833
nan
nan
nan
nan
nan
0.0898544075015949
0.08984886850688899
0.08984111021527721
0.08983111131873267
0.08981883891993314
0.08980424881108726
0.08978728576468649
0.089767883815559
0.0897459665421193
0.0897214474110144
0.08969423026398868
0.08966420987628454
0.08963127227685067
0.08959529464848134
0.08955614538030829
0.08951368503543661
0.08946776731150816
0.08941823832720779
0.08936493612695953
0.08930769262043954
0.08924633371512433
0.08918067772034377
0.08911053764538696
0.0890357194575323
0.08895602654707715
0.08887125404633117
0.08878119288298797
0.08868563022642575
0.0885843497950709
0.08847717506463218
0.08836375784873882
0.08824399672383525
0.08811774499481062
0.08798450548188591
0.08784438528104443
0.08769716638243465
0.08754284353772909
0.08738169489506137
0.08721479468039986
0.08704597641664513
0.08687428506602629
0.08657408001477565
0.08638267406230757
0.08617273733283315
0.08594785907809935
0.08571022563140727
0.0854604331348543
0.08519839653546218
0.08492347213321247
nan
0.08997561737718998
0.08996857507821034
0.08995937289788777
0.08994798644068262
0.08993437896194555
0.08991850174281638
0.0899002945448805
0.08987968613206612
0.08985659479186031
0.08983092876279701
0.08980258659359017
0.08977145767202419
0.08973742307067985
0.08970035620050991
0.08966012248853351
0.08961657885760141
0.08956957502665289
0.08951895526381225
0.08946455700267242
0.08940620991128724
0.08934373893666267
0.0892769633716264
0.08920569501170562
0.08912974215337033
0.08904890819077846
0.08896298965378052
0.08887177985806947
0.08877506721920841
0.0886726347058176
0.08856431905315756
0.08844976648048869
0.08832887355934899
0.08820150323901053
0.08806717384058352
0.08792597440228121
0.08777770111942844
0.08762235418855394
0.08746022406813392
0.08729241528492303
0.08712288759343739
0.08695423162921218
0.08664903933527532
0.08645795708228932
0.08624685172046448
0.08602119017210633
0.0857829071157831
0.08553251715074198
0.08527010246597984
0.08499497753800157
0.08470572039717789
0.09011472469102227
0.0901059894216409
0.0900951729900121
0.09008224433169178
0.09006715931781076
0.09004986170262988
0.09003028406595137
0.09000834863525639
0.0899839678683427
0.08995704466435095
0.08992747208570628
0.08989513280702392
0.08985989928315652
0.08982163587391706
0.0897802020458052
0.08973545288606125
0.08968723601980341
0.08963539107033378
0.08957975332906302
0.08952015295043197
0.08945641272367262
0.08938835197198833
0.08931578374346436
0.08923851771678998
0.089156358247972
0.08906910362618808
0.08897654979202976
0.08887848771354012
0.08877469185123475
0.0886650187183356
0.0885491380568432
0.08842690349491734
0.08829816170088353
0.0881625659401397
0.08802006835704998
0.08787052415910268
0.08771393828629617
0.08755061647202918
0.08738171814371071
0.0872113667184084
0.08704967201126251
0.08673530542257568
0.08654395251585073
0.08633163829953645
0.08610488135633698
0.08586568997887425
0.08561436323332802
0.085351450397819
0.08507561174214166
0.08478615250755223
0.09027167876515141
0.09026103660883415
0.0902484219633366
0.09023379745535887
0.09021711157555054
0.09019829928726006
0.09017728229950164
0.09015396903983047
0.09012825475860395
0.09010002275084246
0.09006914779115324
0.0900355014595501
0.08999895607271201
0.08995938268246453
0.08991664331140883
0.08987058494749886
0.08982104176795695
0.08976784318268802
0.0897108218165395
0.08964981322306151
0.0895846429907829
0.08951512502864932
0.08944107361457679
0.08936230476755011
0.08927862057666777
0.08918982509588427
0.08909571490985685
0.08899608726029096
0.08889072400000034
0.08877945430369322
0.08866201520286252
0.08853821172573678
0.08840782257946157
0.08827077448014081
0.08812674177865895
0.08797569567711942
0.08781764102384151
0.08765290128658418
0.08748272431773003
0.08731146011233726
0.08716311615917484
0.08683331607921203
0.086640727109724
0.08642716922495342
0.0861988582743795
0.08595851082441575
0.0857059764541471
0.0854422521387453
0.08516538610663077
0.08487546986263733
0.09044654567063687
0.09043381187719156
0.09041925273759832
0.09040281612850978
0.09038443376830377
0.0903640224974556
0.09034148567492448
0.09031671496175467
0.09028959261552544
0.09025999381975491
0.09022778788183702
0.09019283732727093
0.09015499531047835
0.09011410300094111
0.09006998988870633
0.090022483928921
0.08997143500932198
0.0899167235792524
0.08985821108952784
0.08979568366931912
0.08972890761884726
0.08965772071292663
0.0895819797596634
0.08950149946023297
0.08941606915481726
0.08932550148494844
0.08922959900303859
0.08912816271444643
0.08902104755414258
0.08890788361734472
0.08878861664250884
0.08866299136808262
0.08853066463980624
0.08839194721943294
0.08824611944658292
0.08809331821795771
0.08793354888932559
0.08776717387956945
0.0875954981068901
0.08742331941388828
0.08729626084062345
0.08694350567970244
0.08674869067060473
0.0865330127739891
0.0863030806731852
0.08606129973392346
0.08580760879889587
0.08554224358442628
0.08526439490538647
0.08497322639060717
0.0906396378200102
0.09062459906684245
0.09060794454536013
0.09058959858814095
0.09056946756132758
0.09054744238396076
0.0905234008397641
0.09049720930031607
0.09046872395007177
0.09043779263246587
0.09040425841550145
0.09036796342491434
0.09032874864282815
0.09028644917644782
0.09024089497070154
0.0901919223033466
0.0901393722623186
0.09008305487240334
0.0900227353453151
0.08995823230716302
0.089889538834565
0.08981665333133801
0.08973921112704836
0.0896567579949385
0.08956924889392286
0.08947664608280112
0.08937867786054371
0.08927514385300667
0.08916596546345723
0.08905064776842761
0.0889292619736885
0.08880152449225961
0.08866696255484183
0.08852630151587595
0.08837839358512442
0.08822355604454218
0.08806177364465095
0.0878935262784
0.08772015116686602
0.08754725449132084
0.08743720207612418
0.08706593655783365
0.08686761272218455
0.08664806094430227
0.08641751135144521
0.08617402684210815
0.08591889106869349
0.08565135589722983
0.08537245602583714
0.08507978043090061
0.09085168457702167
0.09083407248052393
0.09081517233441283
0.0907948597106053
0.09077298886240356
0.0907494038568353
0.09072394080334151
0.09069642465318611
0.09066667166846679
0.09063449728943343
0.09059971745580908
0.09056214379054821
0.09052158539303873
0.09047785893892225
0.09043079319398853
0.09038021637055527
0.09032594967372412
0.09026782433029513
0.09020568086613534
0.09013935968334406
0.09006869078309035
0.08999334171328699
0.08991293758387006
0.08982790622958356
0.08973874263110493
0.08964424356320294
0.08954366732025673
0.08943763876713696
0.08932596700166223
0.08920825639123434
0.08908440767334792
0.08895421530815092
0.08881710595265983
0.08867414464410153
0.08852383554415691
0.08836664169124606
0.08820261208319348
0.08803213677633967
0.08785685470910491
0.08768351827830038
0.0873236147332156
0.08720002318508416
0.08699708417162935
0.08677358586135625
0.08654214857067397
0.08629665050227531
0.08603960705672517
0.08576970917918691
0.08548954100353723
0.08519500338402056
0.09108448673401452
0.09106391849635853
0.09104255337019182
0.09102019910163711
0.09099663218257076
0.09097161021470629
0.09094489790674876
0.0909162795162119
0.09088552487371966
0.0908523506125167
0.09081647145581304
0.09077768438109662
0.09073581806501874
0.09069065842710498
0.09064199639621084
0.09058964685955631
0.09053344875447879
0.09047324682803112
0.09040887056413173
0.09034017136022748
0.09026700390139758
0.09018920562053795
0.09010663514050077
0.09001919465482286
0.08992624439708223
0.08982703322510172
0.0897239440762923
0.08961701552788091
0.0895022015856222
0.08938140981121645
0.0892547101657161
0.0891216393270714
0.0889816256862872
0.08883590981575028
0.08868282717106671
0.08852288110329426
0.08835625261398365
0.08818326382381353
0.08800583793093199
0.08783133377053987
0.08748824424690609
0.08734496924947499
0.08713741839292391
0.0869126942147734
0.08667701466411301
0.0864294160651116
0.08616998381452198
0.08589766762458012
0.08561562017785415
0.08531882556824764
0.09134168959819168
0.09131740625001775
0.09129321118764216
0.09126875554757774
0.09124367162153796
0.09121757928626884
0.09119010062117136
0.0911608551112485
0.09112946331984476
0.0910955695736619
0.09105885728221935
0.09101904884251075
0.09097594094659989
0.09092936146527039
0.09087892148267179
0.09082435089274576
0.09076576872264078
0.09070296620943681
0.09063577138851048
0.09056408698313825
0.09048776823805213
0.090406709156498
0.09032077084372125
0.09022982828172657
0.09013373581198744
0.09003236639687565
0.08992565002992797
0.08981151085683726
0.0896914701973488
0.08957137501831874
0.08944145098209749
0.08930457278559972
0.08916125013855121
0.08901220954120424
0.08885583850315695
0.08869287130372855
0.08852310201988778
0.08834726233826223
0.08816746203733801
0.0879881876031973
0.08768697516279825
0.08750073920078785
0.08728877319567549
0.0870622444982851
0.0868219442224632
0.08657088564683578
0.08631001771556832
0.08603548035155639
0.08575068468364042
0.08545099408192236
0.09163370582630763
0.0916036257638503
0.09157560729369006
0.09154885916947936
0.09152262687222285
0.09149617721273186
0.09146879593182998
0.09143978469719495
0.09140849703431614
0.09137446940258162
0.09133732221965227
0.09129659990874571
0.09125197828738074
0.09120317825079893
0.09115009112897905
0.09109262627189829
0.09103060288742125
0.09096408866443535
0.09089275645467734
0.09081665493125733
0.09073598683627865
0.09065039049857979
0.09055987151554548
0.09046433590589953
0.09036365806749877
0.0902577281454485
0.09014647577487615
0.09002949811768685
0.08990710635107077
0.0897771443219536
0.08963775501986279
0.08950457636675255
0.08935734165626408
0.08920389952695562
0.08904388447314417
0.0888770554975464
0.08870374669025971
0.08852460043241991
0.08834224915142955
0.08815584715628988
0.08787691960185541
0.0876679672069986
0.0874512200831071
0.08721997903376152
0.08697797996965
0.08672397042116592
0.08645964194832018
0.08618279516404992
0.08589479018243758
0.08559341485803262
0.09200469128500201
0.09195723348598603
0.09192008960014128
0.09188938306053654
0.0918625663830625
0.09183754199106828
0.09181242994160575
0.09178553110239544
0.09175554589324404
0.09172166008086909
0.09168349200271822
0.09164052599144232
0.09159213770834229
0.0915382288031817
0.09147917332289035
0.09141539151567156
0.09134605330890755
0.09127204344735652
0.09119329906630752
0.0911097908484017
0.0910217437314737
0.09092846978198033
0.09083067312868714
0.09072862024507632
0.09062131893833861
0.0905089929297706
0.09039156755195403
0.09026875618264843
0.09014048022699954
0.09000651050889036
0.08986677752383956
0.08971934488884348
0.08955846664521067
0.08941446247996311
0.08924760663889952
0.08907651405242836
0.08889896256465901
0.08871610396378507
0.08853082121854394
0.08835483138671926
0.08805628803148452
0.08784685771993721
0.08762497890916214
0.08738975598179301
0.08714596931696438
0.08688684193005564
0.08661896678370254
0.08634005206915757
0.08604740002955139
0.08574180114662941
nan
nan
nan
nan
nan
nan
nan
nan
nan
nan
nan
0.09237407146199117
0.09219957319440111
0.09208231987827566
0.09197622170090825
0.09187484238281546
0.09177605600207697
0.09167610323902628
0.09157553516737565
0.09147298595948668
0.09136792909597666
0.09126010264067119
0.09114917359951324
0.09103492406579573
0.09091465397029924
0.09079396570450847
0.09066707679221639
0.09053578717493664
0.09039951445298988
0.09025823090743051
0.09011148132407415
0.08995893440859776
0.08980068818403703
0.08963257525604552
0.08945420918973795
0.08929660355196149
0.08910978393328245
0.08892248569687428
0.08873456109888761
0.0886030854666619
0.08824684576430922
0.08803763127192106
0.0878103470535581
0.08757118602590125
0.08731744880447616
0.08706032635872527
0.08678946200894777
0.08650471231253626
0.08620903989761272
0.08589998791825398
nan
nan
nan
nan
nan
nan
nan
nan
nan
nan
nan
nan
nan
nan
nan
nan
nan
nan
0.09232837952399588
0.09204844089265529
0.09186117821947201
0.09170159496468186
0.09155337403018507
0.0914101896421867
0.09126922493352801
0.0911278934410813
0.09098521977957275
0.09083805192521885
0.09069115163843125
0.09053906996284343
0.09038251406613831
0.09022140507440737
0.09005480694092628
0.08988313792803188
0.08970582546986425
0.08950648316922899
0.08933267439406838
0.08914661505483287
0.08895489615917043
0.08860035254658039
0.08845888180888861
0.08824095120809919
0.08800764938686649
0.08776391281915014
0.08749612313978096
0.08724353406020033
0.08696782649830101
0.08667956363089435
0.0863798115462425
0.08606571786619516
nan
0.09459057335671858
nan
nan
nan
nan
nan
nan
nan
nan
nan
nan
nan
nan
nan
nan
nan
nan
nan
nan
nan
nan
0.09227397464531062
0.09196301364715802
0.09174253583699049
0.09154787277344206
0.0913716851560588
0.09119936895649092
0.0910302182294819
0.09085459918055686
0.09068742327847817
0.09051332215536002
0.09033533188999027
0.0901537872216771
0.08996717723397367
0.08977534830967673
0.08958009513062673
0.08934515288518906
0.08919441425472188
0.08888964147140074
0.0886844871545237
0.08845795826530373
0.08821806032410753
0.08796843915686228
0.08770315095626005
0.08743783060879143
0.08715781798376357
0.08686429672779494
0.08655914031541992
0.08623906560002349
0.09417601817328325
0.09416333612790248
0.09409884035364535
0.09402833599694829
0.09422661078826493
nan
nan
nan
nan
nan
nan
nan
nan
nan
nan
nan
nan
nan
nan
nan
nan
nan
nan
nan
nan
0.09225895523266303
0.09191696555806861
0.09166407253671674
0.09144404444246548
0.0912386214426229
0.09104190782454936
0.09084117885082299
0.09064938285929001
0.0904537802638305
0.09025457278831246
0.0900523707921547
0.08984660473752681
0.0896400774481676
0.08944612622469619
0.08916249978135882
0.0889247645233964
0.08868884347491174
0.08844169388168827
0.08818300594271289
0.08791932355289173
0.08764300444542888
0.08736448928670454
0.08705822943823556
0.0867462352864598
0.08635084069030852
0.09444853141408022
0.0943998424329882
0.09436025526128616
0.09429413412858799
0.09422188855518657
0.09414587526624899
0.0940797301441526
0.0943249662987731
nan
nan
nan
nan
nan
nan
nan
nan
nan
nan
nan
nan
nan
nan
nan
nan
nan
nan
nan
0.09254882369223962
0.09204602886722185
0.09173468800180123
0.09147386181801113
0.09123759599533834
0.0910115497823212
0.0907961454286461
0.09057523600586057
0.09035728982758581
0.09013960793243497
0.08992519782783484
0.08961113053130046
0.08939820453758088
0.08914175692579279
0.0889419441959082
0.08868162437507815
0.08841530576585563
0.08814236845031767
0.08785959508967317
0.08756803822204444
0.08726028618657508
0.08693517562285633
0.08705599007704251
0.0945603821876588
0.09453150079922146
0.09451129163980884
0.0944499119573951
0.0944208321475751
0.09433456275740326
0.09425174715461374
0.09418864617590919
0.0941511439231697
nan
nan
nan
nan
nan
nan
nan
nan
nan
nan
nan
nan
nan
nan
nan
nan
nan
nan
nan
nan
0.09269380045958475
0.09209626531248742
0.09172952798967748
0.09144377073626701
0.09118954062414511
0.09091273681834688
0.09069941156588768
0.09046503118782986
0.09024070352122705
0.0899252324678848
0.08969042747092038
0.08943818951995795
0.08909076452056602
0.08897387141256606
0.0886634212964342
0.08837925946643405
0.08809299242353102
0.08778294350115369
0.08747770317372494
0.08734002782132821
0.08687073572683507
0.09464240054080833
0.09461576685230944
0.09459980551304216
0.09456569157222544
0.09453086213168246
0.094489936677804
0.0944087132017488
0.0943150749256155
0.0942449634556406
0.0942269837593537
0.09410421620771146
nan
nan
nan
nan
nan
nan
nan
nan
nan
nan
nan
nan
nan
nan
nan
nan
nan
nan
nan
nan
0.09263545799254738
0.09205896651044788
0.09168844376906676
0.0913775474638352
0.09109522505201678
0.09083215301114383
0.09050082679775434
0.09025279136333805
0.08999883305708983
0.08973308632784974
0.08945678164515436
0.08906615395851647
0.08898711505422553
0.08863247884900899
0.08833206579918398
0.08801356511637998
0.08779858158327128
0.08757909438842691
0.0870791597441353
0.09480523285569573
0.09476773805513539
0.09472210511967005
0.09468139456880834
0.09463978521547264
0.0946013173460955
0.09454831843666467
0.09446899527037804
0.09436771505042857
0.09428322285540061
0.09427045617620197
0.09432700313254691
nan
nan
nan
nan
nan
nan
nan
nan
nan
nan
nan
nan
nan
nan
nan
nan
nan
nan
nan
nan
nan
0.09249434701387488
0.09195797144325238
0.0915836256568459
0.09134574674999243
0.09086456431320553
0.09061433290875118
0.09033660737157123
0.09004212774900874
0.0897633183696807
0.08946964660622628
0.08911967300893259
0.08895458058630817
0.08856429010137576
0.08856038070666347
0.08813302786713983
0.08766445852657984
0.0872960644379216
0.09504925546088694
0.09498936312708949
0.09493129798529612
0.09487373336694525
0.0948133517140273
0.09475432793637582
0.094693422424827
0.09463222601385951
0.09455613535405072
0.0944364913817394
0.09431274480448865
0.09425046311040379
0.09430498467843362
nan
nan
nan
nan
nan
nan
nan
nan
nan
nan
nan
nan
nan
nan
nan
nan
nan
nan
nan
nan
nan
0.09279814298525385
0.09210556015468035
0.09169968493279207
0.09134586464730121
0.09101851514963813
0.09069926742367565
0.09040338275154892
0.09008406037822389
0.08977371738168498
0.08944040398083233
0.08922705999137946
0.08872535978469692
0.08885874294646309
0.08827614028760103
0.08790297523140064
0.08754372963434856
0.09534154820498206
0.09527263083904267
0.09520374519733248
0.09513127170425009
0.09505777240037323
0.09498429436700057
0.09490784591135881
0.09482925939043746
0.09474765736384812
0.09465832559693146
0.09454930755262353
0.0943557058507757
0.09426394550560538
0.09431590784821416
nan
nan
nan
nan
nan
nan
nan
nan
nan
nan
nan
nan
nan
nan
nan
nan
nan
nan
nan
nan
nan
nan
0.09244467324467581
0.09184802209601006
0.09149373492066523
0.09111708013331234
0.09080184751318446
0.09043415309611148
0.09007337420449055
0.0897373502199158
0.0904904895073691
0.0891804179052165
0.08880422224349163
0.08866676868823183
0.08816989185283608
0.08778250203908153
0.09568084474846053
0.09560492889114958
0.09552607433722651
0.09544444457013967
0.09536072812583135
0.09527460816124017
0.09518558155302236
0.09509461418218787
0.09500056478888375
0.09490208634069644
0.09479289851915455
0.09467266432876872
0.09448405384234398
0.09427658912798206
0.09430622899716634
nan
nan
nan
nan
nan
nan
nan
nan
nan
nan
nan
nan
nan
nan
nan
nan
nan
nan
nan
nan
nan
nan
0.09184727827717637
0.09265211418183303
0.09258267863410645
0.09235833510232877
0.09193588343296577
0.09096286390344754
0.09017526553577615
0.08984700784570288
0.08949444330277467
0.08911714776174251
0.08875251250014776
0.0888094848892553
0.08785461207157291
0.09605231074762803
0.09597101738839667
0.0958861838515728
0.09579798719302302
0.09570615479687548
0.09561127451612805
0.09551314590089875
0.09541205048512225
0.095307497860973
0.09519707103377731
0.09508673766476716
0.09495702702360223
0.09482407763100426
0.09461894469751941
0.09431390424046286
0.09430063775747523
nan
nan
nan
nan
nan
nan
nan
nan
nan
nan
nan
nan
nan
nan
nan
nan
nan
nan
nan
nan
nan
nan
0.09325978572615681
0.09228685620985425
0.09183139390660927
0.09142940943462312
0.09087018826035925
0.09057161427237495
0.09017067552955854
0.0898161798241531
0.08944099942809984
0.0890290006521752
0.0887090973485862
0.08879530812324779
0.09644698814610886
0.09636183421334157
0.09627258364083942
0.09617923791133864
0.09608182622931465
0.09598054148354852
0.09587535489636026
0.09576678245177253
0.09565385903525782
0.0955371802941612
0.09541597759359303
0.09528849486562718
0.0951492427938006
0.09498947068432956
0.09479624391185668
0.09439299854159866
0.09432152193247889
nan
nan
0.09584065547205034
nan
nan
nan
nan
nan
nan
nan
nan
nan
nan
nan
nan
nan
nan
nan
nan
nan
nan
nan
nan
0.09249003618083196
0.09193133871166717
0.09138380116168164
0.0908166736702829
0.09057647047599704
0.09020377588970283
0.08977287514068508
0.0894156084205345
0.08873083795925085
0.0886279382748768
0.09685994672526985
0.0967721764362734
0.09667926202035741
0.09658173763746186
0.09647979122906468
0.09637346644103913
0.09626284224999349
0.09614785560168913
0.09602857625147027
0.09590481642756818
0.09577656446997648
0.09564305484447043
0.09549648976064101
0.09535064373023688
0.09518560788590877
0.0949400109319285
0.09457506805045607
0.0944142358773957
nan
nan
nan
nan
nan
nan
nan
nan
nan
nan
nan
nan
nan
nan
nan
nan
nan
nan
nan
nan
nan
nan
nan
nan
0.09189046891263453
0.09143289527821971
0.09087450101822278
nan
0.09009120598128764
0.08957991100281229
0.08946533739802975
0.0884115028052054
0.09729030544835354
0.09719640224173506
0.09710238840741484
0.09700132055223742
0.09689544774110109
0.09678481276747364
0.09666947415056412
0.09654946302299866
0.09642476139546
0.09629513932093775
0.09616183655555843
0.0960215479726471
0.09587565756445982
0.09573112675225848
0.09555923513102446
0.09537785447766965
0.09514801204428104
0.09468743636109608
0.09462303649013838
nan
nan
nan
nan
nan
nan
nan
nan
nan
nan
nan
nan
nan
nan
nan
nan
nan
nan
nan
nan
nan
nan
nan
nan
nan
0.09081324220101653
nan
0.09020199766223691
0.09032208032354655
0.08973262720280753
0.089048547126928
0.09773000486385842
0.09763789604595774
0.0975395848922434
0.09743553174385558
0.09732615799853743
0.09721165973310335
0.0970921280856183
0.0969676150135435
0.09683813734180977
0.09670366334522068
0.09656402147230111
0.09641898250972711
0.09626797953790783
0.09611620495582995
0.09594727047264592
0.09576980773941257
0.0955798297966993
0.09534836526488706
0.09498687799213718
0.09494813029526901
nan
nan
nan
nan
nan
nan
nan
nan
nan
nan
nan
nan
nan
nan
nan
nan
nan
nan
nan
nan
nan
nan
nan
nan
nan
nan
nan
0.08995556351425041
nan
nan
0.09819843859500269
0.09809851957781311
0.09799462488408928
0.097888340810407
0.0977696178033349
0.09765247509486703
0.09752900487831098
0.09740025173573906
0.09726623020419894
0.09712703278065182
0.09698256182036409
0.096833165545424
0.0966769360682913
0.09651558925760914
0.0963477731189322
0.09617199337870373
0.09598611422324338
0.09578644312055865
0.0955445478497056
0.09525742637239512
0.09516012944437867
nan
nan
nan
nan
nan
nan
nan
nan
nan
nan
nan
nan
nan
nan
nan
nan
nan
nan
nan
nan
nan
nan
nan
nan
nan
nan
nan
nan
0.09119542448107618
0.09872865844353877
0.0988431600454365
0.09847377198342043
0.09835122452423115
0.09823096136053777
0.09810747370620598
0.09797957647062956
0.0978476346521861
0.09770773934675456
0.09756413974929146
0.09741504579648011
0.09726212847083468
0.09709963169860349
0.09693306742464047
0.09676218120937452
0.09658172742160809
0.09639486651855081
0.0961999716370118
0.09599602470321447
0.09575943311763871
0.0954504919468959
nan
nan
nan
nan
nan
nan
nan
nan
nan
nan
nan
nan
nan
nan
nan
nan
nan
nan
nan
nan
nan
nan
nan
nan
nan
nan
nan
0.08753840850930013
nan
0.09909998405347205
0.09900476867547901
0.09889538525367658
0.09868037696571223
0.09873282674594785
0.09859548224611175
0.09844643731556692
0.0983073133073192
0.09816461394174546
0.09801745621107152
0.09787474868008819
0.09769952271770013
0.09753516015589492
0.09736454972911443
0.0971843988070373
0.0970010732152512
0.09681150873858495
0.09660462436163873
0.09641904216173838
0.09617551180984836
0.09594482729003861
0.09581950552709367
nan
nan
nan
nan
nan
nan
nan
nan
nan
nan
nan
nan
nan
nan
nan
nan
nan
nan
nan
nan
nan
nan
nan
nan
nan
nan
nan
nan
0.09995907388851999
0.09963142230468597
0.09944617480888475
0.09927113053645019
0.09918920677185931
0.09905578629994063
0.09892001873665215
0.09878160834291151
0.09863709917379168
0.09848207511799724
0.09832453872730859
0.09816180600345706
0.09799559913378779
0.09778666179083711
0.09762370534037354
0.09743979107852047
0.09723473442545719
0.09703155640169056
0.09682410697788447
0.0966113066691665
0.09638945015328401
0.0961861356208657
nan
nan
nan
nan
nan
nan
nan
nan
nan
nan
nan
nan
nan
nan
nan
nan
nan
nan
nan
nan
nan
nan
nan
nan
nan
nan
nan
0.09054208867526808
0.09999865183418546
0.10000262851201643
0.1000021432827557
0.10000608542917627
0.09998329903648706
0.10031954331356585
0.09946765057906799
0.0992872569798724
0.0991370402381342
0.0989776393222917
0.09881612892611234
0.09871848187694063
0.09846140948351584
0.09828350983949766
0.09809796005505932
0.09781760762380179
0.09767786145836849
0.09747826991836371
0.09724457967754513
0.09706786701671752
0.0967469343719469
0.09662585966841042
0.09627580406972466
nan
nan
nan
nan
nan
nan
nan
nan
nan
nan
nan
nan
nan
nan
nan
nan
nan
nan
nan
nan
nan
nan
nan
nan
nan
nan
nan
0.10077826326095038
0.09995017107477355
0.09998728919946967
0.09999738694793453
0.09999965309831021
0.10000057875027077
0.10000149988713906
0.09999794969119234
0.09993900342848389
0.09957848491870927
0.0993555115849303
0.09914998856400986
0.09895912270615614
0.09874844004538655
0.09882637066656647
0.09837708984843016
0.09817423647407961
0.09788737135063409
0.0976887658417549
0.09753673704735127
0.09721126949770356
0.09701340550659401
0.09676024151677895
nan
nan
nan
nan
nan
nan
nan
nan
nan
nan
nan
nan
nan
nan
nan
nan
nan
nan
nan
nan
nan
nan
nan
nan
nan
nan
nan
0.10191405453133354
0.10070319968292693
0.10102638304409561
0.09974804352059505
0.10005119798648945
0.09999384695099646
0.09997974316564756
0.09999359506944863
0.09999893566880148
0.10000169744868316
0.1000049602292602
0.10000040001213825
0.09959108691025745
0.0992412536062238
0.0990654834841324
0.09880428555472125
0.09881531507003673
0.09849866761125611
0.09823809444324466
0.09807358733231342
0.09779442957350572
0.09741560482073637
0.09719457399533546
nan
nan
nan
nan
nan
nan
nan
nan
nan
nan
nan
nan
nan
nan
nan
nan
nan
nan
nan
nan
nan
nan
nan
nan
nan
nan
nan
0.10164151967693695
0.10181973308919391
0.10189478494217155
0.10163399203444295
0.10115938033074093
0.10096965640517983
0.10070000091673088
0.10053649084275236
0.10007004544368583
0.09998247991436905
0.09999626274339354
0.10000046950310755
0.10000027877032322
0.10000208527178474
0.1007786521436474
0.09955523410975634
0.09938069900093069
0.09887429289404814
0.09880050016930167
0.09976220889320646
0.0979847947120743
0.09789328588666904
nan
nan
nan
nan
nan
nan
nan
nan
nan
nan
nan
nan
nan
nan
nan
nan
nan
nan
nan
nan
nan
nan
nan
nan
nan
nan
nan
nan
0.10218659993726464
0.10000941839637639
0.10180280757501707
0.1019660556032358
0.10119370426922181
0.10144962159014377
0.10125758060480282
0.10112495094287191
0.10080032818874571
0.10095778416843725
0.10051815033798131
0.10017890015318137
0.09998463258174559
0.09999961475257607
0.09999931408153057
0.10000090661498762
0.10091670733808852
0.10087708971553963
0.09998170466737105
0.09945253914873171
0.10021906564666054
nan
nan
nan
nan
nan
nan
nan
nan
nan
nan
nan
nan
nan
nan
nan
nan
nan
nan
nan
nan
nan
nan
nan
nan
nan
nan
nan
nan
nan
0.10327326337415305
0.10031799026527743
0.10282089897822258
0.0999879021585085
0.10187908226320982
0.10196712444494317
0.10174066597470108
0.10159094975313154
0.10151049515330535
0.10138728475667755
0.10126291370406243
0.10093677207087531
0.10087732451507146
0.10044038897417779
0.09994823761321396
0.09999924704497185
0.10000018826926738
0.1000018147286553
0.10054056504815347
0.09992349861663438
0.09881075568260828
0.09919507480658206
nan
nan
nan
nan
0.09524572085810656
nan
nan
nan
nan
nan
nan
nan
nan
nan
nan
nan
nan
nan
nan
nan
nan
nan
nan
nan
nan
nan
nan
nan
0.10154930262291892
0.10248708076829266
0.10336774381503501
0.10291082047446376
0.10279404314980746
0.10182990450969359
0.1013376020819573
0.10190567319321413
0.1018204531867263
0.1017597150940903
0.10171783533161319
0.1016649137910609
0.10146652091716762
0.10124076621082415
0.10087964829148431
0.10144679629161737
0.10072171806631712
0.10060481913148049
0.09999207778693939
0.09999842649805708
0.10110010280531828
nan
nan
nan
nan
nan
nan
nan
nan
nan
nan
nan
nan
nan
nan
nan
nan
nan
nan
nan
nan
nan
nan
nan
nan
nan
nan
nan
nan
nan
nan
nan
0.10165908495314324
0.10167896812464094
0.10335888838325738
0.10317640461298735
0.10291688550318923
0.10188987405452625
0.1013609633929155
0.10187984484677706
0.1018336948582281
0.10180996397504562
0.10181056509378439
0.10183980350731667
0.10188117588105372
0.10150742495485694
0.10037588337499187
0.10106166572072933
0.10187654414394152
0.10000528502320802
0.10142301803426615
nan
nan
nan
nan
nan
nan
nan
nan
nan
nan
nan
nan
nan
nan
nan
nan
nan
nan
nan
nan
nan
nan
nan
nan
nan
nan
nan
nan
nan
nan
nan
nan
nan
0.10298134039633106
0.10309134809420165
0.10336682706545103
0.10324635391995415
0.1030273055530811
0.1005982027652503
0.10202669453761218
0.10197544691702713
0.10184903320529996
0.10182250115063109
0.10182479938863055
0.10183903055961618
0.1015829102295332
0.10186229547050206
0.10228091598324487
0.10129554873062113
0.10072340868310091
0.10169854728608765
nan
nan
nan
nan
nan
nan
nan
nan
nan
nan
nan
nan
nan
nan
nan
nan
nan
nan
nan
nan
nan
nan
nan
nan
nan
nan
nan
nan
nan
nan
nan
nan
0.09898257744093449
0.10413114977371976
0.10394781357140637
0.10382894781427565
0.10363214715561608
0.1033310563004983
0.10300335320104048
0.10187125927491067
0.10159599960434969
0.10185089228502633
0.10182256955687552
0.1017963817835145
0.10178250502850231
0.1018117700693976
0.10290721479550083
0.1007105030554839
0.10167798775738643
0.10053025341472267
nan
nan
nan
nan
nan
nan
nan
nan
nan
nan
nan
nan
nan
nan
nan
nan
nan
nan
nan
nan
nan
nan
nan
nan
nan
nan
nan
nan
nan
nan
nan
nan
nan
nan
0.10443174366585833
0.10429995178986512
0.104139173647227
0.1039439720998204
0.10367970609336731
0.10351864550431705
0.10295499318559487
0.10158695881421893
0.10186285637256647
0.10180668421550915
0.10175516108957933
0.10174170707450499
0.10184047084481881
0.10225558909138796
0.10061761052705794
0.10170312831935417
nan
0.1001171119033065
nan
nan
nan
nan
nan
nan
nan
nan
nan
nan
nan
nan
nan
nan
nan
nan
nan
nan
nan
nan
nan
nan
nan
nan
nan
nan
nan
nan
nan
nan
nan
nan
0.10431673183605701
nan
0.10425121690529215
0.10441944652117857
0.10430958848356967
0.10399074358313343
0.10363256056707168
0.10337168474288354
0.10222074467966846
0.10170540904125185
0.10178167923980366
0.10171125887440449
0.10168296100212543
0.10164013038280208
0.10247609331013659
0.10204217227379841
nan
nan
nan
nan
nan
nan
nan
nan
nan
nan
nan
nan
nan
nan
nan
nan
nan
nan
nan
nan
nan
nan
nan
nan
nan
nan
nan
nan
nan
nan
nan
nan
0.10669945354909444
0.10698776060350024
nan
nan
nan
0.09834085099364646
0.10472074365367559
0.10455638112327029
0.10428131626798687
0.10394429314056905
0.10352901110662241
0.10209565742976426
0.1033929881006632
0.10030116140399703
0.10164850890255434
0.10149040263198236
0.10190461195424996
nan
nan
nan
nan
nan
nan
nan
nan
nan
nan
nan
nan
nan
nan
nan
nan
nan
nan
nan
nan
nan
nan
nan
nan
nan
nan
nan
nan
nan
