0.0
0.0
0.0
0.0
0.0
0.0
0.0
0.0
0.0
0.0
0.0
0.0
0.0
0.0
0.0
0.0
0.0
0.0
0.0
0.0
0.0
0.0
0.0
0.0
0.0
0.0
0.0
0.0
0.0
0.0
0.0
0.0
0.0
0.0
0.0
0.0
0.0
0.0
0.0
0.0
0.0
0.0
0.0
0.0
0.0
0.0
0.0
0.0
0.0
0.0
1.6581215125772786e-08
1.6581215125772786e-08
1.6581215125772786e-08
1.6581215125772786e-08
1.6581215125772786e-08
1.6581215125772786e-08
1.6581215125772786e-08
1.6581215125772786e-08
1.6581215125772786e-08
1.6581215125772786e-08
1.6581215125772786e-08
1.6581215125772786e-08
1.6581215125772786e-08
1.6581215125772786e-08
1.6581215125772786e-08
1.6581215125772786e-08
1.6581215125772786e-08
1.6581215125772786e-08
1.6581215125772786e-08
1.6581215125772786e-08
1.6581215125772786e-08
1.6581215125772786e-08
1.6581215125772786e-08
1.6581215125772786e-08
1.6581215125772786e-08
1.6581215125772786e-08
1.6581215125772786e-08
1.6581215125772786e-08
1.6581215125772786e-08
1.6581215125772786e-08
1.6581215125772786e-08
1.6581215125772786e-08
1.6581215125772786e-08
1.6581215125772786e-08
1.6581215125772786e-08
1.6581215125772786e-08
1.6581215125772786e-08
1.6581215125772786e-08
1.6581215125772786e-08
1.6581215125772786e-08
1.6581215125772786e-08
1.6581215125772786e-08
1.6581215125772786e-08
1.6581215125772786e-08
1.6581215125772786e-08
1.6581215125772786e-08
1.6581215125772786e-08
1.6581215125772786e-08
1.6581215125772786e-08
1.6581215125772786e-08
6.632486050309114e-08
6.632486050309114e-08
6.632486050309114e-08
6.632486050309114e-08
6.632486050309114e-08
6.632486050309114e-08
6.632486050309114e-08
6.632486050309114e-08
6.632486050309114e-08
6.632486050309114e-08
6.632486050309114e-08
6.632486050309114e-08
6.632486050309114e-08
6.632486050309114e-08
6.632486050309114e-08
6.632486050309114e-08
6.632486050309114e-08
6.632486050309114e-08
6.632486050309114e-08
6.632486050309114e-08
6.632486050309114e-08
6.632486050309114e-08
6.632486050309114e-08
6.632486050309114e-08
6.632486050309114e-08
6.632486050309114e-08
6.632486050309114e-08
6.632486050309114e-08
6.632486050309114e-08
6.632486050309114e-08
6.632486050309114e-08
6.632486050309114e-08
6.632486050309114e-08
6.632486050309114e-08
6.632486050309114e-08
6.632486050309114e-08
6.632486050309114e-08
6.632486050309114e-08
6.632486050309114e-08
6.632486050309114e-08
6.632486050309114e-08
6.632486050309114e-08
6.632486050309114e-08
6.632486050309114e-08
6.632486050309114e-08
6.632486050309114e-08
6.632486050309114e-08
6.632486050309114e-08
6.632486050309114e-08
6.632486050309114e-08
1.492309361319551e-07
1.492309361319551e-07
1.492309361319551e-07
1.492309361319551e-07
1.492309361319551e-07
1.492309361319551e-07
1.492309361319551e-07
1.492309361319551e-07
1.492309361319551e-07
1.492309361319551e-07
1.492309361319551e-07
1.492309361319551e-07
1.492309361319551e-07
1.492309361319551e-07
1.492309361319551e-07
1.492309361319551e-07
1.492309361319551e-07
1.492309361319551e-07
1.492309361319551e-07
1.492309361319551e-07
1.492309361319551e-07
1.492309361319551e-07
1.492309361319551e-07
1.492309361319551e-07
1.492309361319551e-07
1.492309361319551e-07
1.492309361319551e-07
1.492309361319551e-07
1.492309361319551e-07
1.492309361319551e-07
1.492309361319551e-07
1.492309361319551e-07
1.492309361319551e-07
1.492309361319551e-07
1.492309361319551e-07
1.492309361319551e-07
1.492309361319551e-07
1.492309361319551e-07
1.492309361319551e-07
1.492309361319551e-07
1.492309361319551e-07
1.492309361319551e-07
1.492309361319551e-07
1.492309361319551e-07
1.492309361319551e-07
1.492309361319551e-07
1.492309361319551e-07
1.492309361319551e-07
1.492309361319551e-07
1.492309361319551e-07
2.652994420123646e-07
2.652994420123646e-07
2.652994420123646e-07
2.652994420123646e-07
2.652994420123646e-07
2.652994420123646e-07
2.652994420123646e-07
2.652994420123646e-07
2.652994420123646e-07
2.652994420123646e-07
2.652994420123646e-07
2.652994420123646e-07
2.652994420123646e-07
2.652994420123646e-07
2.652994420123646e-07
2.652994420123646e-07
2.652994420123646e-07
2.652994420123646e-07
2.652994420123646e-07
2.652994420123646e-07
2.652994420123646e-07
2.652994420123646e-07
2.652994420123646e-07
2.652994420123646e-07
2.652994420123646e-07
2.652994420123646e-07
2.652994420123646e-07
2.652994420123646e-07
2.652994420123646e-07
2.652994420123646e-07
2.652994420123646e-07
2.652994420123646e-07
2.652994420123646e-07
2.652994420123646e-07
2.652994420123646e-07
2.652994420123646e-07
2.652994420123646e-07
2.652994420123646e-07
2.652994420123646e-07
2.652994420123646e-07
2.652994420123646e-07
2.652994420123646e-07
2.652994420123646e-07
2.652994420123646e-07
2.652994420123646e-07
2.652994420123646e-07
2.652994420123646e-07
2.652994420123646e-07
2.652994420123646e-07
2.652994420123646e-07
4.145303781443198e-07
4.145303781443198e-07
4.145303781443198e-07
4.145303781443198e-07
4.145303781443198e-07
4.145303781443198e-07
4.145303781443198e-07
4.145303781443198e-07
4.145303781443198e-07
4.145303781443198e-07
4.145303781443198e-07
4.145303781443198e-07
4.145303781443198e-07
4.145303781443198e-07
4.145303781443198e-07
4.145303781443198e-07
4.145303781443198e-07
4.145303781443198e-07
4.145303781443198e-07
4.145303781443198e-07
4.145303781443198e-07
4.145303781443198e-07
4.145303781443198e-07
4.145303781443198e-07
4.145303781443198e-07
4.145303781443198e-07
4.145303781443198e-07
4.145303781443198e-07
4.145303781443198e-07
4.145303781443198e-07
4.145303781443198e-07
4.145303781443198e-07
4.145303781443198e-07
4.145303781443198e-07
4.145303781443198e-07
4.145303781443198e-07
4.145303781443198e-07
4.145303781443198e-07
4.145303781443198e-07
4.145303781443198e-07
4.145303781443198e-07
4.145303781443198e-07
4.145303781443198e-07
4.145303781443198e-07
4.145303781443198e-07
4.145303781443198e-07
4.145303781443198e-07
4.145303781443198e-07
4.145303781443198e-07
4.145303781443198e-07
5.969237445278204e-07
5.969237445278204e-07
5.969237445278204e-07
5.969237445278204e-07
5.969237445278204e-07
5.969237445278204e-07
5.969237445278204e-07
5.969237445278204e-07
5.969237445278204e-07
5.969237445278204e-07
5.969237445278204e-07
5.969237445278204e-07
5.969237445278204e-07
5.969237445278204e-07
5.969237445278204e-07
5.969237445278204e-07
5.969237445278204e-07
5.969237445278204e-07
5.969237445278204e-07
5.969237445278204e-07
5.969237445278204e-07
5.969237445278204e-07
5.969237445278204e-07
5.969237445278204e-07
5.969237445278204e-07
5.969237445278204e-07
5.969237445278204e-07
5.969237445278204e-07
5.969237445278204e-07
5.969237445278204e-07
5.969237445278204e-07
5.969237445278204e-07
5.969237445278204e-07
5.969237445278204e-07
5.969237445278204e-07
5.969237445278204e-07
5.969237445278204e-07
5.969237445278204e-07
5.969237445278204e-07
5.969237445278204e-07
5.969237445278204e-07
5.969237445278204e-07
5.969237445278204e-07
5.969237445278204e-07
5.969237445278204e-07
5.969237445278204e-07
5.969237445278204e-07
5.969237445278204e-07
5.969237445278204e-07
5.969237445278204e-07
8.124795411628665e-07
8.124795411628665e-07
8.124795411628665e-07
8.124795411628665e-07
8.124795411628665e-07
8.124795411628665e-07
8.124795411628665e-07
8.124795411628665e-07
8.124795411628665e-07
8.124795411628665e-07
8.124795411628665e-07
8.124795411628665e-07
8.124795411628665e-07
8.124795411628665e-07
8.124795411628665e-07
8.124795411628665e-07
8.124795411628665e-07
8.124795411628665e-07
8.124795411628665e-07
8.124795411628665e-07
8.124795411628665e-07
8.124795411628665e-07
8.124795411628665e-07
8.124795411628665e-07
8.124795411628665e-07
8.124795411628665e-07
8.124795411628665e-07
8.124795411628665e-07
8.124795411628665e-07
8.124795411628665e-07
8.124795411628665e-07
8.124795411628665e-07
8.124795411628665e-07
8.124795411628665e-07
8.124795411628665e-07
8.124795411628665e-07
8.124795411628665e-07
8.124795411628665e-07
8.124795411628665e-07
8.124795411628665e-07
8.124795411628665e-07
8.124795411628665e-07
8.124795411628665e-07
8.124795411628665e-07
8.124795411628665e-07
8.124795411628665e-07
8.124795411628665e-07
8.124795411628665e-07
8.124795411628665e-07
8.124795411628665e-07
1.0611977680494583e-06
1.0611977680494583e-06
1.0611977680494583e-06
1.0611977680494583e-06
1.0611977680494583e-06
1.0611977680494583e-06
1.0611977680494583e-06
1.0611977680494583e-06
1.0611977680494583e-06
1.0611977680494583e-06
1.0611977680494583e-06
1.0611977680494583e-06
1.0611977680494583e-06
1.0611977680494583e-06
1.0611977680494583e-06
1.0611977680494583e-06
1.0611977680494583e-06
1.0611977680494583e-06
1.0611977680494583e-06
1.0611977680494583e-06
1.0611977680494583e-06
1.0611977680494583e-06
1.0611977680494583e-06
1.0611977680494583e-06
1.0611977680494583e-06
1.0611977680494583e-06
1.0611977680494583e-06
1.0611977680494583e-06
1.0611977680494583e-06
1.0611977680494583e-06
1.0611977680494583e-06
1.0611977680494583e-06
1.0611977680494583e-06
1.0611977680494583e-06
1.0611977680494583e-06
1.0611977680494583e-06
1.0611977680494583e-06
1.0611977680494583e-06
1.0611977680494583e-06
1.0611977680494583e-06
1.0611977680494583e-06
1.0611977680494583e-06
1.0611977680494583e-06
1.0611977680494583e-06
1.0611977680494583e-06
1.0611977680494583e-06
1.0611977680494583e-06
1.0611977680494583e-06
1.0611977680494583e-06
1.0611977680494583e-06
1.343078425187596e-06
1.343078425187596e-06
1.343078425187596e-06
1.343078425187596e-06
1.343078425187596e-06
1.343078425187596e-06
1.343078425187596e-06
1.343078425187596e-06
1.343078425187596e-06
1.343078425187596e-06
1.343078425187596e-06
1.343078425187596e-06
1.343078425187596e-06
1.343078425187596e-06
1.343078425187596e-06
1.343078425187596e-06
1.343078425187596e-06
1.343078425187596e-06
1.343078425187596e-06
1.343078425187596e-06
1.343078425187596e-06
1.343078425187596e-06
1.343078425187596e-06
1.343078425187596e-06
1.343078425187596e-06
1.343078425187596e-06
1.343078425187596e-06
1.343078425187596e-06
1.343078425187596e-06
1.343078425187596e-06
1.343078425187596e-06
1.343078425187596e-06
1.343078425187596e-06
1.343078425187596e-06
1.343078425187596e-06
1.343078425187596e-06
1.343078425187596e-06
1.343078425187596e-06
1.343078425187596e-06
1.343078425187596e-06
1.343078425187596e-06
1.343078425187596e-06
1.343078425187596e-06
1.343078425187596e-06
1.343078425187596e-06
1.343078425187596e-06
1.343078425187596e-06
1.343078425187596e-06
1.343078425187596e-06
1.343078425187596e-06
1.6581215125772792e-06
1.6581215125772792e-06
1.6581215125772792e-06
1.6581215125772792e-06
1.6581215125772792e-06
1.6581215125772792e-06
1.6581215125772792e-06
1.6581215125772792e-06
1.6581215125772792e-06
1.6581215125772792e-06
1.6581215125772792e-06
1.6581215125772792e-06
1.6581215125772792e-06
1.6581215125772792e-06
1.6581215125772792e-06
1.6581215125772792e-06
1.6581215125772792e-06
1.6581215125772792e-06
1.6581215125772792e-06
1.6581215125772792e-06
1.6581215125772792e-06
1.6581215125772792e-06
1.6581215125772792e-06
1.6581215125772792e-06
1.6581215125772792e-06
1.6581215125772792e-06
1.6581215125772792e-06
1.6581215125772792e-06
1.6581215125772792e-06
1.6581215125772792e-06
1.6581215125772792e-06
1.6581215125772792e-06
1.6581215125772792e-06
1.6581215125772792e-06
1.6581215125772792e-06
1.6581215125772792e-06
1.6581215125772792e-06
1.6581215125772792e-06
1.6581215125772792e-06
1.6581215125772792e-06
1.6581215125772792e-06
1.6581215125772792e-06
1.6581215125772792e-06
1.6581215125772792e-06
1.6581215125772792e-06
1.6581215125772792e-06
1.6581215125772792e-06
1.6581215125772792e-06
1.6581215125772792e-06
1.6581215125772792e-06
2.0063270302185076e-06
2.0063270302185076e-06
2.0063270302185076e-06
2.0063270302185076e-06
2.0063270302185076e-06
2.0063270302185076e-06
2.0063270302185076e-06
2.0063270302185076e-06
2.0063270302185076e-06
2.0063270302185076e-06
2.0063270302185076e-06
2.0063270302185076e-06
2.0063270302185076e-06
2.0063270302185076e-06
2.0063270302185076e-06
2.0063270302185076e-06
2.0063270302185076e-06
2.0063270302185076e-06
2.0063270302185076e-06
2.0063270302185076e-06
2.0063270302185076e-06
2.0063270302185076e-06
2.0063270302185076e-06
2.0063270302185076e-06
2.0063270302185076e-06
2.0063270302185076e-06
2.0063270302185076e-06
2.0063270302185076e-06
2.0063270302185076e-06
2.0063270302185076e-06
2.0063270302185076e-06
2.0063270302185076e-06
2.0063270302185076e-06
2.0063270302185076e-06
2.0063270302185076e-06
2.0063270302185076e-06
2.0063270302185076e-06
2.0063270302185076e-06
2.0063270302185076e-06
2.0063270302185076e-06
2.0063270302185076e-06
2.0063270302185076e-06
2.0063270302185076e-06
2.0063270302185076e-06
2.0063270302185076e-06
2.0063270302185076e-06
2.0063270302185076e-06
2.0063270302185076e-06
2.0063270302185076e-06
2.0063270302185076e-06
2.3876949781112817e-06
2.3876949781112817e-06
2.3876949781112817e-06
2.3876949781112817e-06
2.3876949781112817e-06
2.3876949781112817e-06
2.3876949781112817e-06
2.3876949781112817e-06
2.3876949781112817e-06
2.3876949781112817e-06
2.3876949781112817e-06
2.3876949781112817e-06
2.3876949781112817e-06
2.3876949781112817e-06
2.3876949781112817e-06
2.3876949781112817e-06
2.3876949781112817e-06
2.3876949781112817e-06
2.3876949781112817e-06
2.3876949781112817e-06
2.3876949781112817e-06
2.3876949781112817e-06
2.3876949781112817e-06
2.3876949781112817e-06
2.3876949781112817e-06
2.3876949781112817e-06
2.3876949781112817e-06
2.3876949781112817e-06
2.3876949781112817e-06
2.3876949781112817e-06
2.3876949781112817e-06
2.3876949781112817e-06
2.3876949781112817e-06
2.3876949781112817e-06
2.3876949781112817e-06
2.3876949781112817e-06
2.3876949781112817e-06
2.3876949781112817e-06
2.3876949781112817e-06
2.3876949781112817e-06
2.3876949781112817e-06
2.3876949781112817e-06
2.3876949781112817e-06
2.3876949781112817e-06
2.3876949781112817e-06
2.3876949781112817e-06
2.3876949781112817e-06
2.3876949781112817e-06
2.3876949781112817e-06
2.3876949781112817e-06
2.8022253562556016e-06
2.8022253562556016e-06
2.8022253562556016e-06
2.8022253562556016e-06
2.8022253562556016e-06
2.8022253562556016e-06
2.8022253562556016e-06
2.8022253562556016e-06
2.8022253562556016e-06
2.8022253562556016e-06
2.8022253562556016e-06
2.8022253562556016e-06
2.8022253562556016e-06
2.8022253562556016e-06
2.8022253562556016e-06
2.8022253562556016e-06
2.8022253562556016e-06
2.8022253562556016e-06
2.8022253562556016e-06
2.8022253562556016e-06
2.8022253562556016e-06
2.8022253562556016e-06
2.8022253562556016e-06
2.8022253562556016e-06
2.8022253562556016e-06
2.8022253562556016e-06
2.8022253562556016e-06
2.8022253562556016e-06
2.8022253562556016e-06
2.8022253562556016e-06
2.8022253562556016e-06
2.8022253562556016e-06
2.8022253562556016e-06
2.8022253562556016e-06
2.8022253562556016e-06
2.8022253562556016e-06
2.8022253562556016e-06
2.8022253562556016e-06
2.8022253562556016e-06
2.8022253562556016e-06
2.8022253562556016e-06
2.8022253562556016e-06
2.8022253562556016e-06
2.8022253562556016e-06
2.8022253562556016e-06
2.8022253562556016e-06
2.8022253562556016e-06
2.8022253562556016e-06
2.8022253562556016e-06
2.8022253562556016e-06
3.249918164651466e-06
3.249918164651466e-06
3.249918164651466e-06
3.249918164651466e-06
3.249918164651466e-06
3.249918164651466e-06
3.249918164651466e-06
3.249918164651466e-06
3.249918164651466e-06
3.249918164651466e-06
3.249918164651466e-06
3.249918164651466e-06
3.249918164651466e-06
3.249918164651466e-06
3.249918164651466e-06
3.249918164651466e-06
3.249918164651466e-06
3.249918164651466e-06
3.249918164651466e-06
3.249918164651466e-06
3.249918164651466e-06
3.249918164651466e-06
3.249918164651466e-06
3.249918164651466e-06
3.249918164651466e-06
3.249918164651466e-06
3.249918164651466e-06
3.249918164651466e-06
3.249918164651466e-06
3.249918164651466e-06
3.249918164651466e-06
3.249918164651466e-06
3.249918164651466e-06
3.249918164651466e-06
3.249918164651466e-06
3.249918164651466e-06
3.249918164651466e-06
3.249918164651466e-06
3.249918164651466e-06
3.249918164651466e-06
3.249918164651466e-06
3.249918164651466e-06
3.249918164651466e-06
3.249918164651466e-06
3.249918164651466e-06
3.249918164651466e-06
3.249918164651466e-06
3.249918164651466e-06
3.249918164651466e-06
3.249918164651466e-06
3.730773403298878e-06
3.730773403298878e-06
3.730773403298878e-06
3.730773403298878e-06
3.730773403298878e-06
3.730773403298878e-06
3.730773403298878e-06
3.730773403298878e-06
3.730773403298878e-06
3.730773403298878e-06
3.730773403298878e-06
3.730773403298878e-06
3.730773403298878e-06
3.730773403298878e-06
3.730773403298878e-06
3.730773403298878e-06
3.730773403298878e-06
3.730773403298878e-06
3.730773403298878e-06
3.730773403298878e-06
3.730773403298878e-06
3.730773403298878e-06
3.730773403298878e-06
3.730773403298878e-06
3.730773403298878e-06
3.730773403298878e-06
3.730773403298878e-06
3.730773403298878e-06
3.730773403298878e-06
3.730773403298878e-06
3.730773403298878e-06
3.730773403298878e-06
3.730773403298878e-06
3.730773403298878e-06
3.730773403298878e-06
3.730773403298878e-06
3.730773403298878e-06
3.730773403298878e-06
3.730773403298878e-06
3.730773403298878e-06
3.730773403298878e-06
3.730773403298878e-06
3.730773403298878e-06
3.730773403298878e-06
3.730773403298878e-06
3.730773403298878e-06
3.730773403298878e-06
3.730773403298878e-06
3.730773403298878e-06
3.730773403298878e-06
4.244791072197833e-06
4.244791072197833e-06
4.244791072197833e-06
4.244791072197833e-06
4.244791072197833e-06
4.244791072197833e-06
4.244791072197833e-06
4.244791072197833e-06
4.244791072197833e-06
4.244791072197833e-06
4.244791072197833e-06
4.244791072197833e-06
4.244791072197833e-06
4.244791072197833e-06
4.244791072197833e-06
4.244791072197833e-06
4.244791072197833e-06
4.244791072197833e-06
4.244791072197833e-06
4.244791072197833e-06
4.244791072197833e-06
4.244791072197833e-06
4.244791072197833e-06
4.244791072197833e-06
4.244791072197833e-06
4.244791072197833e-06
4.244791072197833e-06
4.244791072197833e-06
4.244791072197833e-06
4.244791072197833e-06
4.244791072197833e-06
4.244791072197833e-06
4.244791072197833e-06
4.244791072197833e-06
4.244791072197833e-06
4.244791072197833e-06
4.244791072197833e-06
4.244791072197833e-06
4.244791072197833e-06
4.244791072197833e-06
4.244791072197833e-06
4.244791072197833e-06
4.244791072197833e-06
4.244791072197833e-06
4.244791072197833e-06
4.244791072197833e-06
4.244791072197833e-06
4.244791072197833e-06
4.244791072197833e-06
4.244791072197833e-06
4.791971171348336e-06
4.791971171348336e-06
4.791971171348336e-06
4.791971171348336e-06
4.791971171348336e-06
4.791971171348336e-06
4.791971171348336e-06
4.791971171348336e-06
4.791971171348336e-06
4.791971171348336e-06
4.791971171348336e-06
4.791971171348336e-06
4.791971171348336e-06
4.791971171348336e-06
4.791971171348336e-06
4.791971171348336e-06
4.791971171348336e-06
4.791971171348336e-06
4.791971171348336e-06
4.791971171348336e-06
4.791971171348336e-06
4.791971171348336e-06
4.791971171348336e-06
4.791971171348336e-06
4.791971171348336e-06
4.791971171348336e-06
4.791971171348336e-06
4.791971171348336e-06
4.791971171348336e-06
4.791971171348336e-06
4.791971171348336e-06
4.791971171348336e-06
4.791971171348336e-06
4.791971171348336e-06
4.791971171348336e-06
4.791971171348336e-06
4.791971171348336e-06
4.791971171348336e-06
4.791971171348336e-06
4.791971171348336e-06
4.791971171348336e-06
4.791971171348336e-06
4.791971171348336e-06
4.791971171348336e-06
4.791971171348336e-06
4.791971171348336e-06
4.791971171348336e-06
4.791971171348336e-06
4.791971171348336e-06
4.791971171348336e-06
5.372313700750384e-06
5.372313700750384e-06
5.372313700750384e-06
5.372313700750384e-06
5.372313700750384e-06
5.372313700750384e-06
5.372313700750384e-06
5.372313700750384e-06
5.372313700750384e-06
5.372313700750384e-06
5.372313700750384e-06
5.372313700750384e-06
5.372313700750384e-06
5.372313700750384e-06
5.372313700750384e-06
5.372313700750384e-06
5.372313700750384e-06
5.372313700750384e-06
5.372313700750384e-06
5.372313700750384e-06
5.372313700750384e-06
5.372313700750384e-06
5.372313700750384e-06
5.372313700750384e-06
5.372313700750384e-06
5.372313700750384e-06
5.372313700750384e-06
5.372313700750384e-06
5.372313700750384e-06
5.372313700750384e-06
5.372313700750384e-06
5.372313700750384e-06
5.372313700750384e-06
5.372313700750384e-06
5.372313700750384e-06
5.372313700750384e-06
5.372313700750384e-06
5.372313700750384e-06
5.372313700750384e-06
5.372313700750384e-06
5.372313700750384e-06
5.372313700750384e-06
5.372313700750384e-06
5.372313700750384e-06
5.372313700750384e-06
5.372313700750384e-06
5.372313700750384e-06
5.372313700750384e-06
5.372313700750384e-06
5.372313700750384e-06
5.985818660403977e-06
5.985818660403977e-06
5.985818660403977e-06
5.985818660403977e-06
5.985818660403977e-06
5.985818660403977e-06
5.985818660403977e-06
5.985818660403977e-06
5.985818660403977e-06
5.985818660403977e-06
5.985818660403977e-06
5.985818660403977e-06
5.985818660403977e-06
5.985818660403977e-06
5.985818660403977e-06
5.985818660403977e-06
5.985818660403977e-06
5.985818660403977e-06
5.985818660403977e-06
5.985818660403977e-06
5.985818660403977e-06
5.985818660403977e-06
5.985818660403977e-06
5.985818660403977e-06
5.985818660403977e-06
5.985818660403977e-06
5.985818660403977e-06
5.985818660403977e-06
5.985818660403977e-06
5.985818660403977e-06
5.985818660403977e-06
5.985818660403977e-06
5.985818660403977e-06
5.985818660403977e-06
5.985818660403977e-06
5.985818660403977e-06
5.985818660403977e-06
5.985818660403977e-06
5.985818660403977e-06
5.985818660403977e-06
5.985818660403977e-06
5.985818660403977e-06
5.985818660403977e-06
5.985818660403977e-06
5.985818660403977e-06
5.985818660403977e-06
5.985818660403977e-06
5.985818660403977e-06
5.985818660403977e-06
5.985818660403977e-06
6.632486050309117e-06
6.632486050309117e-06
6.632486050309117e-06
6.632486050309117e-06
6.632486050309117e-06
6.632486050309117e-06
6.632486050309117e-06
6.632486050309117e-06
6.632486050309117e-06
6.632486050309117e-06
6.632486050309117e-06
6.632486050309117e-06
6.632486050309117e-06
6.632486050309117e-06
6.632486050309117e-06
6.632486050309117e-06
6.632486050309117e-06
6.632486050309117e-06
6.632486050309117e-06
6.632486050309117e-06
6.632486050309117e-06
6.632486050309117e-06
6.632486050309117e-06
6.632486050309117e-06
6.632486050309117e-06
6.632486050309117e-06
6.632486050309117e-06
6.632486050309117e-06
6.632486050309117e-06
6.632486050309117e-06
6.632486050309117e-06
6.632486050309117e-06
6.632486050309117e-06
6.632486050309117e-06
6.632486050309117e-06
6.632486050309117e-06
6.632486050309117e-06
6.632486050309117e-06
6.632486050309117e-06
6.632486050309117e-06
6.632486050309117e-06
6.632486050309117e-06
6.632486050309117e-06
6.632486050309117e-06
6.632486050309117e-06
6.632486050309117e-06
6.632486050309117e-06
6.632486050309117e-06
6.632486050309117e-06
6.632486050309117e-06
7.312315870465801e-06
7.312315870465801e-06
7.312315870465801e-06
7.312315870465801e-06
7.312315870465801e-06
7.312315870465801e-06
7.312315870465801e-06
7.312315870465801e-06
7.312315870465801e-06
7.312315870465801e-06
7.312315870465801e-06
7.312315870465801e-06
7.312315870465801e-06
7.312315870465801e-06
7.312315870465801e-06
7.312315870465801e-06
7.312315870465801e-06
7.312315870465801e-06
7.312315870465801e-06
7.312315870465801e-06
7.312315870465801e-06
7.312315870465801e-06
7.312315870465801e-06
7.312315870465801e-06
7.312315870465801e-06
7.312315870465801e-06
7.312315870465801e-06
7.312315870465801e-06
7.312315870465801e-06
7.312315870465801e-06
7.312315870465801e-06
7.312315870465801e-06
7.312315870465801e-06
7.312315870465801e-06
7.312315870465801e-06
7.312315870465801e-06
7.312315870465801e-06
7.312315870465801e-06
7.312315870465801e-06
7.312315870465801e-06
7.312315870465801e-06
7.312315870465801e-06
7.312315870465801e-06
7.312315870465801e-06
7.312315870465801e-06
7.312315870465801e-06
7.312315870465801e-06
7.312315870465801e-06
7.312315870465801e-06
7.312315870465801e-06
8.02530812087403e-06
8.02530812087403e-06
8.02530812087403e-06
8.02530812087403e-06
8.02530812087403e-06
8.02530812087403e-06
8.02530812087403e-06
8.02530812087403e-06
8.02530812087403e-06
8.02530812087403e-06
8.02530812087403e-06
8.02530812087403e-06
8.02530812087403e-06
8.02530812087403e-06
8.02530812087403e-06
8.02530812087403e-06
8.02530812087403e-06
8.02530812087403e-06
8.02530812087403e-06
8.02530812087403e-06
8.02530812087403e-06
8.02530812087403e-06
8.02530812087403e-06
8.02530812087403e-06
8.02530812087403e-06
8.02530812087403e-06
8.02530812087403e-06
8.02530812087403e-06
8.02530812087403e-06
8.02530812087403e-06
8.02530812087403e-06
8.02530812087403e-06
8.02530812087403e-06
8.02530812087403e-06
8.02530812087403e-06
8.02530812087403e-06
8.02530812087403e-06
8.02530812087403e-06
8.02530812087403e-06
8.02530812087403e-06
8.02530812087403e-06
8.02530812087403e-06
8.02530812087403e-06
8.02530812087403e-06
8.02530812087403e-06
8.02530812087403e-06
8.02530812087403e-06
8.02530812087403e-06
8.02530812087403e-06
8.02530812087403e-06
8.771462801533807e-06
8.771462801533807e-06
8.771462801533807e-06
8.771462801533807e-06
8.771462801533807e-06
8.771462801533807e-06
8.771462801533807e-06
8.771462801533807e-06
8.771462801533807e-06
8.771462801533807e-06
8.771462801533807e-06
8.771462801533807e-06
8.771462801533807e-06
8.771462801533807e-06
8.771462801533807e-06
8.771462801533807e-06
8.771462801533807e-06
8.771462801533807e-06
8.771462801533807e-06
8.771462801533807e-06
8.771462801533807e-06
8.771462801533807e-06
8.771462801533807e-06
8.771462801533807e-06
8.771462801533807e-06
8.771462801533807e-06
8.771462801533807e-06
8.771462801533807e-06
8.771462801533807e-06
8.771462801533807e-06
8.771462801533807e-06
8.771462801533807e-06
8.771462801533807e-06
8.771462801533807e-06
8.771462801533807e-06
8.771462801533807e-06
8.771462801533807e-06
8.771462801533807e-06
8.771462801533807e-06
8.771462801533807e-06
8.771462801533807e-06
8.771462801533807e-06
8.771462801533807e-06
8.771462801533807e-06
8.771462801533807e-06
8.771462801533807e-06
8.771462801533807e-06
8.771462801533807e-06
8.771462801533807e-06
8.771462801533807e-06
9.550779912445127e-06
9.550779912445127e-06
9.550779912445127e-06
9.550779912445127e-06
9.550779912445127e-06
9.550779912445127e-06
9.550779912445127e-06
9.550779912445127e-06
9.550779912445127e-06
9.550779912445127e-06
9.550779912445127e-06
9.550779912445127e-06
9.550779912445127e-06
9.550779912445127e-06
9.550779912445127e-06
9.550779912445127e-06
9.550779912445127e-06
9.550779912445127e-06
9.550779912445127e-06
9.550779912445127e-06
9.550779912445127e-06
9.550779912445127e-06
9.550779912445127e-06
9.550779912445127e-06
9.550779912445127e-06
9.550779912445127e-06
9.550779912445127e-06
9.550779912445127e-06
9.550779912445127e-06
9.550779912445127e-06
9.550779912445127e-06
9.550779912445127e-06
9.550779912445127e-06
9.550779912445127e-06
9.550779912445127e-06
9.550779912445127e-06
9.550779912445127e-06
9.550779912445127e-06
9.550779912445127e-06
9.550779912445127e-06
9.550779912445127e-06
9.550779912445127e-06
9.550779912445127e-06
9.550779912445127e-06
9.550779912445127e-06
9.550779912445127e-06
9.550779912445127e-06
9.550779912445127e-06
9.550779912445127e-06
9.550779912445127e-06
1.0363259453607994e-05
1.0363259453607994e-05
1.0363259453607994e-05
1.0363259453607994e-05
1.0363259453607994e-05
1.0363259453607994e-05
1.0363259453607994e-05
1.0363259453607994e-05
1.0363259453607994e-05
1.0363259453607994e-05
1.0363259453607994e-05
1.0363259453607994e-05
1.0363259453607994e-05
1.0363259453607994e-05
1.0363259453607994e-05
1.0363259453607994e-05
1.0363259453607994e-05
1.0363259453607994e-05
1.0363259453607994e-05
1.0363259453607994e-05
1.0363259453607994e-05
1.0363259453607994e-05
1.0363259453607994e-05
1.0363259453607994e-05
1.0363259453607994e-05
1.0363259453607994e-05
1.0363259453607994e-05
1.0363259453607994e-05
1.0363259453607994e-05
1.0363259453607994e-05
1.0363259453607994e-05
1.0363259453607994e-05
1.0363259453607994e-05
1.0363259453607994e-05
1.0363259453607994e-05
1.0363259453607994e-05
1.0363259453607994e-05
1.0363259453607994e-05
1.0363259453607994e-05
1.0363259453607994e-05
1.0363259453607994e-05
1.0363259453607994e-05
1.0363259453607994e-05
1.0363259453607994e-05
1.0363259453607994e-05
1.0363259453607994e-05
1.0363259453607994e-05
1.0363259453607994e-05
1.0363259453607994e-05
1.0363259453607994e-05
1.1208901425022406e-05
1.1208901425022406e-05
1.1208901425022406e-05
1.1208901425022406e-05
1.1208901425022406e-05
1.1208901425022406e-05
1.1208901425022406e-05
1.1208901425022406e-05
1.1208901425022406e-05
1.1208901425022406e-05
1.1208901425022406e-05
1.1208901425022406e-05
1.1208901425022406e-05
1.1208901425022406e-05
1.1208901425022406e-05
1.1208901425022406e-05
1.1208901425022406e-05
1.1208901425022406e-05
1.1208901425022406e-05
1.1208901425022406e-05
1.1208901425022406e-05
1.1208901425022406e-05
1.1208901425022406e-05
1.1208901425022406e-05
1.1208901425022406e-05
1.1208901425022406e-05
1.1208901425022406e-05
1.1208901425022406e-05
1.1208901425022406e-05
1.1208901425022406e-05
1.1208901425022406e-05
1.1208901425022406e-05
1.1208901425022406e-05
1.1208901425022406e-05
1.1208901425022406e-05
1.1208901425022406e-05
1.1208901425022406e-05
1.1208901425022406e-05
1.1208901425022406e-05
1.1208901425022406e-05
1.1208901425022406e-05
1.1208901425022406e-05
1.1208901425022406e-05
1.1208901425022406e-05
1.1208901425022406e-05
1.1208901425022406e-05
1.1208901425022406e-05
1.1208901425022406e-05
1.1208901425022406e-05
1.1208901425022406e-05
1.2087705826688363e-05
1.2087705826688363e-05
1.2087705826688363e-05
1.2087705826688363e-05
1.2087705826688363e-05
1.2087705826688363e-05
1.2087705826688363e-05
1.2087705826688363e-05
1.2087705826688363e-05
1.2087705826688363e-05
1.2087705826688363e-05
1.2087705826688363e-05
1.2087705826688363e-05
1.2087705826688363e-05
1.2087705826688363e-05
1.2087705826688363e-05
1.2087705826688363e-05
1.2087705826688363e-05
1.2087705826688363e-05
1.2087705826688363e-05
1.2087705826688363e-05
1.2087705826688363e-05
1.2087705826688363e-05
1.2087705826688363e-05
1.2087705826688363e-05
1.2087705826688363e-05
1.2087705826688363e-05
1.2087705826688363e-05
1.2087705826688363e-05
1.2087705826688363e-05
1.2087705826688363e-05
1.2087705826688363e-05
1.2087705826688363e-05
1.2087705826688363e-05
1.2087705826688363e-05
1.2087705826688363e-05
1.2087705826688363e-05
1.2087705826688363e-05
1.2087705826688363e-05
1.2087705826688363e-05
1.2087705826688363e-05
1.2087705826688363e-05
1.2087705826688363e-05
1.2087705826688363e-05
1.2087705826688363e-05
1.2087705826688363e-05
1.2087705826688363e-05
1.2087705826688363e-05
1.2087705826688363e-05
1.2087705826688363e-05
1.2999672658605864e-05
1.2999672658605864e-05
1.2999672658605864e-05
1.2999672658605864e-05
1.2999672658605864e-05
1.2999672658605864e-05
1.2999672658605864e-05
1.2999672658605864e-05
1.2999672658605864e-05
1.2999672658605864e-05
1.2999672658605864e-05
1.2999672658605864e-05
1.2999672658605864e-05
1.2999672658605864e-05
1.2999672658605864e-05
1.2999672658605864e-05
1.2999672658605864e-05
1.2999672658605864e-05
1.2999672658605864e-05
1.2999672658605864e-05
1.2999672658605864e-05
1.2999672658605864e-05
1.2999672658605864e-05
1.2999672658605864e-05
1.2999672658605864e-05
1.2999672658605864e-05
1.2999672658605864e-05
1.2999672658605864e-05
1.2999672658605864e-05
1.2999672658605864e-05
1.2999672658605864e-05
1.2999672658605864e-05
1.2999672658605864e-05
1.2999672658605864e-05
1.2999672658605864e-05
1.2999672658605864e-05
1.2999672658605864e-05
1.2999672658605864e-05
1.2999672658605864e-05
1.2999672658605864e-05
1.2999672658605864e-05
1.2999672658605864e-05
1.2999672658605864e-05
1.2999672658605864e-05
1.2999672658605864e-05
1.2999672658605864e-05
1.2999672658605864e-05
1.2999672658605864e-05
1.2999672658605864e-05
1.2999672658605864e-05
1.394480192077492e-05
1.394480192077492e-05
1.394480192077492e-05
1.394480192077492e-05
1.394480192077492e-05
1.394480192077492e-05
1.394480192077492e-05
1.394480192077492e-05
1.394480192077492e-05
1.394480192077492e-05
1.394480192077492e-05
1.394480192077492e-05
1.394480192077492e-05
1.394480192077492e-05
1.394480192077492e-05
1.394480192077492e-05
1.394480192077492e-05
1.394480192077492e-05
1.394480192077492e-05
1.394480192077492e-05
1.394480192077492e-05
1.394480192077492e-05
1.394480192077492e-05
1.394480192077492e-05
1.394480192077492e-05
1.394480192077492e-05
1.394480192077492e-05
1.394480192077492e-05
1.394480192077492e-05
1.394480192077492e-05
1.394480192077492e-05
1.394480192077492e-05
1.394480192077492e-05
1.394480192077492e-05
1.394480192077492e-05
1.394480192077492e-05
1.394480192077492e-05
1.394480192077492e-05
1.394480192077492e-05
1.394480192077492e-05
1.394480192077492e-05
1.394480192077492e-05
1.394480192077492e-05
1.394480192077492e-05
1.394480192077492e-05
1.394480192077492e-05
1.394480192077492e-05
1.394480192077492e-05
1.394480192077492e-05
1.394480192077492e-05
1.4923093613195511e-05
1.4923093613195511e-05
1.4923093613195511e-05
1.4923093613195511e-05
1.4923093613195511e-05
1.4923093613195511e-05
1.4923093613195511e-05
1.4923093613195511e-05
1.4923093613195511e-05
1.4923093613195511e-05
1.4923093613195511e-05
1.4923093613195511e-05
1.4923093613195511e-05
1.4923093613195511e-05
1.4923093613195511e-05
1.4923093613195511e-05
1.4923093613195511e-05
1.4923093613195511e-05
1.4923093613195511e-05
1.4923093613195511e-05
1.4923093613195511e-05
1.4923093613195511e-05
1.4923093613195511e-05
1.4923093613195511e-05
1.4923093613195511e-05
1.4923093613195511e-05
1.4923093613195511e-05
1.4923093613195511e-05
1.4923093613195511e-05
1.4923093613195511e-05
1.4923093613195511e-05
1.4923093613195511e-05
1.4923093613195511e-05
1.4923093613195511e-05
1.4923093613195511e-05
1.4923093613195511e-05
1.4923093613195511e-05
1.4923093613195511e-05
1.4923093613195511e-05
1.4923093613195511e-05
1.4923093613195511e-05
1.4923093613195511e-05
1.4923093613195511e-05
1.4923093613195511e-05
1.4923093613195511e-05
1.4923093613195511e-05
1.4923093613195511e-05
1.4923093613195511e-05
1.4923093613195511e-05
1.4923093613195511e-05
1.5934547735867652e-05
1.5934547735867652e-05
1.5934547735867652e-05
1.5934547735867652e-05
1.5934547735867652e-05
1.5934547735867652e-05
1.5934547735867652e-05
1.5934547735867652e-05
1.5934547735867652e-05
1.5934547735867652e-05
1.5934547735867652e-05
1.5934547735867652e-05
1.5934547735867652e-05
1.5934547735867652e-05
1.5934547735867652e-05
1.5934547735867652e-05
1.5934547735867652e-05
1.5934547735867652e-05
1.5934547735867652e-05
1.5934547735867652e-05
1.5934547735867652e-05
1.5934547735867652e-05
1.5934547735867652e-05
1.5934547735867652e-05
1.5934547735867652e-05
1.5934547735867652e-05
1.5934547735867652e-05
1.5934547735867652e-05
1.5934547735867652e-05
1.5934547735867652e-05
1.5934547735867652e-05
1.5934547735867652e-05
1.5934547735867652e-05
1.5934547735867652e-05
1.5934547735867652e-05
1.5934547735867652e-05
1.5934547735867652e-05
1.5934547735867652e-05
1.5934547735867652e-05
1.5934547735867652e-05
1.5934547735867652e-05
1.5934547735867652e-05
1.5934547735867652e-05
1.5934547735867652e-05
1.5934547735867652e-05
1.5934547735867652e-05
1.5934547735867652e-05
1.5934547735867652e-05
1.5934547735867652e-05
1.5934547735867652e-05
1.6979164288791333e-05
1.6979164288791333e-05
1.6979164288791333e-05
1.6979164288791333e-05
1.6979164288791333e-05
1.6979164288791333e-05
1.6979164288791333e-05
1.6979164288791333e-05
1.6979164288791333e-05
1.6979164288791333e-05
1.6979164288791333e-05
1.6979164288791333e-05
1.6979164288791333e-05
1.6979164288791333e-05
1.6979164288791333e-05
1.6979164288791333e-05
1.6979164288791333e-05
1.6979164288791333e-05
1.6979164288791333e-05
1.6979164288791333e-05
1.6979164288791333e-05
1.6979164288791333e-05
1.6979164288791333e-05
1.6979164288791333e-05
1.6979164288791333e-05
1.6979164288791333e-05
1.6979164288791333e-05
1.6979164288791333e-05
1.6979164288791333e-05
1.6979164288791333e-05
1.6979164288791333e-05
1.6979164288791333e-05
1.6979164288791333e-05
1.6979164288791333e-05
1.6979164288791333e-05
1.6979164288791333e-05
1.6979164288791333e-05
1.6979164288791333e-05
1.6979164288791333e-05
1.6979164288791333e-05
1.6979164288791333e-05
1.6979164288791333e-05
1.6979164288791333e-05
1.6979164288791333e-05
1.6979164288791333e-05
1.6979164288791333e-05
1.6979164288791333e-05
1.6979164288791333e-05
1.6979164288791333e-05
1.6979164288791333e-05
1.8056943271966566e-05
1.8056943271966566e-05
1.8056943271966566e-05
1.8056943271966566e-05
1.8056943271966566e-05
1.8056943271966566e-05
1.8056943271966566e-05
1.8056943271966566e-05
1.8056943271966566e-05
1.8056943271966566e-05
1.8056943271966566e-05
1.8056943271966566e-05
1.8056943271966566e-05
1.8056943271966566e-05
1.8056943271966566e-05
1.8056943271966566e-05
1.8056943271966566e-05
1.8056943271966566e-05
1.8056943271966566e-05
1.8056943271966566e-05
1.8056943271966566e-05
1.8056943271966566e-05
1.8056943271966566e-05
1.8056943271966566e-05
1.8056943271966566e-05
1.8056943271966566e-05
1.8056943271966566e-05
1.8056943271966566e-05
1.8056943271966566e-05
1.8056943271966566e-05
1.8056943271966566e-05
1.8056943271966566e-05
1.8056943271966566e-05
1.8056943271966566e-05
1.8056943271966566e-05
1.8056943271966566e-05
1.8056943271966566e-05
1.8056943271966566e-05
1.8056943271966566e-05
1.8056943271966566e-05
1.8056943271966566e-05
1.8056943271966566e-05
1.8056943271966566e-05
1.8056943271966566e-05
1.8056943271966566e-05
1.8056943271966566e-05
1.8056943271966566e-05
1.8056943271966566e-05
1.8056943271966566e-05
1.8056943271966566e-05
1.9167884685393344e-05
1.9167884685393344e-05
1.9167884685393344e-05
1.9167884685393344e-05
1.9167884685393344e-05
1.9167884685393344e-05
1.9167884685393344e-05
1.9167884685393344e-05
1.9167884685393344e-05
1.9167884685393344e-05
1.9167884685393344e-05
1.9167884685393344e-05
1.9167884685393344e-05
1.9167884685393344e-05
1.9167884685393344e-05
1.9167884685393344e-05
1.9167884685393344e-05
1.9167884685393344e-05
1.9167884685393344e-05
1.9167884685393344e-05
1.9167884685393344e-05
1.9167884685393344e-05
1.9167884685393344e-05
1.9167884685393344e-05
1.9167884685393344e-05
1.9167884685393344e-05
1.9167884685393344e-05
1.9167884685393344e-05
1.9167884685393344e-05
1.9167884685393344e-05
1.9167884685393344e-05
1.9167884685393344e-05
1.9167884685393344e-05
1.9167884685393344e-05
1.9167884685393344e-05
1.9167884685393344e-05
1.9167884685393344e-05
1.9167884685393344e-05
1.9167884685393344e-05
1.9167884685393344e-05
1.9167884685393344e-05
1.9167884685393344e-05
1.9167884685393344e-05
1.9167884685393344e-05
1.9167884685393344e-05
1.9167884685393344e-05
1.9167884685393344e-05
1.9167884685393344e-05
1.9167884685393344e-05
1.9167884685393344e-05
2.0311988529071665e-05
2.0311988529071665e-05
2.0311988529071665e-05
2.0311988529071665e-05
2.0311988529071665e-05
2.0311988529071665e-05
2.0311988529071665e-05
2.0311988529071665e-05
2.0311988529071665e-05
2.0311988529071665e-05
2.0311988529071665e-05
2.0311988529071665e-05
2.0311988529071665e-05
2.0311988529071665e-05
2.0311988529071665e-05
2.0311988529071665e-05
2.0311988529071665e-05
2.0311988529071665e-05
2.0311988529071665e-05
2.0311988529071665e-05
2.0311988529071665e-05
2.0311988529071665e-05
2.0311988529071665e-05
2.0311988529071665e-05
2.0311988529071665e-05
2.0311988529071665e-05
2.0311988529071665e-05
2.0311988529071665e-05
2.0311988529071665e-05
2.0311988529071665e-05
2.0311988529071665e-05
2.0311988529071665e-05
2.0311988529071665e-05
2.0311988529071665e-05
2.0311988529071665e-05
2.0311988529071665e-05
2.0311988529071665e-05
2.0311988529071665e-05
2.0311988529071665e-05
2.0311988529071665e-05
2.0311988529071665e-05
2.0311988529071665e-05
2.0311988529071665e-05
2.0311988529071665e-05
2.0311988529071665e-05
2.0311988529071665e-05
2.0311988529071665e-05
2.0311988529071665e-05
2.0311988529071665e-05
2.0311988529071665e-05
2.1489254803001537e-05
2.1489254803001537e-05
2.1489254803001537e-05
2.1489254803001537e-05
2.1489254803001537e-05
2.1489254803001537e-05
2.1489254803001537e-05
2.1489254803001537e-05
2.1489254803001537e-05
2.1489254803001537e-05
2.1489254803001537e-05
2.1489254803001537e-05
2.1489254803001537e-05
2.1489254803001537e-05
2.1489254803001537e-05
2.1489254803001537e-05
2.1489254803001537e-05
2.1489254803001537e-05
2.1489254803001537e-05
2.1489254803001537e-05
2.1489254803001537e-05
2.1489254803001537e-05
2.1489254803001537e-05
2.1489254803001537e-05
2.1489254803001537e-05
2.1489254803001537e-05
2.1489254803001537e-05
2.1489254803001537e-05
2.1489254803001537e-05
2.1489254803001537e-05
2.1489254803001537e-05
2.1489254803001537e-05
2.1489254803001537e-05
2.1489254803001537e-05
2.1489254803001537e-05
2.1489254803001537e-05
2.1489254803001537e-05
2.1489254803001537e-05
2.1489254803001537e-05
2.1489254803001537e-05
2.1489254803001537e-05
2.1489254803001537e-05
2.1489254803001537e-05
2.1489254803001537e-05
2.1489254803001537e-05
2.1489254803001537e-05
2.1489254803001537e-05
2.1489254803001537e-05
2.1489254803001537e-05
2.1489254803001537e-05
2.269968350718295e-05
2.269968350718295e-05
2.269968350718295e-05
2.269968350718295e-05
2.269968350718295e-05
2.269968350718295e-05
2.269968350718295e-05
2.269968350718295e-05
2.269968350718295e-05
2.269968350718295e-05
2.269968350718295e-05
2.269968350718295e-05
2.269968350718295e-05
2.269968350718295e-05
2.269968350718295e-05
2.269968350718295e-05
2.269968350718295e-05
2.269968350718295e-05
2.269968350718295e-05
2.269968350718295e-05
2.269968350718295e-05
2.269968350718295e-05
2.269968350718295e-05
2.269968350718295e-05
2.269968350718295e-05
2.269968350718295e-05
2.269968350718295e-05
2.269968350718295e-05
2.269968350718295e-05
2.269968350718295e-05
2.269968350718295e-05
2.269968350718295e-05
2.269968350718295e-05
2.269968350718295e-05
2.269968350718295e-05
2.269968350718295e-05
2.269968350718295e-05
2.269968350718295e-05
2.269968350718295e-05
2.269968350718295e-05
2.269968350718295e-05
2.269968350718295e-05
2.269968350718295e-05
2.269968350718295e-05
2.269968350718295e-05
2.269968350718295e-05
2.269968350718295e-05
2.269968350718295e-05
2.269968350718295e-05
2.269968350718295e-05
2.3943274641615908e-05
2.3943274641615908e-05
2.3943274641615908e-05
2.3943274641615908e-05
2.3943274641615908e-05
2.3943274641615908e-05
2.3943274641615908e-05
2.3943274641615908e-05
2.3943274641615908e-05
2.3943274641615908e-05
2.3943274641615908e-05
2.3943274641615908e-05
2.3943274641615908e-05
2.3943274641615908e-05
2.3943274641615908e-05
2.3943274641615908e-05
2.3943274641615908e-05
2.3943274641615908e-05
2.3943274641615908e-05
2.3943274641615908e-05
2.3943274641615908e-05
2.3943274641615908e-05
2.3943274641615908e-05
2.3943274641615908e-05
2.3943274641615908e-05
2.3943274641615908e-05
2.3943274641615908e-05
2.3943274641615908e-05
2.3943274641615908e-05
2.3943274641615908e-05
2.3943274641615908e-05
2.3943274641615908e-05
2.3943274641615908e-05
2.3943274641615908e-05
2.3943274641615908e-05
2.3943274641615908e-05
2.3943274641615908e-05
2.3943274641615908e-05
2.3943274641615908e-05
2.3943274641615908e-05
2.3943274641615908e-05
2.3943274641615908e-05
2.3943274641615908e-05
2.3943274641615908e-05
2.3943274641615908e-05
2.3943274641615908e-05
2.3943274641615908e-05
2.3943274641615908e-05
2.3943274641615908e-05
2.3943274641615908e-05
2.5220028206300413e-05
2.5220028206300413e-05
2.5220028206300413e-05
2.5220028206300413e-05
2.5220028206300413e-05
2.5220028206300413e-05
2.5220028206300413e-05
2.5220028206300413e-05
2.5220028206300413e-05
2.5220028206300413e-05
2.5220028206300413e-05
2.5220028206300413e-05
2.5220028206300413e-05
2.5220028206300413e-05
2.5220028206300413e-05
2.5220028206300413e-05
2.5220028206300413e-05
2.5220028206300413e-05
2.5220028206300413e-05
2.5220028206300413e-05
2.5220028206300413e-05
2.5220028206300413e-05
2.5220028206300413e-05
2.5220028206300413e-05
2.5220028206300413e-05
2.5220028206300413e-05
2.5220028206300413e-05
2.5220028206300413e-05
2.5220028206300413e-05
2.5220028206300413e-05
2.5220028206300413e-05
2.5220028206300413e-05
2.5220028206300413e-05
2.5220028206300413e-05
2.5220028206300413e-05
2.5220028206300413e-05
2.5220028206300413e-05
2.5220028206300413e-05
2.5220028206300413e-05
2.5220028206300413e-05
2.5220028206300413e-05
2.5220028206300413e-05
2.5220028206300413e-05
2.5220028206300413e-05
2.5220028206300413e-05
2.5220028206300413e-05
2.5220028206300413e-05
2.5220028206300413e-05
2.5220028206300413e-05
2.5220028206300413e-05
2.6529944201236467e-05
2.6529944201236467e-05
2.6529944201236467e-05
2.6529944201236467e-05
2.6529944201236467e-05
2.6529944201236467e-05
2.6529944201236467e-05
2.6529944201236467e-05
2.6529944201236467e-05
2.6529944201236467e-05
2.6529944201236467e-05
2.6529944201236467e-05
2.6529944201236467e-05
2.6529944201236467e-05
2.6529944201236467e-05
2.6529944201236467e-05
2.6529944201236467e-05
2.6529944201236467e-05
2.6529944201236467e-05
2.6529944201236467e-05
2.6529944201236467e-05
2.6529944201236467e-05
2.6529944201236467e-05
2.6529944201236467e-05
2.6529944201236467e-05
2.6529944201236467e-05
2.6529944201236467e-05
2.6529944201236467e-05
2.6529944201236467e-05
2.6529944201236467e-05
2.6529944201236467e-05
2.6529944201236467e-05
2.6529944201236467e-05
2.6529944201236467e-05
2.6529944201236467e-05
2.6529944201236467e-05
2.6529944201236467e-05
2.6529944201236467e-05
2.6529944201236467e-05
2.6529944201236467e-05
2.6529944201236467e-05
2.6529944201236467e-05
2.6529944201236467e-05
2.6529944201236467e-05
2.6529944201236467e-05
2.6529944201236467e-05
2.6529944201236467e-05
2.6529944201236467e-05
2.6529944201236467e-05
2.6529944201236467e-05
2.787302262642406e-05
2.787302262642406e-05
2.787302262642406e-05
2.787302262642406e-05
2.787302262642406e-05
2.787302262642406e-05
2.787302262642406e-05
2.787302262642406e-05
2.787302262642406e-05
2.787302262642406e-05
2.787302262642406e-05
2.787302262642406e-05
2.787302262642406e-05
2.787302262642406e-05
2.787302262642406e-05
2.787302262642406e-05
2.787302262642406e-05
2.787302262642406e-05
2.787302262642406e-05
2.787302262642406e-05
2.787302262642406e-05
2.787302262642406e-05
2.787302262642406e-05
2.787302262642406e-05
2.787302262642406e-05
2.787302262642406e-05
2.787302262642406e-05
2.787302262642406e-05
2.787302262642406e-05
2.787302262642406e-05
2.787302262642406e-05
2.787302262642406e-05
2.787302262642406e-05
2.787302262642406e-05
2.787302262642406e-05
2.787302262642406e-05
2.787302262642406e-05
2.787302262642406e-05
2.787302262642406e-05
2.787302262642406e-05
2.787302262642406e-05
2.787302262642406e-05
2.787302262642406e-05
2.787302262642406e-05
2.787302262642406e-05
2.787302262642406e-05
2.787302262642406e-05
2.787302262642406e-05
2.787302262642406e-05
2.787302262642406e-05
2.9249263481863203e-05
2.9249263481863203e-05
2.9249263481863203e-05
2.9249263481863203e-05
2.9249263481863203e-05
2.9249263481863203e-05
2.9249263481863203e-05
2.9249263481863203e-05
2.9249263481863203e-05
2.9249263481863203e-05
2.9249263481863203e-05
2.9249263481863203e-05
2.9249263481863203e-05
2.9249263481863203e-05
2.9249263481863203e-05
2.9249263481863203e-05
2.9249263481863203e-05
2.9249263481863203e-05
2.9249263481863203e-05
2.9249263481863203e-05
2.9249263481863203e-05
2.9249263481863203e-05
2.9249263481863203e-05
2.9249263481863203e-05
2.9249263481863203e-05
2.9249263481863203e-05
2.9249263481863203e-05
2.9249263481863203e-05
2.9249263481863203e-05
2.9249263481863203e-05
2.9249263481863203e-05
2.9249263481863203e-05
2.9249263481863203e-05
2.9249263481863203e-05
2.9249263481863203e-05
2.9249263481863203e-05
2.9249263481863203e-05
2.9249263481863203e-05
2.9249263481863203e-05
2.9249263481863203e-05
2.9249263481863203e-05
2.9249263481863203e-05
2.9249263481863203e-05
2.9249263481863203e-05
2.9249263481863203e-05
2.9249263481863203e-05
2.9249263481863203e-05
2.9249263481863203e-05
2.9249263481863203e-05
2.9249263481863203e-05
3.0658666767553886e-05
3.0658666767553886e-05
3.0658666767553886e-05
3.0658666767553886e-05
3.0658666767553886e-05
3.0658666767553886e-05
3.0658666767553886e-05
3.0658666767553886e-05
3.0658666767553886e-05
3.0658666767553886e-05
3.0658666767553886e-05
3.0658666767553886e-05
3.0658666767553886e-05
3.0658666767553886e-05
3.0658666767553886e-05
3.0658666767553886e-05
3.0658666767553886e-05
3.0658666767553886e-05
3.0658666767553886e-05
3.0658666767553886e-05
3.0658666767553886e-05
3.0658666767553886e-05
3.0658666767553886e-05
3.0658666767553886e-05
3.0658666767553886e-05
3.0658666767553886e-05
3.0658666767553886e-05
3.0658666767553886e-05
3.0658666767553886e-05
3.0658666767553886e-05
3.0658666767553886e-05
3.0658666767553886e-05
3.0658666767553886e-05
3.0658666767553886e-05
3.0658666767553886e-05
3.0658666767553886e-05
3.0658666767553886e-05
3.0658666767553886e-05
3.0658666767553886e-05
3.0658666767553886e-05
3.0658666767553886e-05
3.0658666767553886e-05
3.0658666767553886e-05
3.0658666767553886e-05
3.0658666767553886e-05
3.0658666767553886e-05
3.0658666767553886e-05
3.0658666767553886e-05
3.0658666767553886e-05
3.0658666767553886e-05
3.210123248349612e-05
3.210123248349612e-05
3.210123248349612e-05
3.210123248349612e-05
3.210123248349612e-05
3.210123248349612e-05
3.210123248349612e-05
3.210123248349612e-05
3.210123248349612e-05
3.210123248349612e-05
3.210123248349612e-05
3.210123248349612e-05
3.210123248349612e-05
3.210123248349612e-05
3.210123248349612e-05
3.210123248349612e-05
3.210123248349612e-05
3.210123248349612e-05
3.210123248349612e-05
3.210123248349612e-05
3.210123248349612e-05
3.210123248349612e-05
3.210123248349612e-05
3.210123248349612e-05
3.210123248349612e-05
3.210123248349612e-05
3.210123248349612e-05
3.210123248349612e-05
3.210123248349612e-05
3.210123248349612e-05
3.210123248349612e-05
3.210123248349612e-05
3.210123248349612e-05
3.210123248349612e-05
3.210123248349612e-05
3.210123248349612e-05
3.210123248349612e-05
3.210123248349612e-05
3.210123248349612e-05
3.210123248349612e-05
3.210123248349612e-05
3.210123248349612e-05
3.210123248349612e-05
3.210123248349612e-05
3.210123248349612e-05
3.210123248349612e-05
3.210123248349612e-05
3.210123248349612e-05
3.210123248349612e-05
3.210123248349612e-05
3.357696062968989e-05
3.357696062968989e-05
3.357696062968989e-05
3.357696062968989e-05
3.357696062968989e-05
3.357696062968989e-05
3.357696062968989e-05
3.357696062968989e-05
3.357696062968989e-05
3.357696062968989e-05
3.357696062968989e-05
3.357696062968989e-05
3.357696062968989e-05
3.357696062968989e-05
3.357696062968989e-05
3.357696062968989e-05
3.357696062968989e-05
3.357696062968989e-05
3.357696062968989e-05
3.357696062968989e-05
3.357696062968989e-05
3.357696062968989e-05
3.357696062968989e-05
3.357696062968989e-05
3.357696062968989e-05
3.357696062968989e-05
3.357696062968989e-05
3.357696062968989e-05
3.357696062968989e-05
3.357696062968989e-05
3.357696062968989e-05
3.357696062968989e-05
3.357696062968989e-05
3.357696062968989e-05
3.357696062968989e-05
3.357696062968989e-05
3.357696062968989e-05
3.357696062968989e-05
3.357696062968989e-05
3.357696062968989e-05
3.357696062968989e-05
3.357696062968989e-05
3.357696062968989e-05
3.357696062968989e-05
3.357696062968989e-05
3.357696062968989e-05
3.357696062968989e-05
3.357696062968989e-05
3.357696062968989e-05
3.357696062968989e-05
3.508585120613523e-05
3.508585120613523e-05
3.508585120613523e-05
3.508585120613523e-05
3.508585120613523e-05
3.508585120613523e-05
3.508585120613523e-05
3.508585120613523e-05
3.508585120613523e-05
3.508585120613523e-05
3.508585120613523e-05
3.508585120613523e-05
3.508585120613523e-05
3.508585120613523e-05
3.508585120613523e-05
3.508585120613523e-05
3.508585120613523e-05
3.508585120613523e-05
3.508585120613523e-05
3.508585120613523e-05
3.508585120613523e-05
3.508585120613523e-05
3.508585120613523e-05
3.508585120613523e-05
3.508585120613523e-05
3.508585120613523e-05
3.508585120613523e-05
3.508585120613523e-05
3.508585120613523e-05
3.508585120613523e-05
3.508585120613523e-05
3.508585120613523e-05
3.508585120613523e-05
3.508585120613523e-05
3.508585120613523e-05
3.508585120613523e-05
3.508585120613523e-05
3.508585120613523e-05
3.508585120613523e-05
3.508585120613523e-05
3.508585120613523e-05
3.508585120613523e-05
3.508585120613523e-05
3.508585120613523e-05
3.508585120613523e-05
3.508585120613523e-05
3.508585120613523e-05
3.508585120613523e-05
3.508585120613523e-05
3.508585120613523e-05
3.66279042128321e-05
3.66279042128321e-05
3.66279042128321e-05
3.66279042128321e-05
3.66279042128321e-05
3.66279042128321e-05
3.66279042128321e-05
3.66279042128321e-05
3.66279042128321e-05
3.66279042128321e-05
3.66279042128321e-05
3.66279042128321e-05
3.66279042128321e-05
3.66279042128321e-05
3.66279042128321e-05
3.66279042128321e-05
3.66279042128321e-05
3.66279042128321e-05
3.66279042128321e-05
3.66279042128321e-05
3.66279042128321e-05
3.66279042128321e-05
3.66279042128321e-05
3.66279042128321e-05
3.66279042128321e-05
3.66279042128321e-05
3.66279042128321e-05
3.66279042128321e-05
3.66279042128321e-05
3.66279042128321e-05
3.66279042128321e-05
3.66279042128321e-05
3.66279042128321e-05
3.66279042128321e-05
3.66279042128321e-05
3.66279042128321e-05
3.66279042128321e-05
3.66279042128321e-05
3.66279042128321e-05
3.66279042128321e-05
3.66279042128321e-05
3.66279042128321e-05
3.66279042128321e-05
3.66279042128321e-05
3.66279042128321e-05
3.66279042128321e-05
3.66279042128321e-05
3.66279042128321e-05
3.66279042128321e-05
3.66279042128321e-05
3.820311964978051e-05
3.820311964978051e-05
3.820311964978051e-05
3.820311964978051e-05
3.820311964978051e-05
3.820311964978051e-05
3.820311964978051e-05
3.820311964978051e-05
3.820311964978051e-05
3.820311964978051e-05
3.820311964978051e-05
3.820311964978051e-05
3.820311964978051e-05
3.820311964978051e-05
3.820311964978051e-05
3.820311964978051e-05
3.820311964978051e-05
3.820311964978051e-05
3.820311964978051e-05
3.820311964978051e-05
3.820311964978051e-05
3.820311964978051e-05
3.820311964978051e-05
3.820311964978051e-05
3.820311964978051e-05
3.820311964978051e-05
3.820311964978051e-05
3.820311964978051e-05
3.820311964978051e-05
3.820311964978051e-05
3.820311964978051e-05
3.820311964978051e-05
3.820311964978051e-05
3.820311964978051e-05
3.820311964978051e-05
3.820311964978051e-05
3.820311964978051e-05
3.820311964978051e-05
3.820311964978051e-05
3.820311964978051e-05
3.820311964978051e-05
3.820311964978051e-05
3.820311964978051e-05
3.820311964978051e-05
3.820311964978051e-05
3.820311964978051e-05
3.820311964978051e-05
3.820311964978051e-05
3.820311964978051e-05
3.820311964978051e-05
3.981149751698046e-05
3.981149751698046e-05
3.981149751698046e-05
3.981149751698046e-05
3.981149751698046e-05
3.981149751698046e-05
3.981149751698046e-05
3.981149751698046e-05
3.981149751698046e-05
3.981149751698046e-05
3.981149751698046e-05
3.981149751698046e-05
3.981149751698046e-05
3.981149751698046e-05
3.981149751698046e-05
3.981149751698046e-05
3.981149751698046e-05
3.981149751698046e-05
3.981149751698046e-05
3.981149751698046e-05
3.981149751698046e-05
3.981149751698046e-05
3.981149751698046e-05
3.981149751698046e-05
3.981149751698046e-05
3.981149751698046e-05
3.981149751698046e-05
3.981149751698046e-05
3.981149751698046e-05
3.981149751698046e-05
3.981149751698046e-05
3.981149751698046e-05
3.981149751698046e-05
3.981149751698046e-05
3.981149751698046e-05
3.981149751698046e-05
3.981149751698046e-05
3.981149751698046e-05
3.981149751698046e-05
3.981149751698046e-05
3.981149751698046e-05
3.981149751698046e-05
3.981149751698046e-05
3.981149751698046e-05
3.981149751698046e-05
3.981149751698046e-05
3.981149751698046e-05
3.981149751698046e-05
3.981149751698046e-05
3.981149751698046e-05
