nan
0.7215439101919694
0.7224836546247262
0.7240827558231147
0.7263901648000834
0.7294872724973624
0.7335735595474778
0.7403552063625707
nan
nan
nan
0.7210102110913308
0.7218964429247565
0.7235056404882952
0.7247259941568639
0.7282644634950973
0.7321591111912951
0.7379890657874426
nan
nan
nan
0.7195558991124619
0.7202602595437261
0.7215661871212421
0.7254889099963908
0.7250478435382806
0.7256618643284318
0.733063089744957
nan
nan
nan
0.7176746674963004
0.7180820664030664
0.7188408007790267
0.7199707128601958
0.7220739648198512
nan
nan
nan
nan
0.7774202783392319
0.7170293089305618
0.7173199062845511
nan
nan
nan
nan
nan
nan
nan
nan
nan
nan
nan
nan
nan
nan
nan
nan
nan
nan
nan
nan
nan
nan
nan
nan
nan
nan
nan
nan
nan
nan
nan
nan
nan
nan
nan
nan
nan
nan
nan
nan
nan
nan
nan
nan
nan
nan
nan
nan
nan
nan
nan
nan
nan
nan
nan
nan
nan
