0.0
1.0164958307784017e-07
4.0659833231136067e-07
9.148462477005615e-07
1.6263933292454427e-06
2.5412395769460044e-06
3.659384990802246e-06
4.980829570814168e-06
6.505573316981771e-06
8.233616229305054e-06
0.0
1.0164958307784017e-07
4.0659833231136067e-07
9.148462477005615e-07
1.6263933292454427e-06
2.5412395769460044e-06
3.659384990802246e-06
4.980829570814168e-06
6.505573316981771e-06
8.233616229305054e-06
0.0
1.0164958307784017e-07
4.0659833231136067e-07
9.148462477005615e-07
1.6263933292454427e-06
2.5412395769460044e-06
3.659384990802246e-06
4.980829570814168e-06
6.505573316981771e-06
8.233616229305054e-06
0.0
1.0164958307784017e-07
4.0659833231136067e-07
9.148462477005615e-07
1.6263933292454427e-06
2.5412395769460044e-06
3.659384990802246e-06
4.980829570814168e-06
6.505573316981771e-06
8.233616229305054e-06
0.0
1.0164958307784017e-07
4.0659833231136067e-07
9.148462477005615e-07
1.6263933292454427e-06
2.5412395769460044e-06
3.659384990802246e-06
4.980829570814168e-06
6.505573316981771e-06
8.233616229305054e-06
0.0
1.0164958307784017e-07
4.0659833231136067e-07
9.148462477005615e-07
1.6263933292454427e-06
2.5412395769460044e-06
3.659384990802246e-06
4.980829570814168e-06
6.505573316981771e-06
8.233616229305054e-06
0.0
1.0164958307784017e-07
4.0659833231136067e-07
9.148462477005615e-07
1.6263933292454427e-06
2.5412395769460044e-06
3.659384990802246e-06
4.980829570814168e-06
6.505573316981771e-06
8.233616229305054e-06
0.0
1.0164958307784017e-07
4.0659833231136067e-07
9.148462477005615e-07
1.6263933292454427e-06
2.5412395769460044e-06
3.659384990802246e-06
4.980829570814168e-06
6.505573316981771e-06
8.233616229305054e-06
0.0
1.0164958307784017e-07
4.0659833231136067e-07
9.148462477005615e-07
1.6263933292454427e-06
2.5412395769460044e-06
3.659384990802246e-06
4.980829570814168e-06
6.505573316981771e-06
8.233616229305054e-06
0.0
1.0164958307784017e-07
4.0659833231136067e-07
9.148462477005615e-07
1.6263933292454427e-06
2.5412395769460044e-06
3.659384990802246e-06
4.980829570814168e-06
6.505573316981771e-06
8.233616229305054e-06
