nan
0.7212299339257096
0.7212176416212646
0.7211971417900745
0.7211684223302756
0.7211314696357913
0.7210862686242233
0.7210328027558867
0.7209710540464861
0.7209010030727127
0.7208226289722071
0.7207359094362678
0.7206408206957313
0.7205373375024686
0.7204254331026004
0.7203050792095557
0.7201762459689451
0.7200389019288339
0.7198930140036963
0.7197385474499157
0.7195754658465182
0.7194037310936648
0.7192233034459272
0.7190341416070117
0.7188362026833421
0.7186294426764442
0.7184138166566552
0.7181892793936835
0.7179557862903745
0.7177132948624976
0.717461767391523
0.7172011746465128
0.7169315035513186
0.716652770050251
0.7163650442085683
0.7160685023931208
0.7157635457608065
0.7154511059250939
0.7151335741242417
0.714818261871764
0.7144958297220884
0.7139516008620053
0.7136223921325997
0.7132605043631951
0.7128789571388474
0.7124827453128177
0.7120735505733421
0.7116519729077931
0.7112182167228965
0.7107722835981852
0.820953662675908
0.7212277996723357
0.7212155808372567
0.7211951512643014
0.7211664994303731
0.7211296124608535
0.7210844761444564
0.7210310749381412
0.7209693919655018
0.7208994090062754
0.7208211064807749
0.7207344634275671
0.7206394574729044
0.7205360647985309
0.7204242601033709
0.7203040165623367
0.7201753057837813
0.720038097770246
0.7198923608773007
0.719738061783872
0.7195751654770723
0.719403635276246
0.7192234336128152
0.7190345170931273
0.718836848251333
0.7186303826893775
0.7184150767593005
0.7181908864747999
0.717957768445218
0.7177156816617274
0.7174645886985604
0.7172044622723714
0.7169352892681544
0.7166570871281076
0.7163699247799837
0.7160739766539251
0.7157696372867948
0.7154578190727892
0.7151408516288698
0.7148258241181564
0.7145002337558937
0.713962536665709
0.7136327476909432
0.7132722539503847
0.7128919324727762
0.7124969315932842
0.7120889838895335
0.7116687333692665
0.7112363629891092
0.7107918274176149
0.8208959424593651
0.7212214278698261
0.7212094235298081
0.7211891962205456
0.7211607353133491
0.7211240289791632
0.7210790641877949
0.7210258266985548
0.7209643010417591
0.7208944704923069
0.7208163170383795
0.7207298213422477
0.7206349626954875
0.7205317189720398
0.7204200665724806
0.7202999803744019
0.720171433680161
0.7200343981669728
0.7198888438416435
0.7197347390053594
0.719572050238793
0.7194007424601392
0.7192207803906099
0.7190321188638928
0.7188347257961683
0.7186285565914441
0.7184135689972233
0.7181897203713457
0.7179569685791147
0.7177152747117996
0.7174646008319759
0.7172049223884536
0.7169362242529509
0.7166585302193871
0.7163719039788079
0.7160765201308292
0.7157727682035286
0.7154615462161386
0.715145138675028
0.7148304734853081
0.7145040159699384
0.7139706763349175
0.7136402791454274
0.7132809603638761
0.7129017324473934
0.7125078397246165
0.7121010470489306
0.7116819985637997
0.7112509476155574
0.7108076659532256
0.8208003536434346
0.7212108622490251
0.7211992088345883
0.7211793108924626
0.7211511590223963
0.7211147427896026
0.7210700506935718
0.721017070140046
0.7209557874043764
0.7208861875874457
0.7208082545646414
0.7207219709318248
0.7206273179475867
0.7205242754676493
0.7204128218768415
0.7202929340184604
0.7201645871379401
0.7200277548277836
0.7198824089697535
0.719728519697048
0.7195660553822877
0.7193949827175421
0.7192152687171085
0.719026867142703
0.7188297508441269
0.7186238753720544
0.7184091999684534
0.7181856834233235
0.7179532849069004
0.7177119701408629
0.7174616941989944
0.7172024410676879
0.7169341875736561
0.7166569791667824
0.7163708580351815
0.7160760056562253
0.7157728080755046
0.715462153948011
0.7151462990193538
0.7148320759877307
0.7145058495257132
0.7139755254479496
0.7136448572847173
0.7132864732305702
0.7129081962614822
0.7125153013630963
0.712109565114113
0.7116915686436628
0.7112617773351322
0.7108196573784381
0.8206673879162607
0.721196143203777
0.7211849725278303
0.7211655259113945
0.7211377955858046
0.7211017729216679
0.7210574483578533
0.7210048113538505
0.720943850333479
0.7208745526175859
0.7207969043491343
0.7207108904184492
0.720616494390977
0.7205136984360978
0.7204024832418792
0.7202828279238656
0.720154709948019
0.7200181050770587
0.7198729873156374
0.7197193288549677
0.7195571000607874
0.7193862695790602
0.7192068065738466
0.7190186649079991
0.7188218214166745
0.7186162323089493
0.7184018584008691
0.7181786599941158
0.7179465976456785
0.7177056482967163
0.7174557412430822
0.7171968856868425
0.7169290329899912
0.7166522960976982
0.7163666455155224
0.7160722885381549
0.7157696091737448
0.71545949200179
0.7151441806455975
0.7148304819438067
0.7145051429912838
0.7139767164577651
0.71364634038428
0.7132886225404685
0.7129111450781428
0.7125191308013489
0.7121143470585791
0.7116972973827506
0.7112686397446568
0.7108275875443532
0.8204975183910735
0.7211773119383069
0.7211667510410767
0.7211478719809047
0.7211206692915526
0.7210851366843858
0.7210412670458592
0.7209890523820847
0.7209284837520681
0.7208595511818989
0.7207822435622833
0.7206965485356883
0.7206024523893282
0.720499939977582
0.7203889946517326
0.7202695981575401
0.7201417305103617
0.7200053699241851
0.719860492786096
0.7197070735920125
0.7195450849159076
0.7193744975277393
0.7191952824124542
0.7190073952937044
0.7188108154338386
0.7186055003835082
0.7183914126132358
0.7181685139763629
0.7179367666664869
0.7176961695046769
0.7174465937844217
0.7171881032617275
0.7169205832021469
0.7166443235784208
0.7163591055644252
0.7160652049364107
0.7157630049908748
0.7154533919227547
0.715138614524852
0.714825526001196
0.7145020111902379
0.7139740098554754
0.7136445713877049
0.7132872178231435
0.7129103815006355
0.7125191244047553
0.7121151850637815
0.7116990722896368
0.7112713046024893
0.7108311669899312
0.8202911848900196
0.7211544202229326
0.7211445893642248
0.7211263866523722
0.721099809472599
0.7210648545204386
0.7210215177770741
0.7209697944212565
0.7209096787338679
0.7208411640030999
0.7207642424271671
0.7206789049831908
0.7205851412578963
0.7204829392912713
0.7203722854952931
0.7202531646090398
0.720125559593778
0.7199894514732101
0.7198448192738703
0.7196916400439669
0.7195298888081836
0.7193595386051794
0.7191805616820064
0.7189929180852769
0.7187965872042813
0.7185915287840479
0.7183777071044383
0.7181550854661314
0.7179236277692134
0.7176833614602286
0.7174340795666961
0.7171759184629816
0.7169086262661055
0.7166328821055536
0.7163480555642678
0.7160545696757904
0.715752808201886
0.7154436652650371
0.7151294129696144
0.7148170252404938
0.7144974292540167
0.713967314857193
0.7136393193204517
0.7132820478965612
0.7129056883393196
0.7125150597653758
0.7121118475545204
0.7116967239110155
0.7112695360270043
0.7108300854128756
0.8200487650074515
0.7211275396341834
0.7211185508571629
0.721101124234234
0.7210752599235764
0.7210409584423628
0.7209982198015408
0.7209470433209308
0.7208874274473767
0.720819369568156
0.7207428658639905
0.7206579112251028
0.7205644991554002
0.7204626215828831
0.7203522686131261
0.720233428402799
0.7201060871964747
0.7199702292448096
0.7198258365757013
0.7196728889996811
0.7195113642052993
0.7193412376619048
0.7191624820621222
0.7189750648692703
0.7187789626038101
0.7185741381762957
0.7183605579066675
0.7181381862612854
0.7179069854790836
0.717667004277835
0.7174179992987798
0.717160130519086
0.7168929183089973
0.7166177666236039
0.7163332880682979
0.7160401733436799
0.7157388079800284
0.7154301014251369
0.7151163699279754
0.714804777169828
0.7144935617260779
0.713956727450942
0.713630171819595
0.713272880953626
0.7128968258860708
0.7125066934171738
0.7121040542799265
0.7116899398861508
0.7112630768446251
0.7108241430593425
0.7210962636851199
0.7210967794001534
0.7210887413292153
0.7210721755885842
0.7210470945743351
0.7210135045599729
0.7209714109377574
0.7209208183084066
0.7208617303181943
0.7207941494602643
0.7207180768539919
0.7206335120871172
0.7205404531940265
0.72043889669147
0.7203288373629159
0.7202102677165222
0.7200831776485714
0.7199475547165344
0.7198033843171167
0.7196506494111989
0.7194893304533667
0.7193194054644763
0.7191408466400102
0.7189536321069194
0.7187577322299115
0.7185531141703485
0.7183397462670665
0.7181175936381032
0.7178866075958414
0.717646849103873
0.7173981224608458
0.7171405079312815
0.7168731950946625
0.7165987417612522
0.7163145668063833
0.7160217783486386
0.7157207664931721
0.7154124632448243
0.715099257937911
0.7147885660067503
0.714494022201
0.7139425284020425
0.7136166708981764
0.7132594398630977
0.7128835280209835
0.7124937588380433
0.7120914497642058
0.7116782559114533
0.7112516121498257
0.7108132362294814
0.8194566435815323
0.7210623909077339
0.7210553207315626
0.7210396708984462
0.721015420734868
0.7209825779163438
0.7209411530396184
0.7208911565814826
0.7208325982666728
0.7207654870252537
0.7206898310288572
0.720605637312031
0.7205129107386334
0.7204116528949562
0.7203018619974377
0.7201835339935835
0.7200566634292473
0.7199212430260815
0.7197772625846769
0.7196247084449996
0.7194635636208774
0.719293808507038
0.719115413891699
0.7189283710378777
0.7187326415436655
0.7185281976245909
0.7183150099414751
0.7180930414635152
0.7178622525223355
0.7176226620108928
0.7173741782119538
0.7171167803812285
0.7168491886839633
0.7165755355621077
0.7162916203840806
0.7159991134371334
0.7156984144131171
0.715390480834388
0.715077817314151
0.7147682013360255
0.7145033869779313
0.7139251017073452
0.7135988063246969
0.7132413375977409
0.7128655050692712
0.7124759656412001
0.712073802847667
0.7116610895297233
0.7112348330142786
0.7107969812489223
0.7210216780002358
0.7210244799923915
0.7210185362597659
0.721003868013455
0.7209804766327181
0.7209483832840391
0.720907609640579
0.7208581769079634
0.7208001055117598
0.7207334145742139
0.7206581212227864
0.7205742400914301
0.7204817831737339
0.7203807595846188
0.7202711749132721
0.7201530310399342
0.7200263270049472
0.7198910591674091
0.7197472197570771
0.7195947977184981
0.7194337806344536
0.7192641530700125
0.7190858822744036
0.71889897237346
0.7187033761468482
0.7184990703058358
0.7182860281848955
0.7180642095747517
0.7178336695418484
0.7175941575722522
0.7173458451377114
0.7170886280444614
0.7168206371722955
0.7165478321063299
0.7162641354215772
0.7159718712379315
0.7156714458839308
0.7153638733271555
0.7150517706853836
0.7147436290021689
0.7145242677846784
0.7139046980288533
0.71357674647557
0.7132184730469963
0.712842446203024
0.7124529949252276
0.7120511912538428
0.7116378505338237
0.711212418616228
0.7107747465958651
0.7209795968828319
0.8187508003649073
0.720978919317067
0.7209651913902332
0.7209426027248625
0.720911188325813
0.7208709838600751
0.7208220234312931
0.7207643390589671
0.720697961125626
0.720622918767664
0.720539238847751
0.7204469433476199
0.7203460476868385
0.7202365628799137
0.720118500034011
0.7199918716339102
0.7198566864796361
0.7197129397044613
0.7195606065914428
0.7193996554084421
0.7192300765229401
0.7190518616706583
0.7188650388660991
0.7186695396166012
0.7184653343072861
0.7182523983829026
0.7180306955309994
0.71780034987914
0.7175609124919865
0.7173127381764683
0.717055668488599
0.7167872710215435
0.7165152634310313
0.716231754044627
0.7159396943849395
0.7156394953862798
0.715332284889299
0.71502081289136
0.7147150164707307
0.7145315504905358
0.7138809267480826
0.7135497126776706
0.7131926703740037
0.7128140002013619
0.7124244993344498
0.7120229730554427
0.7116081784977477
0.7111839974013467
0.7107461237117914
0.7209357211451144
0.8183318528605176
0.7209372660495156
0.7209243908697536
0.7209024753528724
0.7208715752047486
0.7208317470453817
0.7207830459466957
0.7207255275272987
0.7206592451638265
0.7205842446944728
0.7205005634785238
0.7204082338750726
0.7203072857302647
0.7201977440937137
0.7200796257491499
0.7199529413796018
0.719817696848849
0.7196738853179908
0.7195214933100347
0.7193605374515356
0.719191066441256
0.719013009230737
0.7188262279301412
0.7186306525400747
0.718426453114507
0.7182136148087253
0.7179919892248443
0.7177616633078946
0.7175224409522456
0.7172743873356118
0.7170174390409839
0.7167487665203383
0.7164774008368999
0.7161940458783941
0.7159021598782214
0.7156022136213247
0.715295327196121
0.7149846033843643
0.7146821859721305
0.7140559983686837
0.7138523997722774
0.7135167434169252
0.7131659284673632
0.7127797836287422
0.7123900943931272
0.7119884463273521
0.7115722074761668
0.7111492086069101
0.7107108442797374
0.7208916292518076
0.7208983077464248
0.720895254908108
0.7208828925701374
0.7208612905580696
0.7208305150872734
0.7207906615107598
0.7207418279682429
0.7206840944543567
0.7206175234730133
0.720542179243685
0.7204581305991535
0.7203654358646125
0.720264139438199
0.7201542727938636
0.7200358588593956
0.7199089168438189
0.7197734550715085
0.7196294726227882
0.7194769638093812
0.7193159184035978
0.7191463300006912
0.7189681188932404
0.7187812952143804
0.7185860349586695
0.718382281372159
0.7181693385227431
0.7179475883426297
0.7177172144541122
0.7174781450731329
0.7172302039250213
0.7169733699221048
0.7167046710633188
0.7164337398923165
0.7161505011344227
0.7158587599742163
0.7155590380045246
0.7152525627642822
0.7149427300217608
0.7146423891523581
0.7140515942451555
0.7138173932262537
0.7134777274947148
0.7131296860461867
0.7127393796523935
0.7123495113006005
0.71194751448338
0.7115304881370641
0.7111076296239073
0.7106683882567323
0.7208508026738255
0.8173651853822723
0.7208556045607746
0.7208432300588448
0.7208213204303592
0.7207900059239294
0.720749419952611
0.7206996869401623
0.7206409303725179
0.7205732836572805
0.7204968843729311
0.7204118393150524
0.7203182033163407
0.7202160220696812
0.7201053786737286
0.7199863335566419
0.7198588557911938
0.7197229424015785
0.7195786097672718
0.7194258393454316
0.7192646095701287
0.7190948993427726
0.7189166538882122
0.7187298670677988
0.7185345002577278
0.7183304695909559
0.7181176927690154
0.7178971203536298
0.7176671412701967
0.717427185853104
0.7171793706193083
0.7169227450712418
0.7166543182432126
0.7163836675156375
0.7161004621648295
0.7158090045964391
0.7155095234616502
0.7152034734438186
0.7148947874787295
0.7145891060253977
0.7140747624179241
0.7137751346807697
0.713432218955133
0.7130732423811249
0.712692552637339
0.7123008849450815
0.7118996617332527
0.7114830354922794
0.7110585531223399
0.7106181739813034
0.7208228551914929
0.7208298780362846
0.7208261134343076
0.7208122461997135
0.7207884812267239
0.7207549368868577
0.7207118102688642
0.7206593473266395
0.7205978231515209
0.7205275255838579
0.7204486725667685
0.7203613793638348
0.7202657272734173
0.7201618010972138
0.720049684673499
0.7199294045019207
0.7198009381577615
0.7196642676953431
0.719519419184848
0.719366307936057
0.7192048490908639
0.7190350312084155
0.718856797089943
0.7186700884280428
0.7184748478980041
0.7182710226924438
0.718058668478723
0.7178374380292051
0.7176074133524912
0.7173693749963252
0.7171231377792704
0.7168645112876068
0.7165966757377117
0.7163263756953464
0.7160433193662586
0.7157520221359
0.7154528924138527
0.7151474767421655
0.7148404369103748
0.7145254977566198
0.714057135892015
0.7137255686200301
0.713379529569695
0.7130093169941796
0.7126377511735047
0.7122464983811849
0.7118444198842228
0.7114282670115719
0.7110015722255721
0.7105602108919242
0.7208468867540108
0.7208438788552358
0.7208324577387237
0.7208117441674211
0.7207812781701456
0.7207406033426564
0.720689833209462
0.7206294807378549
0.7205603033872221
0.7204830424232562
0.720398143964684
0.7203056770015231
0.720205626679432
0.7200981214894875
0.7199832655871923
0.7198608793454322
0.7197310064804376
0.7195934119249298
0.7194480004701689
0.7192946421884067
0.7191331568212833
0.7189636959227638
0.7187858116601036
0.7185994400672039
0.7184046728352284
0.7182013364389228
0.7179894567287013
0.7177687797065128
0.7175394334748435
0.7173012705656568
0.7170541479170395
0.7167988306279784
0.7165343068343287
0.7162603707504448
0.7159778480827595
0.71568696296516
0.7153883495878472
0.7150835299635587
0.7147789905713484
0.7144921590377689
0.7139967452923722
0.7136679341535896
0.7133190158670281
0.7129506649365628
0.7125711629812987
0.7121838500253067
0.7117810163191873
0.7113644722117725
0.7109351395036984
0.7104934086186789
nan
nan
nan
nan
nan
nan
nan
nan
nan
nan
nan
0.7202286850913768
0.7201176984175002
0.7200050862554956
0.7198873774943144
0.7197641004492009
0.7196342776737217
0.7194975836025674
0.7193534595588503
0.7192015991354076
0.7190418550357682
0.7188738848696228
0.7186976250509272
0.7185128031507827
0.7183202730826489
0.7181179699359844
0.7179072437255433
0.717687815454361
0.7174597769503355
0.7172224180987004
0.7169762986428581
0.7167210681659657
0.716455333435615
0.7161884347683324
0.7159076692621924
0.7156114365866054
0.7153148186456911
0.7150115046698128
0.7147107636610734
0.7145169476937583
0.7139255361428152
0.7136012396157682
0.7132499170146148
0.7128835347407791
0.7125171378587587
0.7121125200211613
0.7117095333835938
0.7112908130405174
0.710860991030725
0.7104181942670442
nan
nan
nan
nan
nan
nan
nan
nan
nan
nan
nan
nan
nan
nan
nan
nan
nan
nan
0.7191530657685158
0.7190429331712449
0.7189016593667561
0.7187453343325058
0.7185774201931558
0.7183990882302449
0.7182110179117622
0.7180131876844975
0.7178060286656736
0.7175902181929793
0.7173641750340002
0.7171290125127551
0.7168847102883402
0.716631246735734
0.7163669047126364
0.7161005118604342
0.7158179528195048
0.7155359665905728
0.7152325235140958
0.7149291699874861
0.7146338251593227
0.7140623612733155
0.713855715713801
0.7135246613334928
0.7131713544873791
0.7128034898639102
0.7125059313817839
0.7120315476757875
0.7116272409428529
0.7112086042002917
0.7107769957090259
0.7103312983042323
nan
0.7177810940472125
nan
nan
nan
nan
nan
nan
nan
nan
nan
nan
nan
nan
nan
nan
nan
nan
nan
nan
nan
nan
0.7183365131645469
0.7182138795107901
0.7180510080725299
0.7178701372476709
0.7176729600966885
0.7174645134599184
0.7172443225476134
0.7170169374218185
0.7167749754531252
0.7165246016908112
0.7162624974287675
0.7159999343691095
0.7157190722980475
0.7154322370189452
0.7151367860653572
0.7148540259843152
0.7145224448376569
0.7140705675503022
0.7137732821202322
0.71343709939675
0.7130824015141818
0.7127143087567773
0.7124144062395783
0.7119402599313128
0.7115358538079835
0.7111151891228441
0.7106816060869469
0.7102319206975659
0.7147142957491012
0.7146853357828306
0.7147397315094617
0.7148320148669173
0.7121208650752399
nan
nan
nan
nan
nan
nan
nan
nan
nan
nan
nan
nan
nan
nan
nan
nan
nan
nan
nan
nan
0.7175948908483472
0.717464130301686
0.7172869555850109
0.7170860866121707
0.7168695843798732
0.7166371850429989
0.7163962060469737
0.7161357287186866
0.7158807909744787
0.715603445857807
0.7153198776152538
0.7150284446288206
0.7147363986063374
0.7144869492477733
0.7139902013193316
0.7136760741665293
0.7133366799726033
0.7129814399772738
0.7126107566483212
0.7122415600792193
0.7118382235086227
0.7114478850130082
0.7110100680576942
0.7105727530459518
0.7100798803023898
0.7166609324311735
0.7167627691128786
0.7168102021600162
0.7169176323636877
0.7170924339916029
0.7146360349544949
0.7147389490065348
0.7180809552927832
nan
nan
nan
nan
nan
nan
nan
nan
nan
nan
nan
nan
nan
nan
nan
nan
nan
nan
nan
0.7168945727528662
0.7168270614726083
0.7166611981880209
0.7164543658857205
0.7162280400960275
0.7159719105503174
0.7157347158993803
0.7154659929703702
0.7151876353617961
0.714902476650899
0.7146182144096893
0.7141614646118727
0.7138913306831685
0.7135805698191071
0.7132195297400765
0.7128675127383687
0.7124990991070125
0.7120919467021725
0.7117239521480369
0.7113170642166142
0.7108913012449509
0.7104512787857693
0.710277785621185
0.7164247106581514
0.7164881709854818
0.7165263451500444
0.7166602515445625
0.7166857064816186
0.7168470171952107
0.7170153406752908
0.7171807081407731
0.7145585848459909
nan
nan
nan
nan
nan
nan
nan
nan
nan
nan
nan
nan
nan
nan
nan
nan
nan
nan
nan
nan
0.7161823115026795
0.716156496861466
0.7159970460063023
0.7157344940677344
0.7155524390700205
0.7153128875694503
0.7150308268710399
0.7147561085417322
0.7144860188923448
0.7140595898512405
0.7137599885176972
0.7134418725479158
0.7131461050255765
0.7127177495021684
0.7123690811949113
0.7119866399511682
0.711575282295678
0.7111756874740072
0.7107614653776864
0.7104352615013676
0.7098942182325026
0.7161166202058439
0.7162044198998458
0.7162564034230048
0.7163603627626306
0.7164507084132521
0.716535331268183
0.7166970964547046
0.7168953707782012
0.7170206800109775
0.7171646034770108
0.7183238332147512
nan
nan
nan
nan
nan
nan
nan
nan
nan
nan
nan
nan
nan
nan
nan
nan
nan
nan
nan
nan
0.7154941529142396
0.715432331388633
0.7153039886501048
0.7150837366564413
0.714838598687622
0.7145836892499529
0.7141855533384442
0.7139106452754482
0.7136090717549749
0.7132923590560698
0.712951441940589
0.7126679680465047
0.7121898981079878
0.7118529738800785
0.7114521832977141
0.7110216559365501
0.7106691570302228
0.7103051414997545
0.709742079165538
0.7155858057532625
0.7156967109540455
0.7158357402580566
0.715965590100289
0.7161038257288116
0.7162287713921447
0.7163774130036841
0.7165626520365433
0.7167747048863047
0.7169578442746188
0.7169999585919538
0.714089407167209
nan
nan
nan
nan
nan
nan
nan
nan
nan
nan
nan
nan
nan
nan
nan
nan
nan
nan
nan
nan
nan
0.714889868360305
0.7147753167614302
0.7145891618728971
0.7144744197775761
0.7140320653740234
0.713728155920576
0.7134291905978274
0.7131334171258209
0.7127833525716749
0.7124374142839289
0.7121101473441641
0.7116573718668766
0.7115740697527957
0.7111501368032164
0.71056775665804
0.710049018980424
0.709574527659792
0.7148557175900703
0.7150377830120691
0.7152127131176008
0.7153830008603652
0.7155595227340055
0.7157355367847195
0.715927888685118
0.7161237534855726
0.716331393865576
0.7166069631040615
0.7168833310485745
0.7170166386985974
0.71419385074727
nan
nan
nan
nan
nan
nan
nan
nan
nan
nan
nan
nan
nan
nan
nan
nan
nan
nan
nan
nan
nan
0.7140647617549308
0.7140821984724885
0.7139585812231691
0.7137562462871319
0.7134964503200271
0.7132040884231665
0.7128863696345552
0.7125878295249197
0.712246064668014
0.711888040883975
0.7115059489393791
0.7112212675126515
0.7106469635922326
0.7103059723754857
0.7098597083978965
0.709397535909628
0.7139775266057958
0.7141837656046557
0.7143893187208483
0.7146062102940972
0.714828311407296
0.7150507292288265
0.7152773240801507
0.7155075692508364
0.7157591573743862
0.7160383828959556
0.7163151569885065
0.7167651660543735
0.716997332738629
0.7141913675645108
nan
nan
nan
nan
nan
nan
nan
nan
nan
nan
nan
nan
nan
nan
nan
nan
nan
nan
nan
nan
nan
nan
0.7134609973038408
0.7134318729087927
0.7131770361817187
0.7129383607435893
0.7126288289994875
0.7123747180869566
0.7120108506215831
0.7116529576381339
0.711885127228821
0.7110898678678904
0.7105509117827074
0.7100223839428563
0.7096561239325958
0.7091729818977698
0.7129581298766019
0.7131854639139968
0.7134217398011651
0.7136669900776555
0.7139187772663453
0.7141765919959295
0.7144427302429441
0.7147176789119682
0.7149998800186946
0.715287095040376
0.7156222645072678
0.7159814936314886
0.7164198983283621
0.7169497764922262
0.7169770752226312
nan
nan
nan
nan
nan
nan
nan
nan
nan
nan
nan
nan
nan
nan
nan
nan
nan
nan
nan
nan
nan
nan
0.712695712685587
0.7127426238326761
0.7127198439980623
0.7126077433616801
0.7125008719178558
0.7117939777095224
0.7114716336850208
0.7111367956154263
0.7108098145239456
0.7103133724806033
0.7099116867418533
0.7091327809908896
0.7086723129547595
0.7118432963116921
0.7120869870960005
0.8082276282537506
0.8084040021548142
0.7128818603395255
0.7131661681716261
0.7134606450890784
0.7137645345981823
0.7140767209216345
0.714408528512501
0.7147413795887112
0.7151200440214224
0.715532847882119
0.7160729801542788
0.716841892684956
0.7169912058193209
nan
nan
nan
nan
nan
nan
nan
nan
nan
nan
nan
nan
nan
nan
nan
nan
nan
nan
nan
nan
nan
nan
0.7121734166122449
0.71222714963569
0.7119631828744444
0.7115733322737878
0.7116221245395867
0.7111933771069149
0.7108405399554549
0.7105353205134971
0.7100699216126667
0.7097093183663532
0.7091917595881851
0.7089915633009156
0.807106018040793
0.8072763311614182
0.8074548311999951
0.807641514659984
0.8078363407979254
0.8080389209876293
0.8082492847143994
0.7126998223447563
0.7130380311082142
0.7133888556625133
0.7137516055747524
0.7141330895107276
0.7145533213568988
0.7150208295695274
0.7156054438256386
0.7166040286200683
0.7144916146566855
nan
nan
0.720114502319304
nan
nan
nan
nan
nan
nan
nan
nan
nan
nan
nan
nan
nan
nan
nan
nan
nan
nan
nan
nan
0.7118239847435914
0.711253148580094
0.7112775741346614
0.7110360868919534
0.7105407528465898
0.7102183167270699
0.7097976220791775
0.709347298675514
0.7087943325341451
0.7088180685556144
0.8062801058658198
0.8064556455377944
0.8066414756768587
0.8068365209090999
0.8070404140609235
0.8072530682301324
0.8074743132941119
0.8077042938171763
0.8079428637349468
0.712285781454512
0.7126699476524699
0.7183554431307658
0.7183251689043662
0.7139474960186546
0.7144384512153306
0.7151845233128178
0.716081214434465
0.7144920638882823
nan
nan
nan
nan
nan
nan
nan
nan
nan
nan
nan
nan
nan
nan
nan
nan
nan
nan
nan
nan
nan
nan
nan
nan
0.7105903754115737
0.7103909173568248
0.7102819192976966
nan
0.7095944689894729
0.7088386703314374
0.709051269913214
0.7088531444047191
0.8054193876774469
0.8056071905242954
0.8057952223768703
0.8059973574973054
0.8062091025519216
0.8064303746321706
0.806661051183174
0.8069010759248387
0.8071504841792547
0.8074097213553879
0.8076763532559337
0.7181836231146141
0.7181492580264485
0.7181007413630924
0.7180515322290166
0.7180051548095459
0.7145445132402545
0.715770061036762
0.7128192112072037
nan
nan
nan
nan
nan
nan
nan
nan
nan
nan
nan
nan
nan
nan
nan
nan
nan
nan
nan
nan
nan
nan
nan
nan
nan
0.7100411506863535
nan
0.7090047078008546
0.7090642935961815
0.7085322346184462
0.7080740030834433
0.8045399834978595
0.8047242085472093
0.8049208304524551
0.8051289362664876
0.8053476829771238
0.8055766802999949
0.8058157437880642
0.8060647706855477
0.8063237290183352
0.806592672497554
0.8068719693650956
0.7179971524594271
0.7179678572425313
0.7179228743687972
0.7178653032868558
0.7177978540183281
0.7177290965411329
0.7139469556428206
0.7149881184813116
0.7119827233504217
nan
nan
nan
nan
nan
nan
nan
nan
nan
nan
nan
nan
nan
nan
nan
nan
nan
nan
nan
nan
nan
nan
nan
nan
nan
nan
nan
0.7085440212993196
nan
nan
0.8036031233072781
0.803802958803779
0.8040107515804314
0.8042232948289665
0.8044607596273123
0.8046950493380772
0.8049419902753292
0.8051994967219398
0.8054675421518411
0.8057459343922025
0.8060348816962224
0.717793697275963
0.7177703088185958
0.7177313669892894
0.7176761922533101
0.7176054477340692
0.7175209010168274
0.7174236844792008
0.7133689518092974
0.7142271949494137
0.7119347512175787
nan
nan
nan
nan
nan
nan
nan
nan
nan
nan
nan
nan
nan
nan
nan
nan
nan
nan
nan
nan
nan
nan
nan
nan
nan
nan
nan
nan
0.7087254489507834
0.8025420602849926
0.8023129892764657
0.8030524362421902
0.8032975508492164
0.8035380771994376
0.8037850522818119
0.8040408470218496
0.8043047341795158
0.8045845217681821
0.8048717209101557
0.8051699104908199
0.8054757345342045
0.7175572476066083
0.7175252378337724
0.7174751063510603
0.7174091682949822
0.7173225495855504
0.7172173346891274
0.7170859929475485
0.7169318544036599
0.7136554181539567
nan
nan
nan
nan
nan
nan
nan
nan
nan
nan
nan
nan
nan
nan
nan
nan
nan
nan
nan
nan
nan
nan
nan
nan
nan
nan
nan
0.7062956498189422
nan
0.801799988531741
0.8019904459830361
0.8022089743450105
0.8026388765067283
0.8025341649935479
0.8028089640312547
0.8031071243199595
0.8033853733650101
0.8036707726806311
0.8039650868535919
0.804250549971179
0.8046009383718877
0.8049296816447248
0.7173013503999106
0.7172612158319364
0.7172004662133641
0.7171190717642623
0.7170269330058456
0.7168954836416284
0.7167290068996285
0.7165403473716812
0.7125291436495276
nan
nan
nan
nan
nan
nan
nan
nan
nan
nan
nan
nan
nan
nan
nan
nan
nan
nan
nan
nan
nan
nan
nan
nan
nan
nan
nan
nan
0.8000946951495269
0.8007372024980253
0.8011076820499621
0.8014577273882868
0.8016216119141847
0.8018884270570455
0.8021599671656139
0.8024368639816009
0.8027258954224133
0.8030358733150081
0.8033509229982452
0.8036763893514419
0.8040088545148129
0.7170768548788949
0.7170269362472569
0.7169702018755888
0.716906276194544
0.7168100404821934
0.7166871965993427
0.7165240609660529
0.7163266780281385
0.715989740159545
nan
nan
nan
nan
nan
nan
nan
nan
nan
nan
nan
nan
nan
nan
nan
nan
nan
nan
nan
nan
nan
nan
nan
nan
nan
nan
nan
0.7097390768279086
0.8000030474628925
0.7999944673995615
0.7999955186831859
0.799987606501559
0.8000348738714873
0.7993599891979783
0.8010646907826402
0.8014254793233873
0.801725919735818
0.8020447251356778
0.8023678616333543
0.8025630689314195
0.8030771792468024
0.7167826963790994
0.7167536003477618
0.7167849890185322
0.7166667403742575
0.7165734988768316
0.7164783432735871
0.7162896530219307
0.7162275757320766
0.7157967093146073
0.7111745850009183
nan
nan
nan
nan
nan
nan
nan
nan
nan
nan
nan
nan
nan
nan
nan
nan
nan
nan
nan
nan
nan
nan
nan
nan
nan
nan
nan
0.7984264483843664
0.8001027826136597
0.8000261512703932
0.800005417588386
0.8000007599399146
0.7999988535866086
0.799996970890568
0.8000043702357357
0.800126754752332
0.800843021277595
0.8012888892210926
0.801700024913177
0.8020817788050287
0.8025027713647765
0.716279025111239
0.7164364139681962
0.7163720759065876
0.7163719126424836
0.7162395710021305
0.7160198358502535
0.7159605496977859
0.7156973184749641
0.7153623077405142
nan
nan
nan
nan
nan
nan
nan
nan
nan
nan
nan
nan
nan
nan
nan
nan
nan
nan
nan
nan
nan
nan
nan
nan
nan
nan
nan
0.7959562714984281
0.7985895890143306
0.7979445610435074
0.8005132924691674
0.7998862808321315
0.8000120087831066
0.8000416919107768
0.800013255206935
0.8000022368255078
0.7999965230589128
0.7999897734490773
0.799999256218099
0.8008178470733159
0.801517674092113
0.8018690736667562
0.7161753249074213
0.715915588070274
0.7159792404688385
0.715887836522675
0.7157144876637911
0.715551049933914
0.7155093513809041
0.715214839243038
nan
nan
nan
nan
nan
nan
nan
nan
nan
nan
nan
nan
nan
nan
nan
nan
nan
nan
nan
nan
nan
nan
nan
nan
nan
nan
nan
0.7136891286067641
0.7963432954164438
0.7962125281858232
0.7967314664733798
0.7976808786689554
0.7980588689701889
0.7986000363915591
0.798927027193916
0.7998459533693705
0.8000360558017483
0.8000077614157475
0.7999990357679612
0.7999994091390601
0.799995607521367
0.7984317727113934
0.7157359787517346
0.7156229428939477
0.7157458450892729
0.7154531186860567
0.7143686119409818
0.7156138982899728
0.7152884684953094
nan
nan
nan
nan
nan
nan
nan
nan
nan
nan
nan
nan
nan
nan
nan
nan
nan
nan
nan
nan
nan
nan
nan
nan
nan
nan
nan
nan
0.7134382948286059
0.7149661214955378
nan
0.7959747439634398
0.7976130582711138
0.797100966343749
0.7974847120991542
0.7977500998837436
0.7983996605633307
0.7980839623956564
0.7989638757911898
0.7996171230834257
0.8000316907245889
0.8000008020295193
0.8000014385295747
0.799998093319171
0.7147241802419952
0.7143275174991699
0.714413521450521
0.7148781764671055
0.7131353507966325
nan
nan
nan
nan
nan
nan
nan
nan
nan
nan
nan
nan
nan
nan
nan
nan
nan
nan
nan
nan
nan
nan
nan
nan
nan
nan
nan
nan
nan
0.7934529726206418
0.7143623247543468
0.7943579865926103
0.7152517350822029
0.7962422097610448
0.796064875699758
0.7965184715905348
0.7968181253129976
0.7969790285801674
0.7972254323010423
0.7974740893878467
0.7981251451257066
0.7982456454427794
0.799118989728857
0.8001064230288114
0.8000013875964469
0.7149602729898817
0.7147096108264376
0.7142266310714145
0.7147135422949912
0.7151416291511384
0.714362719928749
nan
nan
nan
nan
0.7122808139341525
nan
nan
nan
nan
nan
nan
nan
nan
nan
nan
nan
nan
nan
nan
nan
nan
nan
nan
nan
nan
nan
nan
nan
0.7113178311778721
0.712300834055728
0.7932640225062751
0.7941773197513002
0.7944119777300616
0.7963339230235462
0.7972962052722741
0.7961883972606671
0.7963592162155462
0.7964805985475634
0.7965643147127807
0.7966701396149518
0.7970667853881664
0.7975185574577988
0.7982409190495665
0.7971595960284346
0.7985395907387565
0.7147052956958542
0.7145807618497121
0.7140929109450747
0.7109763458092988
nan
nan
nan
nan
nan
nan
nan
nan
nan
nan
nan
nan
nan
nan
nan
nan
nan
nan
nan
nan
nan
nan
nan
nan
nan
nan
nan
nan
nan
nan
nan
0.7117719765687178
0.7116933277911336
0.7932822468854253
0.7936471298701764
0.7941663928264586
0.7962200192823095
0.7972816863303088
0.7962408357470036
0.796332632848051
0.7963800725089893
0.7963788639080323
0.7963202956296299
0.7962377963617426
0.7970777002553691
0.7151088232132035
0.7979291376453778
0.7961435527807184
0.7143098736805101
0.7107328001484456
nan
nan
nan
nan
nan
nan
nan
nan
nan
nan
nan
nan
nan
nan
nan
nan
nan
nan
nan
nan
nan
nan
nan
nan
nan
nan
nan
nan
nan
nan
nan
nan
nan
0.7940446784119909
0.7938157261985089
0.7932679110248427
0.7935072887913465
0.7939452872011106
0.7149328891681473
0.795945291661265
0.7960485736132256
0.7963019318766325
0.7963549974729875
0.7963503896236932
0.7963217059920824
0.7968413946270012
0.7962765605106238
0.79541126099912
0.713542705924356
0.7134741086770908
0.71160079423753
nan
nan
nan
nan
nan
nan
nan
nan
nan
nan
nan
nan
nan
nan
nan
nan
nan
nan
nan
nan
nan
nan
nan
nan
nan
nan
nan
nan
nan
nan
nan
nan
0.7145178719145788
0.7917377051080929
0.7921034856133369
0.7923421117763121
0.7927357279287774
0.7933380231517209
0.7939932949054013
0.7962600577468081
0.7968260601126561
0.7962988673167969
0.796354811173703
0.7964073054128346
0.7964348951370996
0.7963766929877709
0.7941298225477792
0.7141064140347351
0.712288855029959
0.7147172276186663
nan
nan
nan
nan
nan
nan
nan
nan
nan
nan
nan
nan
nan
nan
nan
nan
nan
nan
nan
nan
nan
nan
nan
nan
nan
nan
nan
nan
nan
nan
nan
nan
nan
nan
0.7911338998348035
0.7914001297633304
0.7917216403048315
0.7921120004463356
0.7926405878223379
0.7929620272054808
0.7940893945212757
0.7968244216957896
0.7962642727185806
0.7963868390142823
0.7964898706277174
0.7122052982923964
0.7127622397699169
0.7127950058469648
0.713480509596366
0.7125822717808359
nan
0.7137524517368357
nan
nan
nan
nan
nan
nan
nan
nan
nan
nan
nan
nan
nan
nan
nan
nan
nan
nan
nan
nan
nan
nan
nan
nan
nan
nan
nan
nan
nan
nan
nan
nan
0.791332840024944
nan
0.7914974350264876
0.7911611037333639
0.7913807842520331
0.7920187062848483
0.7927349470681893
0.7932569756203216
0.7135108920097917
0.7137474306670812
0.7125250675189879
0.711994825983123
0.711790746372815
0.711508257258629
0.7121823464912278
0.7118446240884441
nan
nan
nan
nan
nan
nan
nan
nan
nan
nan
nan
nan
nan
nan
nan
nan
nan
nan
nan
nan
nan
nan
nan
nan
nan
nan
nan
nan
nan
nan
nan
nan
0.7866020018882713
0.7860232570899672
nan
nan
nan
0.7149616347611728
0.7905583184137013
0.7908872670770586
0.7914372817899512
0.7921118362406531
0.7929350640806059
0.7133708538755259
0.7931958046796694
0.7142502423910537
0.7115266918528562
0.710353158757782
0.7120489641991629
nan
nan
nan
nan
nan
nan
nan
nan
nan
nan
nan
nan
nan
nan
nan
nan
nan
nan
nan
nan
nan
nan
nan
nan
nan
nan
nan
nan
nan
