nan
0.7212379948062454
0.7212498948578977
0.7212697369511891
0.7212975310620261
0.7213332886420034
0.7213770214875158
0.7214287404447228
0.7214884539406843
0.7215561663399919
0.7216318761135675
0.7217155738116056
0.7218072398349293
0.7219068419952026
0.7220143328579423
0.7221296468676087
0.7222526972580198
0.7223833727743129
0.7225215342775169
0.7226670114152756
0.7228195999125862
0.722979061192801
0.7231450943716121
0.7233177522843044
0.7234721737652499
0.7236738508417795
0.7238648327383503
0.7240573135213865
0.7242529862932687
0.7244512066658467
0.7246511161051055
0.7248516523310133
0.7250517487546513
0.7252501808561261
0.7254448648909977
0.7256445449381104
0.7258026353075073
0.7259821543504081
0.7261444459906685
0.7262909907437196
0.7264216263383036
0.7265232017366378
0.7265999585219098
0.7266423977716291
0.7266440210389323
0.726599627724682
0.7265079470443976
0.7263575969321412
0.7261502133581692
0.7258508938057526
nan
0.7212250353911998
0.7212368862885113
0.7212566749662023
0.7212844155279219
0.7213201237513409
0.7213638159969469
0.7214155079619253
0.7214752132595309
0.7215429418787053
0.7216186983246362
0.7217024788913428
0.7217942735840862
0.7218940562404813
0.7220017891644701
0.7221174174614963
0.7222408670825162
0.7223720427196593
0.7225108266580974
0.7226570801936631
0.722810652193393
0.7229714076616547
0.7231388648907048
0.7233186012535651
0.7233226037928653
0.7235978972552383
0.7238534106234072
0.7240501838261791
0.7242484945268558
0.7244489290035699
0.7246508282631938
0.7248531806745685
0.7250546023338559
0.7252530765874019
0.7254460190047616
0.7256040430428108
0.725838361063686
0.7260117855715502
0.7261737938281536
0.7263210028876672
0.7264516306090323
0.7265550119354413
0.7266311632299827
0.7266719098329122
0.7266704952981011
0.7266224037950796
0.7265252860629036
0.7263763120909172
0.7261730566384721
0.7258607146135089
nan
0.7211865173596406
0.7211981928334873
0.7212177728066723
0.7212452777726432
0.7212807303928173
0.7213241544974883
0.7213755739161793
0.7214350112597373
0.721502486022688
0.7215780177812665
0.7216615975838094
0.7217532450797686
0.7218529838308492
0.7219607428309216
0.7220765193155223
0.7222002733845225
0.7223319607835741
0.7224715400430128
0.7226189980285835
0.7227744152799004
0.7229381731588977
0.7231113401155254
0.7233301279996451
0.7232722353101416
0.7232526607789656
0.7237603949110649
0.7239836697344775
0.7241914676423034
0.7243969940688851
0.7246022651243378
0.7248076701030511
0.7250110600879156
0.7252105852411157
0.7253997980672225
0.725494710220787
0.7258203320748849
0.7259936129777532
0.7261552031659835
0.726302388001909
0.726431269849814
0.726536157886758
0.726610416322643
0.72664806209092
0.7266429073488401
0.7265905238687953
0.7264861125409141
0.7263317468926452
0.7261275773903084
0.7258012227993914
nan
0.7211232299421171
0.7211345823586722
0.721153770044831
0.7211808224767436
0.7212157720768391
0.7212586534292041
0.7213095022581448
0.7213683543963965
0.7214352444146567
0.7215102020053131
0.7215932852576619
0.721684336916346
0.7217836618980062
0.7218912358821526
0.7220068846058716
0.7221307203997847
0.7222627713957672
0.7224031054475288
0.7225519005492328
0.7227095613602018
0.7228771856725248
0.723059236033341
0.7233086359314291
0.7233239744918483
0.7233772312975532
0.7234562571975522
0.7238006080586162
0.7240691548463418
0.724289520309311
0.7245023502644895
0.7247154495121495
0.7249200916963081
0.7251223930176749
0.7253158321043753
0.7255199569620594
0.7257803887273175
0.7259285802915796
0.7260886711340727
0.72623513263859
0.726361646841436
0.7264671497780405
0.726537823042414
0.7265721124574075
0.7265616092232436
0.7265033085943686
0.7263932624611512
0.726228560769242
0.7259378821785264
0.7256817049142243
nan
0.7210363634956893
0.7210472162155928
0.7210657871441424
0.7210921178061095
0.7211262539733055
0.7211682449863926
0.7212181429784086
0.7212760017970063
0.7213418763713653
0.721415821811833
0.7214978922482295
0.7215881715181947
0.7216864397738645
0.7217927773829409
0.7219083678206345
0.722031875899779
0.7221639152758093
0.7223046723265496
0.7224544842627962
0.7226141480323793
0.7227854046381499
0.7229734849508582
0.7231767987750972
0.7233372549536571
0.7233348757130327
0.7233754036572858
0.7234570361795633
0.7235768373180691
0.7241009935060032
0.7243405367077252
0.7245608381400177
0.7247783630239073
0.7249858389920213
0.725185007965891
0.7253690494500236
0.7255554018994403
0.7258068854249166
0.7259735311727136
0.7261188288590008
0.7262439108875117
0.7263409409020424
0.7264146715120549
0.7264445436965068
0.7264276778784365
0.7263581855157765
0.7262468711311675
0.7259837215493886
0.7258103166019161
0.7255014467340138
nan
0.7209276926108483
0.7209378351423774
0.7209555066867106
0.7209807699695032
0.7210136857835923
0.7210543119920025
0.7211027343146179
0.7211590400027351
0.7212233061067648
0.721295619164997
0.7213760675669529
0.721464745235412
0.7215617265765789
0.7216677268787592
0.7217785135487254
0.7219031890235209
0.7220345189139084
0.7221750571443188
0.7223252303479079
0.7224858532078904
0.7226593529456904
0.7228512313586961
0.7230925318160358
0.7233557143541491
0.7232788793213152
0.723273427649042
0.7232818511000556
0.7233140919827428
0.7234499337323685
0.7240518512214076
0.7243351159244229
0.7245613565399697
0.7247934200058319
0.7250007036083199
0.7251992967168537
0.7256037533461884
0.7256229077278513
0.7257941900769496
0.725949525409887
0.7260738508409309
0.7261707772024196
0.7262349347936943
0.7262649573803435
0.7262399191234237
0.7261801412268666
0.7260478362610706
0.7259359222067518
0.7255628927990766
nan
nan
0.7208001474295577
0.7208092859298836
0.7208256550591093
0.7208493309944841
0.7208804035505126
0.7209189733543429
0.7209651512936766
0.7210190327287638
0.7210808062267067
0.7211505698769365
0.72122844716627
0.7213145955177679
0.7214091706524235
0.7215123672677837
0.7216242857083488
0.7217475300427137
0.7218697087125041
0.7220120369032825
0.7221617191614278
0.7223223334791711
0.7224954865481631
0.7226877122828126
0.722916350411309
0.7235776318916362
0.7232750481052967
0.7232530061179538
0.7232409856241395
0.7232515057803297
0.723279202685789
0.723340309692251
0.7233650177618531
0.7242480023063641
0.7245165752971414
0.7247536007344924
0.7249638311607363
0.7251671320039709
0.7256528789408299
0.725590122585446
0.7254404847415864
0.7258410932203218
0.7259409488356711
0.7260054131981998
0.7260291579792545
0.7259914247906762
0.7259484100198311
0.7256669395897162
0.7256277766634682
nan
nan
nan
0.7206590009855949
0.7206667439879382
0.7206812152616121
0.720702507119872
0.7207307433840875
0.7207660668060867
0.7208086495617394
0.7208586871259826
0.7209163923163546
0.7209819752876858
0.7210557898009291
0.721136903673087
0.7212281342781957
0.7213275813842707
0.7214361679932955
0.7215543976314346
0.7216824521172034
0.7218200559712745
0.7219566793095454
0.7221178984627024
0.7222911936654555
0.7224748705821589
0.7226964919724057
0.7230009771908296
0.7232924908977362
0.7232608405387179
0.7232154087129271
0.7231981648723783
0.7231997400614303
0.7232208641906648
0.7232746332461943
0.7232705953609351
nan
0.7243834557681746
0.7246457785152685
0.7248811319112072
0.7250885620255427
0.7254204869832823
0.7253683588224067
0.725381688427779
0.725486800058595
0.7256805644820586
0.7256117532171331
0.7256286828208462
0.7255365162113787
0.7256407340236104
0.7254135701101865
nan
nan
nan
0.720516228400081
0.7205221148905318
0.720533803272386
0.7205513489532331
0.7205748838676784
0.7206045872950495
0.7206406997228426
0.7206835352206662
0.7207335083154088
0.7207910517445579
0.7208565586515665
0.7209309709445328
0.7210144365534362
0.7211075421718798
0.7212070502486044
0.7213225820808361
0.7214467814022218
0.7215831606070515
0.7217348805090008
0.7218493560616025
0.7220228313041461
0.7222178848667679
0.7224377097360255
0.7226885423356053
0.7237061597377743
0.723308956863579
0.7232194759000092
0.7231732234589157
0.7231480839483622
0.7231398740725461
0.7231443952960701
0.7232547229276834
nan
nan
0.724136119404277
0.7244909704219904
0.7246706985924598
0.7249197459869499
0.7252508302516939
0.725247728566583
0.7251950744976962
0.7251685764931382
0.7251081890247761
0.7249894924552265
0.7248957421930156
0.7246121764598036
nan
nan
nan
0.7204152649485273
0.7204168437595164
0.7204222844763588
0.7204328507907309
0.7204487017553672
0.7204707624256562
0.720513282377646
0.7189936707497525
0.7181004106507363
0.7183037353252179
0.7147369389290411
nan
nan
nan
nan
nan
nan
0.721114852336659
0.7212575583832367
0.7213688645175026
0.7215798768622821
0.7217920388481869
0.7218779209828248
0.7219433659663745
0.7223173410910437
0.722567909759467
0.7233056304021366
0.7232723324343893
0.7231849083274331
0.7231276795343703
0.7230910302645693
0.7230705662241501
0.7230548112044863
0.7230475538503246
nan
0.7229774052700131
nan
nan
0.7242662797062673
0.7246802021896662
0.7254092565633327
0.7251037041410258
nan
0.7253165726023804
nan
nan
nan
nan
nan
nan
0.7194759585569461
0.7194361111153834
0.7194611571187549
0.7195363512021408
0.7190484076021795
0.7191143904725443
0.7192635115133037
0.7188284718291351
0.7194738380355954
0.718597299547076
0.7188300621369742
0.7203180665607439
nan
nan
nan
nan
nan
nan
nan
nan
nan
nan
nan
nan
0.7219082293237875
nan
0.7228732034164578
nan
0.7232879489679139
0.7231694750055636
0.7230841523578966
0.7230280054628696
0.7229906344548742
0.7229752669456467
nan
nan
nan
nan
nan
nan
nan
nan
nan
nan
nan
nan
nan
nan
0.724772143271829
nan
0.7181624109043863
0.7181728071448585
0.7182643129088996
0.7183845028978396
0.7183772992195506
0.7184076618378015
0.7184907893829109
0.7183523827646853
0.7183824250830758
0.7183509460051474
0.7178113087104768
0.7192027131403966
0.7130811836225948
nan
nan
nan
nan
nan
nan
nan
nan
nan
nan
nan
nan
nan
nan
nan
nan
nan
nan
nan
0.7229721172005243
0.7229045183454472
0.7228532439250848
nan
nan
nan
nan
nan
nan
nan
nan
nan
nan
nan
nan
nan
nan
nan
0.7170723955554066
0.71708264321381
0.7172360093607153
0.7175054320714203
0.717767977623889
0.7179349814146818
0.7180207670249792
0.7180607961038714
0.718181157204075
0.7179435383101456
0.7179981317313273
0.7178903535494023
0.7177287165596244
0.7176418649046131
nan
nan
nan
nan
nan
nan
nan
nan
nan
nan
nan
nan
nan
nan
nan
nan
nan
nan
nan
nan
nan
nan
nan
nan
nan
nan
nan
nan
nan
nan
nan
nan
nan
nan
nan
nan
0.7161138240610496
0.7161206225801285
0.7162592864002326
0.7165302725525846
0.7169460293685963
0.7173904753449935
0.7177004781901322
0.7178373780510223
0.717925071346805
0.7179657946921036
0.7178222668981734
0.7180347846610697
0.7174169815233167
0.7178976858252808
0.7137980414887584
0.715897760490853
nan
nan
nan
nan
nan
nan
nan
nan
nan
nan
nan
nan
nan
nan
nan
nan
nan
nan
nan
nan
nan
nan
nan
nan
nan
nan
nan
nan
nan
nan
nan
nan
nan
nan
0.7149975245273471
0.7150160578685025
0.7151219069369824
0.7153306513561662
0.7156834166433079
0.7162448050449136
0.7170269814476875
0.7176512139891646
0.7178333486858686
0.7178712507252533
0.7178961847959122
0.7177570816458687
0.7176823986571967
0.7177598255954264
0.7181350265274051
nan
nan
nan
nan
nan
nan
nan
nan
nan
nan
nan
nan
nan
nan
nan
nan
nan
nan
nan
nan
nan
nan
nan
nan
nan
nan
nan
nan
nan
nan
nan
nan
nan
nan
nan
0.7135573591026564
0.7135796192657674
0.7136634352981586
0.7138134695597722
0.7140484408254149
0.7144036469641569
0.7149398752225968
0.7158681581003805
0.7176046519112984
0.7181120629156239
0.7179611379795223
0.7178755490981285
0.7176755466249677
0.7177314987620008
0.7178653128753056
0.7170441925928961
nan
nan
nan
nan
nan
nan
nan
nan
nan
nan
nan
nan
nan
nan
nan
nan
nan
nan
nan
nan
nan
nan
nan
nan
nan
nan
nan
nan
nan
nan
nan
nan
nan
nan
nan
nan
nan
nan
nan
0.7180316280270364
0.7181002714190751
0.7182045015478151
0.7183810152693927
0.7187617468255585
0.7184524195031858
0.7183094497456998
0.7180067654228796
0.7179067460723735
0.7176659119200932
0.7180743302029503
0.7104491209503876
nan
nan
nan
nan
nan
nan
nan
nan
nan
nan
nan
nan
nan
nan
nan
nan
nan
nan
nan
nan
nan
nan
nan
nan
nan
nan
nan
nan
nan
nan
nan
nan
nan
nan
nan
nan
nan
nan
0.7176141645774397
0.7176517927907259
0.7177031614933161
0.7177756265285868
0.7178819598825543
0.718054857096275
0.7184373007059669
0.7189903619740409
0.7184651631934471
0.7177595727658761
0.7180761205856063
0.7182350503317623
nan
nan
nan
nan
nan
nan
nan
nan
nan
nan
nan
nan
nan
nan
nan
nan
nan
nan
nan
nan
nan
nan
nan
nan
nan
nan
nan
nan
nan
nan
nan
nan
nan
nan
nan
nan
nan
nan
nan
0.7172357275941021
0.7172700362246469
0.7173118643082871
0.717367724140986
0.7174406836381513
0.7175707485032276
0.7177655812423851
0.7180385393303117
0.7190652012632576
0.7183478397964943
0.7180067342728418
0.7166499943859801
nan
nan
nan
nan
nan
nan
nan
nan
nan
nan
nan
nan
nan
nan
nan
nan
nan
nan
nan
nan
nan
nan
nan
nan
nan
nan
nan
nan
nan
nan
nan
nan
nan
nan
nan
nan
nan
nan
0.7168208221852205
0.7168391931803747
0.716852633205497
0.7169178788874573
0.7169519796055046
0.7170114040140613
0.7171022939633774
0.7171616540428873
0.7176982615809921
0.7177466385951639
0.7189681996251438
0.7166688287526869
nan
nan
nan
nan
nan
nan
nan
nan
nan
nan
nan
nan
nan
nan
nan
nan
nan
nan
nan
nan
nan
nan
nan
nan
nan
nan
nan
nan
nan
nan
nan
nan
nan
nan
nan
nan
nan
nan
nan
0.716403537090988
0.7164136561593368
0.7164057891997595
0.7163194180632498
0.7164868693336244
0.7164772390892279
0.7165323676591999
0.7165399393851274
0.7170249199312537
0.7160909734645033
0.7187127330746996
0.7114212875418328
nan
nan
nan
nan
nan
nan
nan
nan
nan
nan
nan
nan
nan
nan
nan
nan
nan
nan
nan
nan
nan
nan
nan
nan
nan
nan
nan
nan
nan
nan
nan
nan
nan
nan
nan
nan
nan
nan
0.7158900384814763
0.7158706823767611
0.7158505817608332
0.7158000386826193
0.7159673297148483
0.7159580733598929
0.7163258592747883
0.7160542516054967
0.7156671828299658
0.7160889391902627
0.7124598006032455
0.714466265824478
nan
nan
nan
nan
nan
nan
nan
nan
nan
nan
nan
nan
nan
nan
nan
nan
nan
nan
nan
nan
nan
nan
nan
nan
nan
nan
nan
nan
nan
nan
nan
nan
nan
nan
nan
nan
nan
nan
nan
0.7155483797879961
0.7155565481079464
0.7156474859271724
0.7156837916409556
0.7155630564156511
0.7154447381955288
0.7153225048142636
0.7158926196381787
0.7150433089559348
0.7139327598938064
0.7144816399486695
nan
nan
nan
nan
nan
nan
nan
nan
nan
nan
nan
nan
nan
nan
nan
nan
nan
nan
nan
nan
nan
nan
nan
nan
nan
nan
nan
nan
nan
nan
nan
nan
nan
nan
nan
nan
nan
nan
nan
nan
0.7147631628877711
0.7147398222614502
0.7147221473593663
0.7147352225544783
0.7150925098857346
0.7140651594415605
0.7159365224210538
0.7145230069105302
0.7136368924040641
nan
0.7118993822509122
nan
nan
nan
nan
nan
nan
nan
nan
nan
nan
nan
nan
nan
nan
nan
nan
nan
nan
nan
nan
nan
nan
nan
nan
nan
nan
nan
nan
nan
nan
nan
nan
nan
nan
nan
nan
nan
nan
0.7147634282485179
0.7146691182265649
0.7145811117798349
0.7144866902861543
0.7143835245041157
0.7143046539022342
0.7143108176518309
0.7141261215708695
0.7138099772695939
0.7126758209704366
0.7118286590739148
0.7170490120116877
nan
nan
nan
nan
nan
nan
nan
nan
nan
nan
nan
nan
nan
nan
nan
nan
nan
nan
nan
nan
nan
nan
nan
nan
nan
nan
nan
nan
nan
nan
nan
nan
nan
nan
nan
nan
nan
nan
nan
0.7141945641406662
0.7142512405873105
0.7145206985535091
0.7144828921208264
0.7142328801358924
0.7142430596856226
0.7138477321478771
0.7136096613999865
0.7121612727684933
0.7123610989532898
nan
nan
nan
nan
nan
nan
nan
nan
nan
nan
nan
nan
nan
nan
nan
nan
nan
nan
nan
nan
nan
nan
nan
nan
nan
nan
nan
nan
nan
nan
nan
nan
nan
nan
nan
nan
nan
nan
nan
nan
nan
0.7136166842077445
0.7136404845828663
0.7137864272037089
0.7138325662389804
0.7150511489249216
0.7123286331386087
0.7149973197627308
nan
0.711034068406877
nan
nan
nan
nan
nan
nan
nan
nan
nan
nan
nan
nan
nan
nan
nan
nan
nan
nan
nan
nan
nan
nan
nan
nan
nan
nan
nan
nan
nan
nan
nan
nan
nan
nan
nan
nan
nan
nan
nan
nan
nan
nan
nan
0.7123797165829077
0.7124215535631303
0.7121026263132523
0.7132410574734531
0.7152094019291199
0.7121899738683533
0.7113406746079515
nan
nan
nan
nan
nan
nan
nan
nan
nan
nan
nan
nan
nan
nan
nan
nan
nan
nan
nan
nan
nan
nan
nan
nan
nan
nan
nan
nan
nan
nan
nan
nan
nan
nan
nan
nan
nan
nan
nan
nan
nan
0.7122834174737068
0.7120223536028819
0.7136969866405256
0.7125884747627323
0.7109356928547633
nan
nan
nan
nan
nan
nan
nan
nan
nan
nan
nan
nan
nan
nan
nan
nan
nan
nan
nan
nan
nan
nan
nan
nan
nan
nan
nan
nan
nan
nan
nan
nan
nan
nan
nan
nan
nan
nan
nan
nan
nan
nan
nan
nan
0.7137016754837541
0.7142303982676845
0.7122735925035332
0.7139548346845573
0.7123883047165208
0.7121416835514782
nan
nan
nan
nan
nan
nan
nan
nan
nan
nan
nan
nan
nan
nan
nan
nan
nan
nan
nan
nan
nan
nan
nan
nan
nan
nan
nan
nan
nan
nan
nan
nan
nan
nan
nan
nan
nan
nan
nan
nan
nan
nan
nan
nan
nan
nan
0.7113010264195352
nan
nan
0.7177212220487015
nan
nan
nan
nan
nan
nan
nan
nan
nan
nan
nan
nan
nan
nan
nan
nan
nan
nan
nan
nan
nan
nan
nan
nan
nan
nan
nan
nan
nan
nan
nan
nan
nan
nan
nan
nan
nan
nan
nan
nan
nan
nan
nan
nan
nan
nan
nan
nan
nan
nan
nan
nan
nan
nan
nan
nan
nan
nan
nan
nan
nan
nan
nan
nan
nan
nan
nan
nan
nan
nan
nan
nan
nan
nan
nan
nan
nan
nan
nan
nan
nan
nan
nan
nan
nan
nan
nan
nan
nan
nan
nan
nan
nan
nan
nan
nan
nan
nan
nan
nan
nan
nan
nan
nan
nan
nan
nan
nan
nan
nan
nan
nan
nan
nan
nan
nan
nan
nan
nan
nan
nan
nan
nan
nan
nan
nan
nan
nan
nan
nan
nan
nan
nan
nan
nan
nan
nan
nan
nan
nan
nan
nan
nan
nan
nan
nan
nan
nan
nan
nan
nan
nan
nan
nan
nan
nan
nan
nan
nan
nan
nan
nan
nan
nan
nan
nan
nan
nan
nan
nan
nan
nan
nan
nan
nan
nan
nan
nan
nan
nan
nan
nan
nan
nan
nan
nan
nan
nan
nan
nan
nan
nan
nan
nan
nan
nan
nan
nan
nan
nan
nan
nan
nan
nan
nan
nan
nan
nan
nan
nan
nan
nan
nan
nan
nan
nan
nan
nan
nan
nan
nan
nan
nan
nan
nan
nan
nan
nan
nan
nan
nan
nan
nan
nan
nan
nan
nan
nan
nan
nan
nan
nan
nan
nan
nan
nan
nan
nan
nan
nan
nan
nan
nan
nan
nan
nan
nan
nan
nan
nan
nan
nan
nan
nan
nan
nan
nan
nan
nan
nan
nan
nan
nan
nan
nan
nan
nan
nan
nan
nan
nan
nan
nan
nan
nan
nan
nan
nan
nan
nan
nan
nan
nan
nan
nan
nan
nan
nan
nan
nan
nan
nan
nan
nan
nan
nan
nan
nan
nan
nan
nan
nan
nan
nan
nan
nan
nan
nan
nan
nan
nan
nan
nan
nan
nan
nan
nan
nan
nan
nan
nan
nan
nan
nan
nan
nan
nan
nan
nan
nan
nan
nan
nan
nan
nan
nan
nan
nan
nan
nan
nan
nan
nan
nan
nan
nan
nan
nan
nan
nan
nan
nan
nan
nan
nan
nan
nan
nan
nan
nan
nan
nan
nan
nan
nan
nan
nan
nan
nan
nan
nan
nan
nan
nan
nan
nan
nan
nan
nan
nan
nan
nan
nan
nan
nan
nan
nan
nan
nan
nan
nan
nan
nan
nan
nan
nan
nan
nan
nan
nan
nan
nan
nan
nan
nan
nan
nan
nan
nan
nan
nan
nan
nan
nan
nan
nan
nan
nan
nan
nan
nan
nan
nan
nan
nan
nan
nan
nan
nan
nan
nan
nan
nan
nan
nan
nan
nan
nan
nan
nan
nan
nan
nan
nan
nan
nan
nan
nan
nan
nan
nan
nan
nan
nan
nan
nan
nan
nan
nan
nan
nan
nan
nan
nan
nan
nan
nan
nan
nan
nan
nan
nan
nan
nan
nan
nan
nan
nan
nan
nan
nan
nan
nan
nan
nan
nan
nan
nan
nan
nan
nan
nan
nan
nan
nan
nan
nan
nan
nan
nan
nan
nan
nan
nan
nan
nan
nan
nan
nan
nan
nan
nan
nan
nan
nan
nan
nan
nan
nan
nan
nan
nan
nan
nan
nan
nan
nan
nan
nan
nan
nan
nan
nan
nan
nan
nan
nan
nan
nan
nan
nan
nan
nan
nan
nan
nan
nan
nan
nan
nan
nan
nan
nan
nan
nan
nan
nan
nan
nan
nan
nan
nan
nan
nan
nan
nan
nan
nan
nan
nan
nan
nan
nan
nan
nan
nan
nan
nan
nan
nan
nan
nan
nan
nan
nan
nan
nan
nan
nan
nan
nan
nan
nan
nan
nan
nan
nan
nan
nan
nan
nan
nan
nan
nan
nan
nan
nan
nan
nan
nan
nan
nan
nan
nan
nan
nan
nan
nan
nan
nan
nan
nan
nan
nan
nan
nan
nan
nan
nan
nan
nan
nan
nan
nan
nan
nan
nan
nan
nan
nan
nan
nan
nan
nan
nan
nan
nan
nan
nan
nan
nan
nan
nan
nan
nan
nan
nan
nan
nan
nan
nan
nan
nan
nan
nan
nan
nan
nan
nan
nan
nan
nan
nan
nan
nan
nan
nan
nan
nan
nan
nan
nan
nan
nan
nan
nan
nan
nan
nan
nan
nan
nan
nan
nan
nan
nan
nan
nan
nan
nan
nan
nan
nan
nan
nan
nan
nan
nan
nan
nan
nan
nan
nan
nan
nan
nan
nan
nan
nan
nan
nan
nan
nan
nan
nan
nan
nan
nan
nan
nan
nan
nan
nan
nan
nan
nan
nan
nan
nan
nan
nan
nan
nan
nan
nan
nan
nan
nan
nan
nan
nan
nan
nan
nan
nan
nan
nan
nan
nan
nan
nan
nan
nan
nan
nan
nan
nan
nan
nan
nan
nan
nan
nan
nan
nan
nan
nan
nan
nan
nan
nan
nan
nan
nan
nan
nan
nan
nan
nan
nan
nan
nan
nan
nan
nan
nan
nan
nan
nan
nan
nan
nan
nan
nan
nan
nan
nan
nan
nan
nan
nan
nan
nan
nan
nan
nan
nan
nan
nan
nan
nan
nan
nan
nan
nan
nan
nan
nan
nan
nan
nan
nan
nan
nan
nan
nan
nan
nan
nan
nan
nan
nan
nan
nan
nan
nan
nan
nan
nan
nan
nan
nan
nan
nan
nan
nan
nan
nan
nan
nan
nan
nan
nan
nan
nan
nan
nan
nan
nan
nan
nan
nan
nan
nan
nan
nan
nan
nan
nan
nan
nan
nan
nan
nan
nan
nan
nan
nan
nan
nan
nan
nan
nan
nan
nan
nan
nan
nan
nan
nan
nan
nan
nan
nan
nan
nan
nan
nan
nan
nan
nan
nan
nan
nan
nan
nan
nan
nan
nan
nan
nan
nan
nan
nan
nan
nan
nan
nan
nan
nan
nan
nan
nan
nan
nan
nan
nan
nan
nan
nan
nan
nan
nan
nan
nan
nan
nan
nan
nan
nan
nan
nan
nan
nan
nan
nan
nan
nan
nan
nan
nan
nan
nan
nan
nan
nan
nan
nan
nan
nan
nan
nan
nan
nan
nan
