nan
nan
nan
nan
nan
nan
nan
nan
nan
nan
nan
nan
nan
nan
nan
nan
nan
nan
nan
nan
nan
nan
nan
nan
nan
nan
nan
nan
nan
nan
nan
nan
nan
nan
nan
nan
nan
nan
nan
nan
nan
nan
nan
nan
nan
nan
nan
nan
nan
nan
0.0895420370794052
0.08953528275540591
0.08951486189825775
0.08948070147923187
0.08943268862230205
0.08937067164490528
0.08929446108432935
0.08920383077963512
0.08909851876570393
0.0889782308275377
0.08884263545043945
0.08869137014027559
0.08852404661770547
0.08834022769870453
0.08813945573001872
0.08792122256289893
0.08768496508363621
0.08743003585670114
0.0871556446206276
0.08686072405308676
0.08654358004945364
nan
nan
nan
0.08525125134761743
0.08534987215073649
nan
nan
nan
nan
nan
nan
nan
nan
nan
nan
nan
nan
nan
nan
nan
nan
nan
nan
nan
nan
nan
nan
nan
nan
0.08962714752821146
0.08962065319493259
0.08960057644948881
0.08956683062992506
0.0895192871732537
0.08945777661721588
0.08938208976757335
0.08929197851773386
0.08918715709794336
0.08906729806456765
0.08893207682800894
0.08878100022775573
0.0886138862004945
0.08842984442724193
0.0882287678638265
0.08800991739763747
0.08777270022613534
0.0875163908614425
0.08724009733862945
0.08694261659376967
0.08662210631024106
0.08627526547892045
0.08588848755904957
nan
0.08517190609102734
0.08544679119511167
0.08459843956431103
0.08407217355416685
0.08354447418136204
0.08301912225796682
nan
nan
nan
nan
nan
nan
nan
nan
nan
nan
nan
nan
nan
nan
nan
nan
nan
nan
nan
nan
0.0897680240034309
0.0897620142538419
0.0897425946930118
0.08970965912352197
0.08966305561975271
0.08960258733530463
0.08952801369368683
0.08943905189766348
0.08933537868140676
0.08921662948760084
0.08908238690610448
0.08893229693572605
0.08876573125993181
0.08858262259757509
0.08838122944229888
0.08816215751853028
0.08792419381397688
0.08766654108776376
0.08738816080676041
0.08708761838055593
0.08676272955066094
0.08640951493914117
0.08602265852312138
0.0856162725984379
0.08498839401909242
0.08495595160909394
0.0850028851447862
0.08454289527303421
0.0838322270413406
0.0832544570569163
0.0826898595674285
0.08210662746535582
0.08152521664303126
0.08092224860085173
0.08031495551456543
0.07973272110746726
nan
nan
nan
nan
nan
nan
nan
nan
nan
nan
nan
nan
nan
nan
0.0899639165111367
0.08995866774356956
0.0899403098902288
0.08990870938416082
0.08986367963560574
0.08980498450168953
0.08973233755122284
0.08964540278177671
0.08954379723508406
0.08942709397063728
0.0892948237052302
0.08914646560644522
0.0889814915406481
0.088799363166822
0.0886008165034933
0.08838050363341265
0.08814243620690998
0.0878838350241369
0.08760360423200249
0.08730016833698753
0.08697085507090985
0.08661133931570017
0.0862109149271668
0.08568693086549903
0.08495687297804938
0.08489513596124013
0.08488632327902879
0.0848897920130518
0.08499595367732521
0.08370340917021701
0.08304481374727157
0.08243449218485248
0.08181070311316702
0.08118731628888928
0.08055727982390797
0.07993335740884724
0.07934839423456705
0.07835142903992635
0.077541552735891
0.07675801562360095
0.07594265183347901
nan
nan
nan
nan
nan
nan
nan
nan
nan
0.09021429660860528
0.09021016649740016
0.09019342962359106
0.09016391243918531
0.09012136766459289
0.09006550196434746
0.08999599782070458
0.08991240891013072
0.0898142484225198
0.08970100590105978
0.08957210676852469
0.08942692815709624
0.08926480090413072
0.08908494901297756
0.08888611627234934
0.08867450672371069
0.0884326296343737
0.08817419365390865
0.0878927359120306
0.08758682898811451
0.08725406971036209
0.0868890810316158
0.08648168244572779
0.08599500770681162
0.08503598023590325
0.08495130448540271
0.08492633417253558
0.08496793020246073
0.08503711554009628
0.08502397334054257
0.08377053571314808
0.08293814248093549
0.08227300699631399
0.08157373893023999
0.08091107865096629
0.08024049228611188
0.07906862969921943
0.07863472209071734
0.07789015681873956
0.07701718930510308
0.07617502135000395
0.07530440250571832
0.07439945694215798
0.07347403540545742
nan
nan
nan
nan
nan
nan
0.09051924375586129
0.09051670242262921
0.09050241253138874
0.09047615338276138
0.09043761538459598
0.09038640082408175
0.09032202651622312
0.09024394243453711
0.09015152492151125
0.09004412713554322
0.08992078196490799
0.08978099431587287
0.08962378134121635
0.08944826675453273
0.08925345259205575
0.08903802627362324
0.08879744500423983
0.08855951979566065
0.0882678389047744
0.08795966124998238
0.08762343078551588
0.08725588354952975
0.08684416192937375
0.08636286644043897
0.08489108025193076
0.08499435218447046
0.08488220239687419
0.08486601718918192
0.08487805111410371
0.08492012544284339
0.08504630193044871
0.08514087021375455
0.08301079298578609
0.0821789400260736
0.08140809785623901
0.0806865175921068
0.07995079537716654
0.07803660582450286
0.07798584568243211
0.07872998547181753
0.07658040062130607
0.07564700409115352
0.07469960260239245
0.07372721407781328
0.07271061471185461
0.0717091106911856
0.0703879207726188
nan
nan
nan
0.09088043173815658
0.09088021992570713
0.09086985713662646
0.09084904903195049
0.09081735981374375
0.09077423107168447
0.09071895724712742
0.09065068966256395
0.09056848820916083
0.09047131293851998
0.09035803015903474
0.09022727330051208
0.09008106956974363
0.08991076871525648
0.08972179128535349
0.08951077719628366
0.08927604091696767
0.08901418303396974
0.08872218758673346
0.08845003171359775
0.08810542481577974
0.08772988401272863
0.08733065531431372
0.08684468938576508
0.08622749225104256
0.08514453969680769
0.08487654131750486
0.08482379018072744
0.08479948379557685
0.08480298178497347
0.08483222407200058
0.0849740812253726
0.08493645913894049
nan
0.08224401353651795
0.08134436769841838
0.08047238470865713
0.07965893619223224
0.07804284166353584
0.07788885235015186
0.07755580064572568
0.07698361953737803
0.07535757663841518
0.07438290232188899
0.07295247353731507
0.07219790296216436
0.07073373434801422
0.07013082167610196
nan
nan
0.09130462018157923
0.09130816128578942
0.09130508135082566
0.09129508638711588
0.0912776521445331
0.09125198381214666
0.09121696143633518
0.09117108776329508
0.09111247195136139
0.09103885651203156
0.09094786518279033
0.09083800781613263
0.09070478055321501
0.09054804887040846
0.09036564457993934
0.09016707107077457
0.08992526778787298
0.08966120726933868
0.08936494260131259
0.0890223274248376
0.08875236187333543
0.08839374087096526
0.08795027334379109
0.08743786473478778
0.08689188780553679
0.0848318945900892
0.08492842156522479
0.0848293999462093
0.08475916665713261
0.08472216254206784
0.08471039533448327
0.08471720713370465
0.08481688840756718
nan
nan
0.08257734869367828
0.08126736635688867
0.08050903048755245
0.07943749854197446
0.07766177461765672
0.07702804182263678
0.07645648244385524
0.07647198416082175
0.07591894612132122
0.07753595860717405
0.07695196299919688
0.07220744507156446
nan
nan
nan
0.09182180933358805
0.0918342760020764
0.09185327196720701
0.09188163188655331
0.09192517980730816
0.09199859378233899
0.09219147572634473
0.09363168703052441
0.09562974963346194
0.09465388738514072
0.09966268733623551
nan
nan
nan
nan
nan
nan
0.09095252227643617
0.09049935605613807
0.09021339663507968
0.08961280513642116
0.08905792912351206
0.08877626902678834
0.08873888805487778
0.0877945663655663
0.0872000983129084
0.08560104009642992
0.08491110606088573
0.08477638588388997
0.08469153939675515
0.08463650117268634
0.08460561288861229
0.08458430702625394
0.08457768944411487
nan
0.08447409015522866
nan
nan
0.08095230472571549
0.07929205729695032
0.0745006113160562
0.07584971803121703
nan
0.07300523480993086
nan
nan
nan
nan
nan
nan
0.09324321342101721
0.09334944368990353
0.09324191665135186
0.09314724919890474
0.09349345682440158
0.09349670697218981
0.09345403786613649
0.0937711778877625
0.09334319215210785
0.09380298331513405
0.09367664515301857
0.09259533039784262
nan
nan
nan
nan
nan
nan
nan
nan
nan
nan
nan
nan
0.08876398238322764
nan
0.08658773067530956
nan
0.08494458990317283
0.08475482965700687
0.0846264218406015
0.08454196943013599
0.08448594887412778
0.0844639113004386
nan
nan
nan
nan
nan
nan
nan
nan
nan
nan
nan
nan
nan
nan
0.07626321662683677
nan
0.09387365904238529
0.09385596126059904
0.09381642331177908
0.09378650994071601
0.09383911716258052
0.09386938606677978
0.09384917096511777
0.09388593033549472
0.09387191814592108
0.09387854259304071
0.09406552194020619
0.09370013198345037
0.10006834432249609
nan
nan
nan
nan
nan
nan
nan
nan
nan
nan
nan
nan
nan
nan
nan
nan
nan
nan
nan
0.08446212299546965
0.0843566488613981
0.08428113191703968
nan
nan
nan
nan
nan
nan
nan
nan
nan
nan
nan
nan
nan
nan
nan
0.09434535308249886
0.09433110808408324
0.09426450436115615
0.09415765158910124
0.09406514804005109
0.09402389730180023
0.09399887309581659
0.0939798529349683
0.09393706573046678
0.09402322781320974
0.09399780560691459
0.09404234599192872
0.09412468417094089
0.09783534015081166
nan
nan
nan
nan
nan
nan
nan
nan
nan
nan
nan
nan
nan
nan
nan
nan
nan
nan
nan
nan
nan
nan
nan
nan
nan
nan
nan
nan
nan
nan
nan
nan
nan
nan
nan
nan
0.09463144804530157
0.09462991423758652
0.09458664609303691
0.09449866492075601
0.09435250632761583
0.09419344129741694
0.09409964057770881
0.09405698425287362
0.09402312846743888
0.09400705031347961
0.09406358690707814
0.09398860093434083
0.09419541904118432
0.09404815432058909
0.09972496030685515
0.09478451719585129
nan
nan
nan
nan
nan
nan
nan
nan
nan
nan
nan
nan
nan
nan
nan
nan
nan
nan
nan
nan
nan
nan
nan
nan
nan
nan
nan
nan
nan
nan
nan
nan
nan
nan
0.09500335398434889
0.09499651930795673
0.0949599527217272
0.0948881264708685
0.09477055177606251
0.09458823998534688
0.09430130884780127
0.09409451658349857
0.09405480006083533
0.09404067768484015
0.09403103639631158
0.09408439784183859
0.09410469999671012
0.09407853231183315
0.09550698619904346
nan
nan
nan
nan
nan
nan
nan
nan
nan
nan
nan
nan
nan
nan
nan
nan
nan
nan
nan
nan
nan
nan
nan
nan
nan
nan
nan
nan
nan
nan
nan
nan
nan
nan
nan
0.09548142909279925
0.09547387094247248
0.09544566155893214
0.09539521134122544
0.09531679419865874
0.09519944124200702
0.0950177220927089
0.09471122148372155
0.09405804506393298
0.0939233312195526
0.09401127966603681
0.09403804203459618
0.09410402083533057
0.09408315033298792
0.09402257108635778
0.09433937750491582
nan
nan
nan
nan
nan
nan
nan
nan
nan
nan
nan
nan
nan
nan
nan
nan
nan
nan
nan
nan
nan
nan
nan
nan
nan
nan
nan
nan
nan
nan
nan
nan
nan
nan
0.09608373065710593
0.09607887340005408
0.0960569693128898
0.0960170957613408
0.09595737762768733
0.0958743468398981
0.09576187441416634
0.09560765273760094
0.09538078011554135
0.0949700301243745
0.09405201247941236
0.09389305765634741
0.09399209788150878
0.09402822833592483
0.09410228283718947
0.09394727002090363
0.10832666532364682
nan
nan
nan
nan
nan
nan
nan
nan
nan
nan
nan
nan
nan
nan
nan
nan
nan
nan
nan
nan
nan
nan
nan
nan
nan
nan
nan
nan
nan
nan
nan
nan
nan
0.0967771595288323
0.09677641441679477
0.09675975665233066
0.09672670478016598
0.09667633305206193
0.0966069377177935
0.09651697109408874
0.09640228279344337
0.09625510390042066
0.0960625800815455
0.09579493830668753
0.09531234655079099
0.093917016567542
0.09383984076573684
0.09408304297538526
0.0939863759131071
0.09388105204603733
nan
nan
nan
nan
nan
nan
nan
nan
nan
nan
nan
nan
nan
nan
nan
nan
nan
nan
nan
nan
nan
nan
nan
nan
nan
nan
nan
nan
nan
nan
nan
nan
nan
0.09753317253833438
0.09753699659859064
0.09752527177111558
0.09749756553283528
0.09745326415126457
0.09739158129684816
0.09731330808350938
0.09720939478575755
0.09708664848899451
0.09693438945079985
0.09675415628413626
0.09648650946037826
0.09615552138391409
0.09575061374253352
0.09358944112318729
0.09387692440891265
0.0940181866913104
0.09446349014730585
nan
nan
nan
nan
nan
nan
nan
nan
nan
nan
nan
nan
nan
nan
nan
nan
nan
nan
nan
nan
nan
nan
nan
nan
nan
nan
nan
nan
nan
nan
nan
nan
0.09833867364070972
0.09834629848902686
0.09833903686846557
0.09831661193151228
0.09827858324266034
0.09822475055649457
0.09815431461091809
0.09806855133070007
0.09798140557319633
0.0977946488477476
0.09764996334768739
0.09745588884812625
0.09721385431378687
0.09702334848734429
0.09618526396289352
0.09607081562983125
0.09367671978996364
0.09721024795778428
nan
nan
nan
nan
nan
nan
nan
nan
nan
nan
nan
nan
nan
nan
nan
nan
nan
nan
nan
nan
nan
nan
nan
nan
nan
nan
nan
nan
nan
nan
nan
nan
0.09918560397133905
0.09920221861135296
0.09920336676468289
0.09918893359338668
0.09915878244188864
0.09911257550609755
0.09904931049473553
0.09896833030176341
0.09887151973348877
0.09879030803016867
0.09886601151799736
0.09845970299169007
0.09834832733195514
0.09811627956630771
0.09794710133201678
0.09707724439441565
0.09822808059338589
0.09675629880103853
0.10446039294752332
nan
nan
nan
nan
nan
nan
nan
nan
nan
nan
nan
nan
nan
nan
nan
nan
nan
nan
nan
nan
nan
nan
nan
nan
nan
nan
nan
nan
nan
nan
nan
0.10005471210980346
0.10004219434914513
0.10003731754398942
0.10004048699838791
0.10004204361847294
0.10003000295692827
0.1000028695558689
0.09997218643101916
0.09994784690565081
0.09992408063685648
0.0999895621935834
0.09949932656391491
0.09936490749367144
0.09855540159424686
0.09877435487008078
0.09921004061447485
0.09833696048505622
0.10600419189856185
0.09955199919804339
nan
nan
nan
nan
nan
nan
nan
nan
nan
nan
nan
nan
nan
nan
nan
nan
nan
nan
nan
nan
nan
nan
nan
nan
nan
nan
nan
nan
nan
nan
nan
0.10094978107829386
0.10097110375033913
0.10098114014370607
0.10097418709038983
0.10093454626837772
0.10090686452060002
0.10093360889262118
0.10084271711582055
0.10070615126254184
0.1005850870168763
0.10031114399393529
0.09998746169959002
0.0999997188059801
0.09999998905235816
0.10000169741759482
0.09905011881708492
0.1001365982238655
0.10135737214214716
0.0999894494133457
nan
nan
nan
nan
nan
nan
nan
nan
nan
nan
nan
nan
nan
nan
nan
nan
nan
nan
nan
nan
nan
nan
nan
nan
nan
nan
nan
nan
nan
nan
nan
0.1018198857357637
0.10188877985699067
0.10194938496970662
0.10202450647954578
0.10204146513112468
0.10204103820935763
0.10209111239646751
0.10212636181586014
0.10213468490701252
0.10213130715381655
0.10212619985278813
0.10208533359053637
0.10198813567595888
0.10090046807310334
0.10298777349832472
0.09898667357285065
0.10131278543352945
0.10263504741981025
nan
0.10604048064455715
nan
nan
nan
nan
nan
nan
nan
nan
nan
nan
nan
nan
nan
nan
nan
nan
nan
nan
nan
nan
nan
nan
nan
nan
nan
nan
nan
nan
nan
nan
0.10292112336768268
0.10291788727840326
0.10290143842906067
0.10286820054990856
0.1028121780113885
0.10271954876812271
0.1024841507949705
0.10219408677645875
0.10209832107770817
0.10209621773485543
0.10208295600711442
0.10206924937744631
0.1020548355461153
0.10204414077177505
0.102071571787025
0.10203036743816353
0.10197237656727268
0.1046099909405675
0.10542191564994464
0.09844183143848592
nan
nan
nan
nan
nan
nan
nan
nan
nan
nan
nan
nan
nan
nan
nan
nan
nan
nan
nan
nan
nan
nan
nan
nan
nan
nan
nan
nan
nan
nan
0.10390762043567763
0.10393480201930212
0.10394163589821953
0.10392808603777369
0.10390374891673138
0.10389878192815612
0.10391158221573163
0.1037170379403323
0.10361333306001935
0.10347331087171167
0.10321997429132479
0.10257673518837578
0.10207620721344943
0.10203336588976808
0.10203505793687442
0.10197657585998517
0.10194510318962062
0.10668619024851103
0.10303749356380426
nan
nan
nan
nan
nan
nan
nan
nan
nan
nan
nan
nan
nan
nan
nan
nan
nan
nan
nan
nan
nan
nan
nan
nan
nan
nan
nan
nan
nan
nan
nan
0.10493308542107765
0.10497051007621583
0.10499673239996998
0.10500905620890652
0.1050048223506374
0.1049820327055822
0.10494132818150709
0.10487774032725547
0.10477219248061685
0.10468837157308816
0.10461601561915598
0.10434776056121765
0.10368163028067867
0.10340066950258324
0.10035966835917508
0.1061496237060918
0.10019442077082888
nan
0.10470928776613442
nan
nan
nan
nan
nan
nan
nan
nan
nan
nan
nan
nan
nan
nan
nan
nan
nan
nan
nan
nan
nan
nan
nan
nan
nan
nan
nan
nan
nan
nan
nan
0.10586688018435048
0.10593113482256977
0.10601554022375859
0.10613304399054016
0.10627789932203249
0.10642063053993105
0.10633143311007873
0.10616046645166011
0.10624612065527814
0.10635946236511207
0.10641199218274697
0.1063159932169055
0.10619777181995602
0.106204171504165
0.1060001925467044
0.10616638329949908
0.10000233122990237
0.10612749236871807
0.1047039331010127
nan
nan
nan
nan
nan
nan
nan
nan
nan
nan
nan
nan
nan
nan
nan
nan
nan
nan
nan
nan
nan
nan
nan
nan
nan
nan
nan
nan
nan
nan
nan
0.10729257429260045
0.10729357432620558
0.1072213163765909
0.10637217807709318
0.10676970239632694
0.10644018782773072
0.1063179135350418
0.10624395679081418
0.1061811392179565
0.10619351044251044
0.10613853307533434
0.10600362741454086
0.10202585352507171
0.1060245237139841
0.10547483671207503
nan
nan
nan
nan
nan
nan
nan
nan
nan
nan
nan
nan
nan
nan
nan
nan
nan
nan
nan
nan
nan
nan
nan
nan
nan
nan
nan
nan
nan
nan
nan
nan
nan
nan
nan
0.10840294616952052
0.10842041735251279
0.10841208393891942
0.10837916185873953
0.10832284114031218
0.10823988382182406
0.10812972226990591
0.10800474352685627
0.10766989350673065
0.1034011349804825
0.10207850398533036
0.1054139073933206
0.10183948698949055
0.1047149585758469
0.10544199019082132
nan
nan
nan
nan
nan
nan
nan
nan
nan
nan
nan
nan
nan
nan
nan
nan
nan
nan
nan
nan
nan
nan
nan
nan
nan
nan
nan
nan
nan
nan
nan
nan
nan
nan
nan
0.1094658068111576
0.10944164536680491
0.1094415214854849
0.10945073094406474
0.10946069990032443
0.10948040220610254
0.10954666957889178
0.10929046683983197
0.10920098137993073
0.10892130317700788
0.10896215196648376
0.10898028099767373
nan
nan
0.09443432702382351
nan
nan
nan
nan
nan
nan
nan
nan
nan
nan
nan
nan
nan
nan
nan
nan
nan
nan
nan
nan
nan
nan
nan
nan
nan
nan
nan
nan
nan
nan
nan
nan
nan
nan
nan
0.11112545905091206
0.1111294812065123
0.11113848833145419
0.11114892638767772
0.11115454448011475
0.1111541696156368
0.11115239029220514
0.11112512279398144
0.11110540733134483
0.11110782611577308
nan
nan
nan
nan
nan
nan
nan
nan
nan
nan
nan
nan
nan
nan
nan
nan
nan
nan
nan
nan
nan
nan
nan
nan
nan
nan
nan
nan
nan
nan
nan
nan
nan
nan
nan
nan
nan
nan
nan
nan
0.11211399568085006
0.11217575421303247
0.11227221336890819
0.11231321116748091
0.11231671155012701
0.11222910207228978
0.11218089787821232
0.11221795036063154
0.1119106055366571
0.1114111733932722
nan
nan
nan
nan
nan
nan
nan
nan
nan
nan
nan
nan
nan
nan
nan
nan
nan
nan
nan
nan
nan
nan
nan
nan
nan
nan
nan
nan
nan
nan
nan
nan
nan
nan
nan
nan
nan
nan
nan
nan
0.11391369716738237
0.11391579876466487
0.11388331262318355
0.11417970498988736
0.11436489106458587
0.11373697065839827
nan
nan
nan
nan
nan
nan
nan
nan
nan
nan
nan
nan
nan
nan
nan
nan
nan
nan
nan
nan
nan
nan
nan
nan
nan
nan
nan
nan
nan
nan
nan
nan
nan
nan
nan
nan
nan
nan
nan
nan
nan
nan
nan
nan
nan
nan
nan
0.11584351467067072
nan
nan
0.11529345460016835
nan
nan
nan
nan
nan
nan
nan
nan
nan
nan
nan
nan
nan
nan
nan
nan
nan
nan
nan
nan
nan
nan
nan
nan
nan
nan
nan
nan
nan
nan
nan
nan
nan
nan
nan
nan
nan
nan
nan
nan
nan
nan
nan
nan
nan
nan
nan
0.11696436564796694
nan
nan
nan
nan
nan
nan
nan
nan
nan
nan
nan
nan
nan
nan
nan
nan
nan
nan
nan
nan
nan
nan
nan
nan
nan
nan
nan
nan
nan
nan
nan
nan
nan
nan
nan
nan
nan
nan
nan
nan
nan
nan
nan
nan
nan
0.11702651790012568
0.11699761129785115
nan
nan
0.11692882412549963
0.11699003267534537
nan
nan
nan
nan
nan
nan
nan
nan
nan
nan
nan
nan
nan
nan
nan
nan
nan
nan
nan
nan
nan
nan
nan
nan
nan
nan
nan
nan
nan
nan
nan
nan
nan
nan
nan
nan
nan
nan
nan
nan
nan
nan
nan
nan
nan
nan
nan
0.11699260768129686
nan
nan
nan
nan
nan
nan
nan
nan
nan
nan
nan
nan
nan
nan
nan
nan
nan
nan
nan
nan
nan
nan
nan
nan
nan
nan
nan
nan
nan
nan
nan
nan
nan
nan
nan
nan
nan
nan
nan
nan
nan
nan
nan
nan
nan
nan
nan
nan
nan
0.11690629932916828
nan
nan
nan
nan
nan
nan
nan
nan
nan
nan
nan
nan
nan
nan
nan
nan
nan
nan
nan
nan
nan
nan
nan
nan
nan
nan
nan
nan
nan
nan
nan
nan
nan
nan
nan
nan
nan
nan
nan
nan
nan
nan
nan
nan
nan
nan
nan
nan
nan
nan
nan
nan
nan
nan
nan
nan
nan
nan
nan
nan
nan
nan
nan
nan
nan
nan
nan
nan
nan
nan
nan
nan
nan
nan
nan
nan
nan
nan
nan
nan
nan
nan
nan
nan
nan
nan
nan
nan
nan
nan
nan
nan
nan
nan
nan
nan
nan
nan
nan
nan
nan
nan
nan
nan
nan
nan
nan
nan
nan
nan
nan
nan
nan
nan
nan
nan
nan
nan
nan
nan
nan
nan
nan
nan
nan
nan
nan
nan
nan
nan
nan
nan
nan
nan
nan
nan
nan
nan
nan
nan
nan
nan
nan
nan
nan
nan
nan
nan
nan
nan
nan
nan
nan
nan
nan
nan
nan
nan
nan
nan
nan
nan
nan
nan
nan
nan
nan
nan
nan
nan
nan
nan
nan
nan
nan
nan
nan
nan
nan
nan
nan
nan
nan
nan
nan
nan
nan
nan
nan
nan
nan
nan
nan
nan
nan
nan
nan
nan
nan
nan
nan
nan
nan
nan
nan
nan
nan
nan
nan
nan
nan
nan
nan
nan
nan
nan
nan
nan
nan
nan
nan
nan
nan
nan
nan
nan
nan
nan
nan
nan
nan
nan
nan
nan
nan
nan
nan
nan
nan
nan
nan
nan
nan
nan
nan
nan
nan
nan
nan
nan
nan
nan
nan
nan
nan
nan
nan
nan
nan
nan
nan
nan
nan
nan
nan
nan
nan
nan
nan
nan
nan
nan
nan
nan
nan
nan
nan
nan
nan
nan
nan
nan
nan
nan
nan
nan
nan
nan
nan
nan
nan
nan
nan
nan
nan
nan
nan
nan
nan
nan
nan
nan
nan
nan
nan
nan
nan
nan
nan
nan
nan
nan
nan
nan
nan
nan
nan
nan
nan
nan
nan
nan
nan
nan
nan
nan
nan
nan
nan
nan
nan
nan
nan
nan
nan
nan
nan
nan
nan
nan
nan
nan
nan
nan
nan
nan
nan
nan
nan
nan
nan
nan
nan
nan
nan
nan
nan
nan
nan
nan
nan
nan
nan
nan
nan
nan
nan
nan
nan
nan
nan
nan
nan
nan
nan
nan
nan
nan
nan
nan
nan
nan
nan
nan
nan
nan
nan
nan
nan
nan
nan
nan
nan
nan
nan
nan
nan
nan
nan
nan
nan
nan
nan
nan
nan
nan
nan
nan
nan
nan
nan
nan
nan
nan
nan
nan
nan
nan
nan
nan
nan
nan
nan
nan
nan
nan
nan
nan
nan
nan
nan
nan
nan
nan
nan
nan
nan
nan
nan
nan
nan
nan
nan
nan
nan
nan
nan
nan
nan
nan
nan
nan
nan
nan
nan
nan
nan
nan
nan
nan
nan
nan
nan
nan
nan
nan
nan
nan
nan
nan
nan
nan
nan
nan
nan
nan
nan
nan
nan
nan
nan
nan
nan
nan
nan
nan
nan
nan
nan
nan
nan
nan
nan
nan
nan
nan
nan
nan
nan
nan
nan
nan
nan
nan
nan
nan
nan
nan
nan
nan
nan
nan
nan
nan
nan
nan
nan
nan
nan
nan
nan
nan
nan
nan
nan
nan
nan
nan
nan
nan
nan
nan
nan
nan
nan
nan
nan
nan
nan
nan
nan
nan
nan
nan
nan
nan
nan
nan
nan
nan
nan
nan
nan
nan
nan
nan
nan
nan
nan
nan
nan
nan
nan
nan
nan
nan
nan
nan
nan
nan
nan
nan
nan
nan
nan
nan
nan
nan
nan
nan
nan
nan
nan
nan
nan
nan
nan
nan
nan
nan
nan
nan
nan
nan
nan
nan
