nan
nan
nan
nan
nan
nan
nan
nan
nan
nan
0.09085831020049648
0.09065173045573754
0.08987389996687435
0.08828516820899282
0.08708883095186891
0.08314071515250483
0.07806411009307626
0.07026710888954835
nan
nan
0.09480540839570832
0.09479872618487464
0.09430239590050467
0.09301006043972529
0.08939516240245513
0.08757175969196898
0.08849372087378923
0.07997156472023079
nan
nan
0.1012839935499672
0.10166819706557162
0.1018151586255952
0.10155920185974132
0.10006037484013239
0.09728162194512346
nan
nan
nan
nan
0.11129173493184935
0.11224292724465942
0.11440425658982939
nan
nan
nan
nan
nan
nan
nan
nan
nan
nan
nan
nan
nan
nan
nan
nan
nan
nan
nan
nan
nan
nan
nan
nan
nan
nan
nan
nan
nan
nan
nan
nan
nan
nan
nan
nan
nan
nan
nan
nan
nan
nan
nan
nan
nan
nan
nan
nan
nan
nan
nan
nan
nan
nan
nan
nan
nan
