nan
0.7212379948057607
0.7212498948555057
0.7212697369485472
0.72129753105858
0.7213332886372754
0.7213770214825511
0.7214287404385519
0.721488453933653
0.7215561663320191
0.7216318761048954
0.7217155738022398
0.721807239824571
0.7219068419838979
0.7220143328452439
0.7221296468537973
0.7222526972425644
0.7223833727575787
0.7225215342577866
0.7226670113840574
0.7228195998225966
0.7229790613777862
0.7231451476626816
0.7233170644711342
0.7234338997920083
0.7236765228406956
0.7238648401046202
0.7240573132993369
0.7242529862599657
0.7244512066519083
0.7246510978143884
0.7248516523179384
0.7250517487115385
0.7252501796436737
0.7254448898256787
0.7256067210441766
0.7257975821223301
0.7259821710984465
0.7261444492347895
0.7262909902880638
0.7264226402252869
0.7265231254897375
0.7265999608099978
0.7266425408323074
0.7266440432058209
0.726599534930356
0.726505674014562
0.726356715598188
0.7261531519674099
0.7258480834599562
nan
0.7212250353868646
0.721236886286977
0.7212566749661551
0.7212844155256805
0.7213201237456304
0.7213638159919499
0.7214155079568049
0.7214752132645667
0.7215429418994196
0.7216186983183133
0.7217024775639395
0.7217942735711351
0.7218940562220958
0.7220017891644882
0.7221174174493736
0.7222408670697664
0.7223720427165194
0.7225108266472168
0.7226570800010642
0.7228106497682725
0.7229713993818966
0.7231398993424617
0.7233087739868235
0.7234767547300559
0.7234836519162886
0.7238535715626433
0.7240501835887364
0.7242484945802352
0.7244489290618158
0.7246508309552985
0.7248531806736884
0.7250546023493858
0.7252530766777023
0.7254459669348056
0.7256273245689426
0.7258395187991202
0.7260117828433639
0.7261737975927115
0.726321009568806
0.7264512810907932
0.7265550116599094
0.7266311565015197
0.7266720038024289
0.7266704954572969
0.7266226192822851
0.726523747259531
0.7263756544902471
0.7261699280373387
0.7258476742040252
nan
0.7211865173859726
0.7211981928252398
0.7212177727866502
0.7212452777683174
0.7212807304024415
0.7213241544877135
0.7213755739114494
0.7214350112703785
0.7215024866977345
0.7215780131955739
0.7216616150300521
0.7217532755618319
0.721852980136401
0.7219607428119041
0.7220765193786309
0.7222002734135406
0.7223319607342197
0.7224715397996297
0.7226189973177204
0.7227744152522791
0.722938124307583
0.7231116604081862
0.7233251852755014
0.7232819070293492
0.7234152753626875
0.7237378538065944
0.7239836883404345
0.7241914709772563
0.7243969952588785
0.7246023753060602
0.7248076815221455
0.7250110833622518
0.7252105857579174
0.7253996393617379
0.7256428622296796
0.7258205770475565
0.725993614212604
0.7261551608474408
0.7263023914091469
0.7264316012014309
0.7265361453970021
0.7266104148699388
0.7266479124937357
0.7266428835341666
0.7265911309202001
0.7264862046587242
0.7263317514694125
0.7261186674035116
0.7258032698672222
nan
0.7211232295510864
0.7211345821627763
0.7211537699849321
0.7211808225215759
0.7212157720819588
0.721258653418695
0.7213095023033483
0.7213683544052242
0.7214352444417702
0.7215102074410605
0.7215932462658956
0.7216845933757501
0.7217837521105113
0.7218912395909424
0.7220068847849892
0.7221307205044015
0.7222627714381753
0.7224031009628372
0.7225518989552709
0.7227095616830055
0.7228771651881873
0.7230589805915726
0.723232074317961
0.7233430069763546
0.7232685872177452
0.7232614017339545
0.7237909968863638
0.724069196491868
0.7242894355536906
0.7245023540640292
0.7247143769697741
0.7249200928361432
0.7251223989506167
0.7253159958431965
0.7255380621030687
0.725735126534165
0.7259286568559852
0.7260886688941536
0.7262351309305988
0.7263624791152821
0.7264665885612165
0.726537814382975
0.7265719541279196
0.7265612865296895
0.7265032970905532
0.7263932053879634
0.7262291123623701
0.7260789892488118
0.7256790695612929
nan
0.7210363637297917
0.721047215697048
0.7210657870985424
0.7210921181102161
0.7211262540221599
0.7211682448787009
0.7212181430781798
0.7212760018148978
0.7213418765726868
0.7214158219293785
0.7214978902808749
0.7215881987801003
0.7216866857635073
0.7217934810950446
0.7219083757071754
0.7220318767023253
0.7221639159540998
0.7223046763738981
0.722454491504602
0.7226141449418614
0.7227854049964517
0.7229732890029559
0.7232008959835924
0.7233032858527983
0.7233324328800994
0.7233441050269304
0.7234169320200858
0.7232559653033861
0.7241003876160197
0.7243402590190681
0.7245596738435006
0.7247785905818911
0.7249865639769346
0.725185011133566
0.7253729955830288
0.7254826934612806
0.7258170845193613
0.7259735270646924
0.7261182321758318
0.7262438427153901
0.7263405430799159
0.7264133171741068
0.7264438610973992
0.7264276943175991
0.7263580665969747
0.7262466830659433
0.7261442895108179
0.7258095591718267
0.7254909846957838
nan
0.7209277104380636
0.7209378465441573
0.7209554893553898
0.7209807741480689
0.7210136823094796
0.7210543103653823
0.7211027348741913
0.7211590400992043
0.721223306206077
0.7212956194463082
0.7213760681424747
0.7214647468868294
0.7215617921168196
0.7216677751909427
0.7217743296427145
0.7219029477454262
0.72203452034445
0.7221750587824838
0.7223252392395447
0.7224858255468003
0.7226593223740816
0.7228512283386139
0.7230850826899535
0.7233602406823083
0.7232809439996398
0.7232827432632882
0.7233113271103183
0.7233574038711221
0.7233400481716793
0.7240516598155783
0.7243357112281681
0.724567843901038
0.724793426601426
0.725001166974893
0.7251991500548247
0.725373670507942
0.725679832430346
0.7257936403828988
0.7259491199354182
0.7260727767221777
0.7261704414669559
0.7262348222949777
0.7262601106024684
0.7262409871889457
0.7262219400516823
0.7260466100003351
0.7258813441285259
0.7255816498575547
nan
nan
0.7208001298367107
0.7208092787694009
0.7208256524551039
0.7208493324051256
0.7208804032933094
0.7209189709891408
0.7209651524831324
0.7210190312140438
0.7210808104014327
0.7211505710981914
0.7212284480202426
0.7213145965734673
0.7214091719453635
0.7215123684626163
0.721624296040069
0.7217506610627168
0.7218697166431087
0.7220120809130017
0.7221617255739149
0.7223224531752787
0.7224953335650881
0.7226883633672935
0.7229163166909812
0.723254963669187
0.7233219738406286
0.7232515267026914
0.7232419058733877
0.7232517945307863
0.7232811161956255
0.7233245977067873
0.7234114061296819
0.7242734302884153
0.7245011028961428
0.7247539173862731
0.7249645004265892
0.7251677795773219
0.725373790276049
0.7254590250547478
0.7256418727293485
0.7258408732860187
0.7259410567883013
0.7260051182653506
0.7260315139829191
0.7259912626951509
0.7259583081985039
0.7256530823970254
0.7256217388938064
nan
nan
nan
0.7206589247484918
0.7206667020453112
0.7206812057720142
0.7207025080142706
0.7207307474833125
0.7207660649903379
0.7208086496141216
0.7208586891809347
0.7209163905071689
0.7209819909415752
0.7210555325880107
0.7211376724580811
0.72122813820968
0.721327584358338
0.7214361712069224
0.7215544029512704
0.721685267961917
0.7218189885346444
0.7219536062069999
0.72211791215132
0.7222911075839831
0.7224757138979772
0.7226986096978751
0.7230011582472862
0.72337814794715
0.7232604496202912
0.7232157592006676
0.7231989539793711
0.723199510041179
0.7232185847829372
nan
nan
nan
0.7243852483186742
0.7246492081931963
0.7248830304077168
0.7250994059474277
0.7255231821921402
0.7253411283504182
0.7253374630267133
0.7255740179528594
0.7257618572574209
0.7255066297370446
0.7256157389015132
0.7254879440096142
0.7256885135774682
nan
nan
nan
nan
0.7205160281730125
0.7205220613978696
0.7205337604833011
0.720551300170877
0.7205748344152308
0.7206045571868894
0.720640698537304
0.7206835414701599
0.7207334853830915
0.7207912405124832
0.7208566004496555
0.7209309709495627
0.7210144440408863
0.7211077396855845
0.7212073164454458
0.7213226123659031
0.7214467622421197
0.7215831133772055
0.7217498386143156
0.7218678665092858
0.7220228907924453
0.7222167387194335
0.7224237118652179
0.7226718831797188
0.7232101112883639
0.7233057270897831
0.7232189502175281
0.7231732685181673
0.7231480958644457
0.7231418694585048
0.7231474715185678
nan
nan
nan
nan
0.7243799614138691
0.7246554247097865
0.7249176697684356
0.7252751845477772
0.7252988013121047
0.7252087119710504
0.7251896223362616
0.7251215490730244
0.725346424925275
nan
nan
nan
nan
nan
0.7204132554685642
0.7204157518228684
0.7204223188335022
0.720432963676804
0.7204474616693544
0.7204708056662574
0.7205134850986655
0.7189038173207608
0.7168565914935106
0.7122128038638778
0.7112358986054277
nan
nan
nan
nan
nan
nan
0.721103541399867
0.7212572665507025
0.7214009378227086
0.7215918822400164
0.7218314196924854
0.7218854463314539
0.7218709205814505
0.7223309484410231
0.7225478621619607
0.7234006260894628
0.7232763680980114
0.7231845833559454
0.7231279152827333
0.7230910569450328
0.7230705783858916
0.7230561443290622
nan
nan
nan
nan
nan
0.7242781029855749
0.7246802612742181
0.7251340539328788
0.7250628365916948
nan
nan
nan
nan
nan
nan
nan
nan
0.718526091368239
0.7185040826476096
0.7188671950681133
0.7189915222305512
0.718558760896977
0.718750647121652
0.7196062834315295
0.7192737620965386
0.7189928949631648
0.7186689481048409
0.7191835336237843
0.7123175492551426
nan
nan
nan
nan
nan
nan
nan
nan
nan
nan
nan
nan
0.7219095521605924
nan
nan
nan
0.723259139784464
0.7232726976189847
0.7230848546723581
0.7230276255824798
0.7229913726438807
0.7229781885820514
nan
nan
nan
nan
nan
nan
nan
nan
nan
nan
nan
nan
nan
nan
nan
nan
0.7178887927200905
0.7179011933329909
0.7179893909369729
0.7181281591816226
0.7183983138805583
0.7185038751075894
0.71848940962485
0.7183800347195494
0.718047618016632
0.7183977579591524
0.7184191911284941
0.7166617600208681
0.7113909116889598
nan
nan
nan
nan
nan
nan
nan
nan
nan
nan
nan
nan
nan
nan
nan
nan
nan
nan
nan
0.7229797422180421
0.7229043148127987
0.7228525155835326
nan
nan
nan
nan
nan
nan
nan
nan
nan
nan
nan
nan
nan
nan
nan
0.717093927984356
0.7171084557393873
0.7172698059087119
0.7175266999199916
0.7177849435652532
0.7179843607753288
0.7180425062589615
0.7179741512147193
0.7181324483989425
0.7179665225217372
0.7180528500853727
0.7180019145512236
0.7185642696115013
nan
nan
nan
nan
nan
nan
nan
nan
nan
nan
nan
nan
nan
nan
nan
nan
nan
nan
nan
nan
nan
nan
nan
nan
nan
nan
nan
nan
nan
nan
nan
nan
nan
nan
nan
nan
nan
0.7161056900188025
0.716127678612021
0.7162579822397466
0.7165307234668469
0.7169513828650882
0.7174047824628945
0.7177087884674637
0.717801363571988
0.7179443539269992
0.7179674285801327
0.7179060219764631
0.7179977939122871
0.7172248939428445
0.7137880246648859
nan
nan
nan
nan
nan
nan
nan
nan
nan
nan
nan
nan
nan
nan
nan
nan
nan
nan
nan
nan
nan
nan
nan
nan
nan
nan
nan
nan
nan
nan
nan
nan
nan
nan
nan
nan
0.7149942307522297
0.7150127875932555
0.7151176856693022
0.7153270673738514
0.7156975340014011
0.7162455447225888
0.7170199408018696
0.7176591792151326
0.7177839853035615
0.7178706835705617
0.7179925124575132
0.7177542229671144
0.7178196868142195
0.7172684645868043
0.7174489575309824
nan
nan
nan
nan
nan
nan
nan
nan
nan
nan
nan
nan
nan
nan
nan
nan
nan
nan
nan
nan
nan
nan
nan
nan
nan
nan
nan
nan
nan
nan
nan
nan
nan
nan
nan
0.7135556157112315
0.7135782287165026
0.7136622085298205
0.7138137181286038
0.714049959827326
0.7144047697765268
0.7149401313487309
0.7158697099333388
0.7175389901677485
0.7181068086680855
0.7180440594065298
0.7178607621810826
0.7179009333215848
0.7177614464530391
0.7171902990039047
nan
nan
nan
nan
nan
nan
nan
nan
nan
nan
nan
nan
nan
nan
nan
nan
nan
nan
nan
nan
nan
nan
nan
nan
nan
nan
nan
nan
nan
nan
nan
nan
nan
nan
nan
nan
nan
nan
nan
nan
0.7180320646385472
0.7181037051845884
0.718203879624477
0.7183755224080529
0.7187486563398969
0.718749439714927
0.7183228085549449
0.7179616000205771
0.7179699100381501
0.7171149595087112
0.7141578750030744
nan
nan
nan
nan
nan
nan
nan
nan
nan
nan
nan
nan
nan
nan
nan
nan
nan
nan
nan
nan
nan
nan
nan
nan
nan
nan
nan
nan
nan
nan
nan
nan
nan
nan
nan
nan
nan
nan
nan
0.717614109374668
0.7176518634919358
0.7177033409159708
0.7177757823689861
0.7178803898777021
0.7180468640816675
0.7184496130658412
0.7193117682580787
0.718405366807134
0.7177386332578494
0.7188626139809692
0.7180386093844937
nan
nan
nan
nan
nan
nan
nan
nan
nan
nan
nan
nan
nan
nan
nan
nan
nan
nan
nan
nan
nan
nan
nan
nan
nan
nan
nan
nan
nan
nan
nan
nan
nan
nan
nan
nan
nan
nan
nan
0.717238463728975
0.7172703712917106
0.7173119736339049
0.7173677060186932
0.7174362998314218
0.7175551921135758
0.7178635544454278
0.7182409472127327
0.7182573845008141
0.718194086516567
0.7186903017786761
0.7203016897258908
nan
nan
nan
nan
nan
nan
nan
nan
nan
nan
nan
nan
nan
nan
nan
nan
nan
nan
nan
nan
nan
nan
nan
nan
nan
nan
nan
nan
nan
nan
nan
nan
nan
nan
nan
nan
nan
nan
0.7168209310729493
0.7168395530650595
0.7168687887417963
0.716924065056764
0.7169531607901557
0.7170234176063025
0.7171177507450135
0.7171996889404298
0.7180692680768574
0.7179738639058272
0.7160187795401977
0.7112580718723078
nan
nan
nan
nan
nan
nan
nan
nan
nan
nan
nan
nan
nan
nan
nan
nan
nan
nan
nan
nan
nan
nan
nan
nan
nan
nan
nan
nan
nan
nan
nan
nan
nan
nan
nan
nan
nan
nan
nan
0.7164034620033571
0.7164491362444062
0.7163849721899422
0.716386907581642
0.7164821079847645
0.7165360053263435
0.7165499821740575
0.7164216658062124
0.717125636524529
0.7117329996273927
0.7186108951649846
0.710941399069064
nan
nan
nan
nan
nan
nan
nan
nan
nan
nan
nan
nan
nan
nan
nan
nan
nan
nan
nan
nan
nan
nan
nan
nan
nan
nan
nan
nan
nan
nan
nan
nan
nan
nan
nan
nan
nan
nan
0.7158783536440013
0.7158697429494317
0.7158464441526857
0.7157057447588663
0.7159639095099002
0.7159882806037206
0.7161927625675576
0.7160551881629051
0.7136179952706257
0.7158540407114987
0.7116472400820779
0.7173235251290072
nan
nan
nan
nan
nan
nan
nan
nan
nan
nan
nan
nan
nan
nan
nan
nan
nan
nan
nan
nan
nan
nan
nan
nan
nan
nan
nan
nan
nan
nan
nan
nan
nan
nan
nan
nan
nan
nan
nan
0.7155487876703088
0.715560332447435
0.7156468113254272
0.715666687255347
0.7155629853777075
0.7154437828136374
0.7153253712632477
0.7146715242102445
0.7148872390066635
0.7130564616409938
0.7157394100207388
nan
nan
nan
nan
nan
nan
nan
nan
nan
nan
nan
nan
nan
nan
nan
nan
nan
nan
nan
nan
nan
nan
nan
nan
nan
nan
nan
nan
nan
nan
nan
nan
nan
nan
nan
nan
nan
nan
nan
nan
0.7147817815538873
0.714792343170709
0.7147546393197015
0.7151908002933516
0.7151858199543102
0.714325373099894
0.7161078826269295
0.7132854920409955
0.7134032852205722
nan
0.7170072106864606
nan
nan
nan
nan
nan
nan
nan
nan
nan
nan
nan
nan
nan
nan
nan
nan
nan
nan
nan
nan
nan
nan
nan
nan
nan
nan
nan
nan
nan
nan
nan
nan
nan
nan
nan
nan
nan
nan
0.7147591195737574
0.7146700880158113
0.7145806847274476
0.7144894868912284
0.7143904471350564
0.7142912379513737
0.7139566663410923
0.7154373094502687
0.7143467586633082
nan
nan
0.7165684271581747
nan
nan
nan
nan
nan
nan
nan
nan
nan
nan
nan
nan
nan
nan
nan
nan
nan
nan
nan
nan
nan
nan
nan
nan
nan
nan
nan
nan
nan
nan
nan
nan
nan
nan
nan
nan
nan
nan
nan
0.7141989733156691
0.7142868323745148
0.7145509333951532
0.7144750023180821
0.7143087665970611
0.7147682183322848
0.7138474691176134
0.7136190719390118
0.7114843342046016
nan
nan
nan
nan
nan
nan
nan
nan
nan
nan
nan
nan
nan
nan
nan
nan
nan
nan
nan
nan
nan
nan
nan
nan
nan
nan
nan
nan
nan
nan
nan
nan
nan
nan
nan
nan
nan
nan
nan
nan
nan
nan
0.7135988535366488
0.7136580581242148
0.7137317668256464
0.7133752792050173
0.7158384006865991
0.7128596966924153
0.7158365002716763
nan
nan
nan
nan
nan
nan
nan
nan
nan
nan
nan
nan
nan
nan
nan
nan
nan
nan
nan
nan
nan
nan
nan
nan
nan
nan
nan
nan
nan
nan
nan
nan
nan
nan
nan
nan
nan
nan
nan
nan
nan
nan
nan
nan
nan
0.7122477105039489
0.7122111998891649
0.7120418756130874
0.7161101370760871
0.7171445252464848
0.7117256702647979
nan
nan
nan
nan
nan
nan
nan
nan
nan
nan
nan
nan
nan
nan
nan
nan
nan
nan
nan
nan
nan
nan
nan
nan
nan
nan
nan
nan
nan
nan
nan
nan
nan
nan
nan
nan
nan
nan
nan
nan
nan
nan
0.7123348519435821
0.7119761294271899
0.7141117921932513
0.7157955393752361
0.71393618593636
nan
nan
nan
nan
nan
nan
nan
nan
nan
nan
nan
nan
nan
nan
nan
nan
nan
nan
nan
nan
nan
nan
nan
nan
nan
nan
nan
nan
nan
nan
nan
nan
nan
nan
nan
nan
nan
nan
nan
nan
nan
nan
nan
nan
0.7158362672897439
0.7132835474889714
nan
0.7165448642213169
nan
nan
nan
nan
nan
nan
nan
nan
nan
nan
nan
nan
nan
nan
nan
nan
nan
nan
nan
nan
nan
nan
nan
nan
nan
nan
nan
nan
nan
nan
nan
nan
nan
nan
nan
nan
nan
nan
nan
nan
nan
nan
nan
nan
nan
nan
nan
nan
nan
nan
nan
0.7188167162526489
nan
nan
nan
nan
nan
nan
nan
nan
nan
nan
nan
nan
nan
nan
nan
nan
nan
nan
nan
nan
nan
nan
nan
nan
nan
nan
nan
nan
nan
nan
nan
nan
nan
nan
nan
nan
nan
nan
nan
nan
nan
nan
nan
nan
nan
nan
nan
nan
nan
nan
nan
nan
nan
nan
nan
nan
nan
nan
nan
nan
nan
nan
nan
nan
nan
nan
nan
nan
nan
nan
nan
nan
nan
nan
nan
nan
nan
nan
nan
nan
nan
nan
nan
nan
nan
nan
nan
nan
nan
nan
nan
nan
nan
nan
nan
nan
nan
nan
nan
nan
nan
nan
nan
nan
nan
nan
nan
nan
nan
nan
nan
nan
nan
nan
nan
nan
nan
nan
nan
nan
nan
nan
nan
nan
nan
nan
nan
nan
nan
nan
nan
nan
nan
nan
nan
nan
nan
nan
nan
nan
nan
nan
nan
nan
nan
nan
nan
nan
nan
nan
nan
nan
nan
nan
nan
nan
nan
nan
nan
nan
nan
nan
nan
nan
nan
nan
nan
nan
nan
nan
nan
nan
nan
nan
nan
nan
nan
nan
nan
nan
nan
nan
nan
nan
nan
nan
nan
nan
nan
nan
nan
nan
nan
nan
nan
nan
nan
nan
nan
nan
nan
nan
nan
nan
nan
nan
nan
nan
nan
nan
nan
nan
nan
nan
nan
nan
nan
nan
nan
nan
nan
nan
nan
nan
nan
nan
nan
nan
nan
nan
nan
nan
nan
nan
nan
nan
nan
nan
nan
nan
nan
nan
nan
nan
nan
nan
nan
nan
nan
nan
nan
nan
nan
nan
nan
nan
nan
nan
nan
nan
nan
nan
nan
nan
nan
nan
nan
nan
nan
nan
nan
nan
nan
nan
nan
nan
nan
nan
nan
nan
nan
nan
nan
nan
nan
nan
nan
nan
nan
nan
nan
nan
nan
nan
nan
nan
nan
nan
nan
nan
nan
nan
nan
nan
nan
nan
nan
nan
nan
nan
nan
nan
nan
nan
nan
nan
nan
nan
nan
nan
nan
nan
nan
nan
nan
nan
nan
nan
nan
nan
nan
nan
nan
nan
nan
nan
nan
nan
nan
nan
nan
nan
nan
nan
nan
nan
nan
nan
nan
nan
nan
nan
nan
nan
nan
nan
nan
nan
nan
nan
nan
nan
nan
nan
nan
nan
nan
nan
nan
nan
nan
nan
nan
nan
nan
nan
nan
nan
nan
nan
nan
nan
nan
nan
nan
nan
nan
nan
nan
nan
nan
nan
nan
nan
nan
nan
nan
nan
nan
nan
nan
nan
nan
nan
nan
nan
nan
nan
nan
nan
nan
nan
nan
nan
nan
nan
nan
nan
nan
nan
nan
nan
nan
nan
nan
nan
nan
nan
nan
nan
nan
nan
nan
nan
nan
nan
nan
nan
nan
nan
nan
nan
nan
nan
nan
nan
nan
nan
nan
nan
nan
nan
nan
nan
nan
nan
nan
nan
nan
nan
nan
nan
nan
nan
nan
nan
nan
nan
nan
nan
nan
nan
nan
nan
nan
nan
nan
nan
nan
nan
nan
nan
nan
nan
nan
nan
nan
nan
nan
nan
nan
nan
nan
nan
nan
nan
nan
nan
nan
nan
nan
nan
nan
nan
nan
nan
nan
nan
nan
nan
nan
nan
nan
nan
nan
nan
nan
nan
nan
nan
nan
nan
nan
nan
nan
nan
nan
nan
nan
nan
nan
nan
nan
nan
nan
nan
nan
nan
nan
nan
nan
nan
nan
nan
nan
nan
nan
nan
nan
nan
nan
nan
nan
nan
nan
nan
nan
nan
nan
nan
nan
nan
nan
nan
nan
nan
nan
nan
nan
nan
nan
nan
nan
nan
nan
nan
nan
nan
nan
nan
nan
nan
nan
nan
nan
nan
nan
nan
nan
nan
nan
nan
nan
nan
nan
nan
nan
nan
nan
nan
nan
nan
nan
nan
nan
nan
nan
nan
nan
nan
nan
nan
nan
nan
nan
nan
nan
nan
nan
nan
nan
nan
nan
nan
nan
nan
nan
nan
nan
nan
nan
nan
nan
nan
nan
nan
nan
nan
nan
nan
nan
nan
nan
nan
nan
nan
nan
nan
nan
nan
nan
nan
nan
nan
nan
nan
nan
nan
nan
nan
nan
nan
nan
nan
nan
nan
nan
nan
nan
nan
nan
nan
nan
nan
nan
nan
nan
nan
nan
nan
nan
nan
nan
nan
nan
nan
nan
nan
nan
nan
nan
nan
nan
nan
nan
nan
nan
nan
nan
nan
nan
nan
nan
nan
nan
nan
nan
nan
nan
nan
nan
nan
nan
nan
nan
nan
nan
nan
nan
nan
nan
nan
nan
nan
nan
nan
nan
nan
nan
nan
nan
nan
nan
nan
nan
nan
nan
nan
nan
nan
nan
nan
nan
nan
nan
nan
nan
nan
nan
nan
nan
nan
nan
nan
nan
nan
nan
nan
nan
nan
nan
nan
nan
nan
nan
nan
nan
nan
nan
nan
nan
nan
nan
nan
nan
nan
nan
nan
nan
nan
nan
nan
nan
nan
nan
nan
nan
nan
nan
nan
nan
nan
nan
nan
nan
nan
nan
nan
nan
nan
nan
nan
nan
nan
nan
nan
nan
nan
nan
nan
nan
nan
nan
nan
nan
nan
nan
nan
nan
nan
nan
nan
nan
nan
nan
nan
nan
nan
nan
nan
nan
nan
nan
nan
nan
nan
nan
nan
nan
nan
nan
nan
nan
nan
nan
nan
nan
nan
nan
nan
nan
nan
nan
nan
nan
nan
nan
nan
nan
nan
nan
nan
nan
nan
nan
nan
nan
nan
nan
nan
nan
nan
nan
nan
nan
nan
nan
nan
nan
nan
nan
nan
nan
nan
nan
nan
nan
nan
nan
nan
nan
nan
nan
nan
nan
nan
nan
nan
nan
nan
nan
nan
nan
nan
nan
nan
nan
nan
nan
nan
nan
nan
nan
nan
nan
nan
nan
nan
nan
nan
nan
nan
nan
nan
nan
nan
nan
nan
nan
nan
nan
nan
nan
nan
nan
nan
nan
nan
nan
nan
nan
nan
nan
nan
nan
nan
nan
nan
nan
nan
nan
nan
nan
nan
nan
nan
nan
nan
nan
nan
nan
nan
nan
nan
nan
nan
nan
nan
nan
nan
nan
nan
nan
nan
nan
nan
nan
nan
nan
nan
nan
nan
nan
nan
nan
