nan
nan
nan
nan
nan
nan
nan
nan
nan
nan
nan
nan
nan
nan
nan
nan
nan
nan
nan
nan
nan
nan
nan
nan
nan
nan
nan
nan
nan
nan
nan
nan
nan
nan
nan
nan
nan
nan
nan
nan
nan
nan
nan
nan
nan
nan
nan
nan
nan
nan
0.0895592628520663
0.0895505579528317
0.0895237500559341
0.08947870225750576
0.08941518761786367
0.08933288903784001
0.08923139858723003
0.08911021593554745
0.08896874565380508
0.08880629205464124
0.0886220499975344
0.0884150867041375
0.08818430317664055
0.08792834849175503
0.0876453318674506
0.08733234724529604
0.0869851352272813
0.08644712378043036
0.08696513718546584
0.08589605312169035
0.08541857828654231
0.08491707482954025
0.08438205038425477
0.08380939090402595
0.08319822114688087
0.08254280824035917
0.08184278203490462
0.08109519102268796
0.0803048221695381
0.07944639556654223
0.07853785222180198
0.07756744294711637
0.07652833918732335
0.07541777733951419
0.07421366222155182
0.07291804922932058
0.07147932688864836
0.06975575237174717
0.06753767367820325
nan
nan
nan
nan
nan
nan
nan
nan
nan
nan
nan
0.08969614270244938
0.08968845543319479
0.08966275577528238
0.08961889688889811
0.08955664012585746
0.08947565400644564
0.08937551228499607
0.08925569069256181
0.08911556142870754
0.08895438370669581
0.08877128732456525
0.08856524142873468
0.08833499033760542
0.0880789098698688
0.08779465109314359
0.08747787018744821
0.08710698303039904
0.08652947914223572
0.08664223603576823
0.0863150415351617
0.08566625045588114
0.0851446544291761
0.08460238163698403
0.08402719632380085
0.08341661405679289
0.08276010178348607
0.08206095025022297
0.0813145208595793
0.08049700587591024
0.07967033326842948
0.07876362942340241
0.0777954376409329
0.07675952462468756
0.07565312171353236
0.07445591654988806
0.07329582431580661
0.07170913587416697
0.0700446537891498
0.06786432568817162
nan
nan
nan
nan
nan
nan
nan
nan
nan
nan
nan
0.0899238336964264
0.08991783929500352
0.08989398629211892
0.08985211262404222
0.08979196186291831
0.08971318088510671
0.08961531630439762
0.08949780887319306
0.08935998453366895
0.08920103969619048
0.08902001587559971
0.08881575349348342
0.08858680039377381
0.08833121667494637
0.08804608634986916
0.08772599084650648
0.08735641845764106
0.08674055485923929
0.08655629706689652
0.08696868783515616
0.08628555113008478
0.085567502048581
0.08499111480184243
0.08440329228351795
0.083781250993972
0.08312935321472098
0.0824302188810074
0.08168487838956581
0.08088607995663684
0.08004726181340546
0.07914343838794066
0.07817783687975459
0.07714634178300732
0.0760483582068078
0.07485538938985681
0.07345811915805553
0.07214822792559042
0.07051433382673639
0.06856379454462172
nan
nan
nan
nan
nan
nan
nan
nan
nan
nan
nan
0.09024170015602202
0.09023806947800733
0.09021680096060582
0.09017771460700523
0.09012052658300151
0.09004486803914968
0.08995024623497186
0.0898360620876486
0.08970158991596555
0.08954595771241738
0.08936811529192022
0.08916677686494266
0.08894031162494456
0.08868651781197265
0.08840208699665587
0.08808105974010416
0.08770859723052471
0.08718564696927308
0.08664051602851872
0.0867015559860937
0.08696323886266999
0.08739445785587854
0.08563619591134056
0.08497561889683741
0.08433276092291636
0.083667037768176
0.08296268124807832
0.08221587652530737
0.08141953186572662
0.0805824845203762
0.0796819101175621
0.07866999506943131
0.07769411692064332
0.07659109245204901
0.07541693103557981
0.07379593093845599
0.07285533900808075
0.07116551504747767
0.06930847200874019
0.06634840533545874
nan
nan
nan
nan
nan
nan
nan
nan
nan
nan
0.09064890615121178
0.09064830430446125
0.09063035766654186
0.09059486453323437
0.09054152275062222
0.0904699248820669
0.09037955153800373
0.0902697628596196
0.0901397410039941
0.08998865111381703
0.08981527263444253
0.08961824108425921
0.0893957977811493
0.08914558679560318
0.08886415175237383
0.08854562134322258
0.08817709387591648
0.08770781637636361
0.0868896963585173
0.08672421610011823
0.08681374300803954
0.08697577582084862
0.08722732173415171
0.08600702379461012
0.0851441366400319
0.08441399823749356
0.0836886861266306
0.08292912885382918
0.08212782416106572
0.08115894714588431
0.0803927580819158
0.07943316218702859
0.07840619725090678
0.0773145688458817
0.07614819637360684
0.07485746421099632
0.07362218854893887
0.07199461742030705
0.07011075006515444
0.0678077217291187
nan
nan
nan
nan
nan
nan
nan
nan
nan
nan
0.09114446768239519
0.09114755398377797
0.09113366708280166
0.09110258397041401
0.0910539782020637
0.09098741405906464
0.09090233874356211
0.09079807153523031
0.09067378820248354
0.09052849797232222
0.09036100459328
0.09016977024021591
0.08995314224059633
0.08970857005021414
0.08943268209119215
0.08912005817040428
0.08876037222424557
0.0883248066849272
0.08708432851119642
0.08682856688819536
0.08684758434373138
0.08693364677211984
0.0870842825395928
0.0872978058075206
0.08760638877884999
0.08565854269145928
0.0847096127185211
0.08388436599551304
0.08305167567292177
0.08218121952551968
0.08135337862931913
0.08033196988497926
0.07931335879262616
0.07821523843829908
0.07704232859653833
0.07578021996598844
0.07371257096623018
0.07375558091254206
0.07139477511038653
0.06962762269151254
nan
nan
nan
nan
nan
nan
nan
nan
nan
nan
0.09172731757185214
0.09173474621031372
0.09172566085897366
0.09169981776060035
0.0916568667705501
0.09159634483860193
0.09151766755182086
0.09142011776600834
0.09130282962726488
0.09116476543662419
0.09100468043252956
0.09082106754382865
0.09061206689861286
0.0903754235066036
0.0901072781149095
0.08980369035294032
0.08945600147145183
0.08904649731470862
0.08851002292160443
0.08712067672034354
0.08697646590397454
0.08698550114774733
0.08705865331888787
0.08718687837133228
0.08736913748532088
0.08760573286414883
0.08798055005197075
0.08537963771112253
0.08432854091171181
0.08337475867416841
0.08241068551496127
0.08146443655819238
0.080422508781134
0.07933168594655672
0.0781592528001756
0.07685461945935493
0.07549100519443463
0.07370703162716408
0.07388051296148032
0.07039724548947388
nan
nan
nan
nan
nan
nan
nan
nan
nan
nan
0.09239638197675273
0.09240880496385934
0.0924052788790029
0.09238554007952228
0.09234921449740577
0.0922958107817945
0.09222471257665711
0.09213516606143334
0.09202626712287318
0.09189693786232384
0.0917458951706838
0.09157160245687099
0.09137218974184448
0.09114532149187288
0.09088795234774229
0.09059585869957898
0.09026211332733458
0.08987570764353275
0.08940717412860358
0.08870503795557785
0.0872149679546317
0.08713120008984152
0.08712879253200054
0.0871824270557996
0.08728544843083244
0.08743468996453285
0.08764310617969459
0.0879163810711169
0.08886494919429574
0.08531617219606472
0.08400946201245968
0.08273672150168218
0.08183301934164389
0.08069259368660694
0.07948556385410918
0.07825755838634016
0.07684859404799538
0.07360322354655327
0.07376797004870111
0.07395845897853506
nan
nan
nan
nan
nan
nan
nan
nan
nan
nan
0.09315067555374273
0.09316864820114011
0.09317155200297883
0.09315900576543037
0.09312990234845223
0.09308473548414015
0.09302603059201298
0.09294414823128626
0.09284588164663647
0.09272595568491027
0.09258608210193182
0.09242275800940758
0.09223477615268644
0.09201980304850357
0.09177500860185653
0.09149660997367537
0.09117922606665124
0.09081426258849362
0.09039492649087177
0.0898512367198548
0.0887823857783225
0.0873921809351757
0.08730035352330032
0.08727766830887317
0.08730647650317977
0.08738102534695268
0.08750098804531972
0.08777255081200488
0.0878349061957299
0.08812052791284894
0.08847380286372503
0.085555683714063
0.08362770150410428
0.08252044324925856
0.08118732490111938
0.07986284065740228
0.07872147401910445
0.07746092511190843
0.07218853227928873
0.07368417616515074
0.0736551430531833
nan
nan
nan
nan
nan
nan
nan
nan
nan
0.09398940824025516
0.09401376077088103
0.094023423686403
0.09401811013479014
0.09399740786686263
0.09396077228763375
0.09390751693529939
0.09383674279443832
0.09374762116773666
0.09363741907184164
0.09350681297427199
0.09335772527842195
0.09291854588735182
0.09290111868492607
0.09286970175243295
0.09251522048718963
0.09221557945933655
0.09186883257638959
0.09146964604994923
0.0909958817364559
0.09044952720093691
0.0878707828576764
0.08759806191216299
0.08748106496306311
0.08743395864049831
0.08743309048338425
0.08747540950973325
0.08755715102297143
0.08767872501913826
0.0878396012789662
0.08804324675528447
0.08829086794880275
0.08876529524058141
0.09097140706135676
0.0841381509777476
0.08172869970261026
0.08059869422170339
0.07939781051670511
0.07334823330066914
0.07362431602584615
0.07069655299936481
nan
nan
nan
nan
nan
nan
nan
nan
nan
0.09491204628215824
0.09494338452998244
0.09496096828347059
0.09496449687599848
0.09495355182917266
0.09492758931888769
0.09488593096131538
0.09482775237698463
0.09475207725434176
0.09465771681573174
0.09454332336683341
0.09440727570498084
0.09424765552276823
0.09406214568542583
0.0938478154053475
0.09360063208052087
0.09331433844950013
0.09295375976405634
0.09267798004322675
0.09245891861684885
0.09173487065937311
0.09104763617800912
0.08813298605307787
0.08782820073029995
0.08768773981912723
0.08759385320655123
0.08756383010640217
0.08757053768362967
0.08761406520526788
0.08768372240551278
0.08785329928686315
0.08804774441784297
0.08825190647048681
0.08852939115543482
0.08892283901053527
0.08931792072804942
0.0900110128600706
0.08104778880472571
0.07941330351437496
0.07492874677950932
nan
nan
nan
nan
nan
nan
nan
nan
nan
nan
0.0959185684093159
0.09595760026126399
0.09598392843491119
0.09599724344195157
0.09599711703390724
0.0959829946274082
0.0959541866005299
0.09590985682113412
0.0958490113053434
0.09577048060943594
0.09567290022426778
0.09555468291953945
0.09541397939949267
0.09524877987987121
0.09505624266420695
0.09483354449178374
0.09457689911431505
0.09428141915626298
0.09394076000833229
0.0935439052459614
0.09306007487529505
0.09249962983354812
0.0919864736210525
0.08832168790881867
0.08797298670572304
0.08789631792716363
0.08777852246909848
0.087708082686178
0.08768445373460715
0.08767577266880575
0.08772012604964638
0.08780763700251396
0.08793541686563534
0.08811675743230057
0.08842540475988636
nan
0.0885250523243826
0.0889661465203528
nan
nan
nan
nan
nan
nan
nan
nan
nan
nan
nan
nan
0.09700955180765627
0.09705704992343239
0.0970930699384315
0.09711729720095538
0.09712929669440853
0.09712850538638801
0.0971142232517895
0.09708560272876995
0.09704163626710281
0.09698114120309234
0.09690274273574542
0.09680488799741445
0.09668566421142513
0.0965429278219902
0.09637441261183002
0.09617708914544598
0.09594749618853646
0.09568628986917735
0.09537574188414862
0.09501833608220078
0.09460668075141879
0.09412119631080301
0.09353426280951083
0.09260781430074833
0.08858438723111205
0.08838908168524248
0.08815458445769146
0.08806674479613014
0.08781887031196764
0.08776084170084289
0.08772296669076154
0.08772248543571537
0.08776184453442248
0.08784549011493657
0.08795506747360507
nan
nan
nan
0.08287493260143743
nan
nan
nan
nan
nan
nan
nan
nan
nan
nan
nan
0.09818643998111819
0.09824328261689833
0.09829009479125482
0.09832656320453909
0.09835225421804877
0.09836661593137405
0.09836895572226967
0.09835837884416149
0.09833387295774706
0.0982942420083386
0.09823808714699248
0.09816380524555607
0.09806955577464307
0.09795321809922898
0.09781229564802515
0.09764473870451629
0.09744601265134376
0.09721361043345808
0.0969427339953441
0.09662434802250633
0.09624162671325664
0.0958335806021973
0.09532947086275678
0.09470812913085558
0.09393204212598408
0.09259922350353816
0.08884858310851033
0.08839733397819827
0.08817974022822872
0.08800876970164925
0.08787623187761406
0.08778569731207084
0.08773061032322711
0.08771809970466915
0.08775980817983497
nan
nan
nan
nan
nan
0.08832403507491265
nan
nan
nan
nan
nan
nan
nan
nan
nan
0.0994519655427222
0.09951925550991908
0.0995782562312077
0.09962863787797403
0.09966993907725699
0.0997015510890273
0.09972271674687691
0.0997325347998942
0.09972995688147089
0.09971370259754281
0.09968244766346562
0.09963445970499378
0.0995670499962946
0.09947573488013778
0.09923109910721267
0.09923734565075479
0.09910257902097597
0.09889849143224455
0.09867003790405016
0.0983979664110109
0.09807955438724232
0.09770632041525242
0.09726719969286572
0.09659123272402842
0.09622940628810721
0.09528778583387641
0.09435187269821554
0.08918472829779722
0.08883441264992153
0.08843833747435363
0.08819374843818865
0.08802698963256436
0.08787015880897797
0.08776441415488265
0.08770103753732586
nan
nan
nan
nan
nan
nan
nan
nan
nan
nan
nan
nan
nan
nan
nan
0.10080945817488504
0.10088844411064185
0.10096129979010839
0.10102771921841149
0.101087269131863
0.10113938235446734
0.10118335004200765
0.10121831270752886
0.10124324988213032
0.10125696904779866
0.10125809330670368
0.10124505465829661
0.10121607281144115
0.1011692491520749
0.10110172163209766
0.10101356904284259
0.10091073460105415
0.10074056168527942
0.1010275739234591
0.10029313508918872
0.1000958931461883
0.10004917291772839
0.09961213506280356
0.09943448067828112
0.09891229299993672
0.09837750454221743
0.09718730406533495
0.09620766796343921
0.09438758555940396
0.09041075711332605
nan
nan
nan
nan
nan
nan
nan
nan
nan
nan
nan
nan
nan
nan
nan
nan
nan
nan
nan
nan
0.10226648386514116
0.10235921829270536
0.10244858785065361
0.1025342719170757
0.10261588233102077
0.10269288111266595
0.10276457766821456
0.10282971786709125
0.10288544805027242
0.10295978854897173
0.10298017429366696
0.10300712440650919
0.10302345262850068
0.10302566012536557
0.10301035374022695
0.1029776903634051
0.10293456777833887
0.10281442032587029
0.10265142341384487
0.10252863447392889
0.1023145395991272
0.10207760463738733
0.10172183797132978
0.10126341885638226
0.10032898669996648
0.1004095362127235
0.10141579180364665
0.10038695984281606
0.09725778102267829
nan
0.07776972749132441
nan
nan
0.0887534414012752
nan
nan
nan
nan
nan
nan
nan
nan
nan
nan
nan
nan
nan
nan
nan
nan
0.10383132707632921
0.10394126213704782
0.10405172653199171
0.1041625052735474
0.10427328831496188
0.10438368903337132
0.1044932656652303
0.10460155362907195
0.10470809156886761
0.10481254188748301
0.10491463242118135
0.10501586404769184
0.10511290740541639
0.10521236925142152
0.10532370723102621
0.10553636142297591
0.10591216434784892
0.10573552298397851
0.10578706805378174
0.10669422765916918
0.10768614123467182
0.10893442519533889
0.1144748122744274
0.1090300888045029
nan
nan
nan
0.10062782015518618
0.10041971682296266
0.1006612668793862
nan
nan
nan
nan
nan
nan
nan
nan
nan
nan
nan
nan
nan
nan
nan
nan
nan
nan
nan
nan
0.10551401447355738
0.10564907153393413
0.10579173870928532
0.10594140627669929
0.10622366783642925
0.10626603515874239
0.10644542120695552
0.10664988762170297
0.10694838778268201
0.10893254405374886
0.10869074862612901
0.10846826724853958
0.10850025408389043
0.10851833755338744
0.10858307709429695
0.10861770827553888
0.10865387106254643
0.10868664154321525
0.10874924151396018
0.10882365878922029
0.10820523143081075
0.10883897524601706
0.10728247656909393
nan
nan
nan
nan
nan
0.10883914596128877
nan
nan
nan
nan
nan
nan
nan
nan
nan
nan
nan
nan
nan
nan
nan
nan
nan
nan
nan
nan
nan
0.10728460712708043
0.1074913613099218
0.1077878914156282
0.10802695937389395
0.10814731418543536
0.10817608302558981
0.10820834803400492
0.10825045428896264
0.10829474872816049
0.10834853194405529
0.10840306605661934
0.10846021128731571
0.10851654719275136
0.10857513672213115
0.10863543506007653
0.10869886743207237
0.10872738966860651
0.1087763157383875
0.10816368146139405
0.10915020163422834
nan
nan
nan
0.10899633248768581
nan
nan
nan
nan
nan
nan
nan
nan
nan
nan
nan
nan
nan
nan
nan
nan
nan
nan
nan
nan
nan
nan
nan
nan
nan
nan
0.1095111178920827
0.10956002364383328
0.10961324670742736
0.10967967019292507
0.10976838926904911
0.10988934047569318
0.11005127482635257
0.1102590553249301
0.11051339903809618
0.110812545068653
0.11116959627541459
0.11157377914728832
0.11197794537724551
0.11262469191686081
0.11311262326764066
0.11257453252155136
0.11358862339018087
0.11521916735441888
nan
nan
nan
nan
nan
nan
nan
nan
nan
nan
nan
nan
nan
nan
nan
nan
nan
nan
nan
nan
nan
nan
nan
nan
nan
nan
nan
nan
nan
nan
nan
nan
0.11186197726019223
0.11197739579851261
0.11213436180453157
0.11231410102893265
0.11252402319180807
0.11277129197280152
0.11332128769282057
0.11340268357047338
0.11378057102949246
0.11423517529896665
0.11471757795185197
0.11598392404770644
nan
nan
nan
nan
nan
nan
nan
nan
nan
nan
nan
nan
nan
nan
nan
nan
nan
nan
nan
nan
nan
nan
nan
nan
nan
nan
nan
nan
nan
nan
nan
nan
nan
nan
nan
nan
nan
nan
0.11473966302153145
0.11496802304039459
0.11524150757989163
0.11537576527496961
0.11573414482653657
0.11618472764077106
0.11671587825155895
nan
nan
nan
nan
nan
nan
nan
nan
nan
nan
nan
nan
nan
nan
nan
nan
nan
nan
nan
nan
nan
nan
nan
nan
nan
nan
nan
nan
nan
nan
nan
nan
nan
nan
nan
nan
nan
nan
nan
nan
nan
nan
nan
0.11998882418378168
0.11997947645830753
0.11998228771022433
nan
nan
nan
nan
nan
nan
nan
nan
nan
nan
nan
nan
nan
nan
nan
nan
nan
nan
nan
nan
nan
nan
nan
nan
nan
nan
nan
nan
nan
nan
nan
nan
nan
nan
nan
nan
nan
nan
nan
nan
nan
nan
nan
nan
nan
nan
nan
nan
nan
nan
nan
nan
nan
nan
nan
nan
nan
nan
nan
nan
nan
nan
nan
nan
nan
nan
nan
nan
nan
nan
nan
nan
nan
nan
nan
nan
nan
nan
nan
nan
nan
nan
nan
nan
nan
nan
nan
nan
nan
nan
nan
nan
nan
nan
nan
nan
nan
nan
nan
nan
nan
nan
nan
nan
nan
nan
nan
nan
nan
nan
nan
nan
nan
nan
nan
nan
nan
nan
nan
nan
nan
nan
nan
nan
nan
nan
nan
nan
nan
nan
nan
nan
nan
nan
nan
nan
nan
nan
nan
nan
nan
nan
nan
nan
nan
nan
nan
nan
nan
nan
nan
nan
nan
nan
nan
nan
nan
nan
nan
nan
nan
nan
nan
nan
nan
nan
nan
nan
nan
nan
nan
nan
nan
nan
nan
nan
nan
nan
nan
nan
nan
nan
nan
nan
nan
nan
nan
nan
nan
nan
nan
nan
nan
nan
nan
nan
nan
nan
nan
nan
nan
nan
nan
nan
nan
nan
nan
nan
nan
nan
nan
nan
nan
nan
nan
nan
nan
nan
nan
nan
nan
nan
nan
nan
nan
nan
nan
nan
nan
nan
nan
nan
nan
nan
nan
nan
nan
nan
nan
nan
nan
nan
nan
nan
nan
nan
nan
nan
nan
nan
nan
nan
nan
nan
nan
nan
nan
nan
nan
nan
nan
nan
nan
nan
nan
nan
nan
nan
nan
nan
nan
nan
nan
nan
nan
nan
nan
nan
nan
nan
nan
nan
nan
nan
nan
nan
nan
nan
nan
nan
nan
nan
nan
nan
nan
nan
nan
nan
nan
nan
nan
nan
nan
nan
nan
nan
nan
nan
nan
nan
nan
nan
nan
nan
nan
nan
nan
nan
nan
nan
nan
nan
nan
nan
nan
nan
nan
nan
nan
nan
nan
nan
nan
nan
nan
nan
nan
nan
nan
nan
nan
nan
nan
nan
nan
nan
nan
nan
nan
nan
nan
nan
nan
nan
nan
nan
nan
nan
nan
nan
nan
nan
nan
nan
nan
nan
nan
nan
nan
nan
nan
nan
nan
nan
nan
nan
nan
nan
nan
nan
nan
nan
nan
nan
nan
nan
nan
nan
nan
nan
nan
nan
nan
nan
nan
nan
nan
nan
nan
nan
nan
nan
nan
nan
nan
nan
nan
nan
nan
nan
nan
nan
nan
nan
nan
nan
nan
nan
nan
nan
nan
nan
nan
nan
nan
nan
nan
nan
nan
nan
nan
nan
nan
nan
nan
nan
nan
nan
nan
nan
nan
nan
nan
nan
nan
nan
nan
nan
nan
nan
nan
nan
nan
nan
nan
nan
nan
nan
nan
nan
nan
nan
nan
nan
nan
nan
nan
nan
nan
nan
nan
nan
nan
nan
nan
nan
nan
nan
nan
nan
nan
nan
nan
nan
nan
nan
nan
nan
nan
nan
nan
nan
nan
nan
nan
nan
nan
nan
nan
nan
nan
nan
nan
nan
nan
nan
nan
nan
nan
nan
nan
nan
nan
nan
nan
nan
nan
nan
nan
nan
nan
nan
nan
nan
nan
nan
nan
nan
nan
nan
nan
nan
nan
nan
nan
nan
nan
nan
nan
nan
nan
nan
nan
nan
nan
nan
nan
nan
nan
nan
nan
nan
nan
nan
nan
nan
nan
nan
nan
nan
nan
nan
nan
nan
nan
nan
nan
nan
nan
nan
nan
nan
nan
nan
nan
nan
nan
nan
nan
nan
nan
nan
nan
nan
nan
nan
nan
nan
nan
nan
nan
nan
nan
nan
nan
nan
nan
nan
nan
nan
nan
nan
nan
nan
nan
nan
nan
nan
nan
nan
nan
nan
nan
nan
nan
nan
nan
nan
nan
nan
nan
nan
nan
nan
nan
nan
nan
nan
nan
nan
nan
nan
nan
nan
nan
nan
nan
nan
nan
nan
nan
nan
nan
nan
nan
nan
nan
nan
nan
nan
nan
nan
nan
nan
nan
nan
nan
nan
nan
nan
nan
nan
nan
nan
nan
nan
nan
nan
nan
nan
nan
nan
nan
nan
nan
nan
nan
nan
nan
nan
nan
nan
nan
nan
nan
nan
nan
nan
nan
nan
nan
nan
nan
nan
nan
nan
nan
nan
nan
nan
nan
nan
nan
nan
nan
nan
nan
nan
nan
nan
nan
nan
nan
nan
nan
nan
nan
nan
nan
nan
nan
nan
nan
nan
nan
nan
nan
nan
nan
nan
nan
nan
nan
nan
nan
nan
nan
nan
nan
nan
nan
nan
nan
nan
nan
nan
nan
nan
nan
nan
nan
nan
nan
nan
nan
nan
nan
nan
nan
nan
nan
nan
nan
nan
nan
nan
nan
nan
nan
nan
nan
nan
nan
nan
nan
nan
nan
nan
nan
nan
nan
nan
nan
nan
nan
nan
nan
nan
nan
nan
nan
nan
nan
nan
nan
nan
nan
nan
nan
nan
nan
nan
nan
nan
nan
nan
nan
nan
nan
nan
nan
nan
nan
nan
nan
nan
nan
nan
nan
nan
nan
nan
nan
nan
nan
nan
nan
nan
nan
nan
nan
nan
nan
nan
nan
nan
nan
nan
nan
nan
nan
nan
nan
nan
nan
nan
nan
nan
nan
nan
nan
nan
nan
nan
nan
nan
nan
nan
nan
nan
nan
nan
nan
nan
nan
nan
nan
nan
nan
nan
nan
nan
nan
nan
nan
nan
nan
nan
nan
nan
nan
nan
nan
nan
nan
nan
nan
nan
nan
nan
nan
nan
nan
nan
nan
nan
nan
nan
nan
nan
nan
nan
nan
nan
nan
nan
nan
nan
nan
nan
nan
nan
nan
nan
nan
nan
nan
nan
nan
nan
nan
nan
nan
nan
nan
nan
nan
nan
nan
nan
nan
nan
nan
nan
nan
nan
nan
nan
nan
nan
nan
nan
nan
nan
nan
nan
nan
nan
nan
nan
nan
nan
nan
nan
nan
nan
nan
nan
nan
nan
nan
nan
nan
nan
nan
nan
nan
nan
nan
nan
nan
nan
nan
nan
nan
nan
nan
nan
nan
nan
nan
nan
nan
nan
nan
nan
nan
nan
nan
nan
nan
nan
nan
nan
nan
nan
nan
nan
nan
nan
nan
nan
nan
nan
nan
nan
nan
nan
nan
nan
nan
nan
nan
nan
nan
nan
nan
nan
nan
nan
nan
nan
nan
nan
nan
nan
nan
nan
nan
nan
nan
nan
nan
nan
nan
nan
nan
nan
nan
nan
nan
nan
nan
nan
nan
nan
nan
nan
nan
nan
nan
nan
nan
nan
nan
nan
nan
nan
nan
nan
nan
nan
nan
nan
nan
nan
nan
nan
nan
nan
nan
nan
nan
nan
nan
nan
nan
nan
nan
nan
nan
nan
nan
nan
nan
nan
nan
nan
nan
nan
nan
nan
nan
nan
nan
nan
nan
nan
nan
nan
nan
nan
nan
nan
nan
nan
nan
nan
nan
nan
nan
nan
nan
nan
nan
nan
nan
nan
nan
nan
nan
nan
nan
nan
nan
nan
nan
nan
nan
nan
nan
nan
nan
nan
nan
nan
nan
nan
nan
nan
nan
nan
nan
nan
nan
nan
nan
nan
nan
nan
nan
nan
nan
nan
nan
nan
nan
nan
nan
nan
nan
nan
nan
nan
nan
nan
nan
nan
nan
nan
nan
nan
nan
nan
nan
nan
nan
nan
nan
nan
nan
nan
nan
nan
nan
nan
nan
nan
nan
nan
nan
nan
nan
nan
nan
nan
nan
nan
nan
nan
nan
nan
nan
nan
nan
nan
nan
nan
nan
nan
nan
nan
nan
nan
nan
nan
nan
nan
nan
nan
nan
nan
nan
nan
nan
nan
nan
nan
nan
nan
nan
nan
nan
nan
nan
nan
nan
nan
nan
nan
nan
nan
nan
nan
nan
nan
nan
nan
nan
nan
nan
nan
nan
nan
nan
nan
nan
nan
nan
nan
nan
nan
nan
nan
nan
nan
nan
nan
nan
nan
nan
nan
nan
nan
nan
nan
nan
nan
nan
nan
nan
nan
nan
nan
nan
nan
nan
nan
nan
nan
nan
nan
nan
nan
nan
nan
nan
