nan
0.721543910192864
0.7224836546264419
0.7240827558255596
0.7263901648039223
0.7294872725019341
0.7335735512754341
0.7403552063733314
nan
nan
nan
0.7210102107349697
0.7218964412912696
0.7235056510698232
0.724726705032718
0.7282644305140076
0.7321590472809583
0.7379382026804636
nan
nan
nan
0.7195558897119048
0.7202602350522205
0.7215947358865654
0.724945570060042
0.725047837095489
0.7256624631638634
0.7316478315909956
nan
nan
nan
0.7176746008336253
0.7180821223625786
0.7188476436215276
0.720015307693262
0.7223162482429406
nan
nan
nan
nan
0.777416531703016
0.7170295139401518
0.7173211875900996
nan
nan
nan
nan
nan
nan
nan
nan
nan
nan
nan
nan
nan
nan
nan
nan
nan
nan
nan
nan
nan
nan
nan
nan
nan
nan
nan
nan
nan
nan
nan
nan
nan
nan
nan
nan
nan
nan
nan
nan
nan
nan
nan
nan
nan
nan
nan
nan
nan
nan
nan
nan
nan
nan
nan
nan
nan
