0.0
0.0
0.0
0.0
0.0
0.0
0.0
0.0
0.0
0.0
4.914999674397664e-07
4.914999674397664e-07
4.914999674397664e-07
4.914999674397664e-07
4.914999674397664e-07
4.914999674397664e-07
4.914999674397664e-07
4.914999674397664e-07
4.914999674397664e-07
4.914999674397664e-07
1.9659998697590658e-06
1.9659998697590658e-06
1.9659998697590658e-06
1.9659998697590658e-06
1.9659998697590658e-06
1.9659998697590658e-06
1.9659998697590658e-06
1.9659998697590658e-06
1.9659998697590658e-06
1.9659998697590658e-06
4.423499706957898e-06
4.423499706957898e-06
4.423499706957898e-06
4.423499706957898e-06
4.423499706957898e-06
4.423499706957898e-06
4.423499706957898e-06
4.423499706957898e-06
4.423499706957898e-06
4.423499706957898e-06
7.863999479036263e-06
7.863999479036263e-06
7.863999479036263e-06
7.863999479036263e-06
7.863999479036263e-06
7.863999479036263e-06
7.863999479036263e-06
7.863999479036263e-06
7.863999479036263e-06
7.863999479036263e-06
1.228749918599416e-05
1.228749918599416e-05
1.228749918599416e-05
1.228749918599416e-05
1.228749918599416e-05
1.228749918599416e-05
1.228749918599416e-05
1.228749918599416e-05
1.228749918599416e-05
1.228749918599416e-05
1.7693998827831593e-05
1.7693998827831593e-05
1.7693998827831593e-05
1.7693998827831593e-05
1.7693998827831593e-05
1.7693998827831593e-05
1.7693998827831593e-05
1.7693998827831593e-05
1.7693998827831593e-05
1.7693998827831593e-05
2.408349840454856e-05
2.408349840454856e-05
2.408349840454856e-05
2.408349840454856e-05
2.408349840454856e-05
2.408349840454856e-05
2.408349840454856e-05
2.408349840454856e-05
2.408349840454856e-05
2.408349840454856e-05
3.145599791614505e-05
3.145599791614505e-05
3.145599791614505e-05
3.145599791614505e-05
3.145599791614505e-05
3.145599791614505e-05
3.145599791614505e-05
3.145599791614505e-05
3.145599791614505e-05
3.145599791614505e-05
3.981149736262107e-05
3.981149736262107e-05
3.981149736262107e-05
3.981149736262107e-05
3.981149736262107e-05
3.981149736262107e-05
3.981149736262107e-05
3.981149736262107e-05
3.981149736262107e-05
3.981149736262107e-05
