nan
nan
nan
nan
nan
nan
nan
nan
nan
nan
0.09085830995433725
0.09065172985522923
0.08987389782714808
0.08828515890807966
0.08709006237917086
0.08314067141672896
0.07806402700485772
0.07019910261351898
nan
nan
0.09480539220450812
0.09479870319259945
0.09430235146224884
0.09308503640390839
0.08824071793472885
0.08757176975409917
0.08849245451076812
0.07761587063289732
nan
nan
0.1012837855944678
0.10166793251741266
0.1018144520797379
0.10133162237275775
0.10006004607378804
0.09726867719251334
nan
nan
nan
nan
0.11128986159423998
0.11223985438520895
0.11439497239831461
nan
nan
nan
nan
nan
nan
nan
nan
nan
nan
nan
nan
nan
nan
nan
nan
nan
nan
nan
nan
nan
nan
nan
nan
nan
nan
nan
nan
nan
nan
nan
nan
nan
nan
nan
nan
nan
nan
nan
nan
nan
nan
nan
nan
nan
nan
nan
nan
nan
nan
nan
nan
nan
nan
nan
nan
nan
