nan
0.7212445145575024
0.7212757962579603
0.7213279727130749
0.7214011046056652
0.7214952758878942
0.7216105928907037
0.7217471835606739
0.7219051968311458
0.7220848021390882
0.7222861891048873
0.7225095673984546
0.7227551668237336
0.7230232376689602
0.7233140513800381
0.7236279016436782
0.7239651059906027
0.7243260080808013
0.7247109809052252
0.7251204312820924
0.7255548063944973
0.7260146044465766
0.7265004001743129
0.7270130681634598
0.7275516063596763
0.7281196484833237
0.7287165205280175
0.7293436535477469
0.7300025706103694
0.7306952011374701
0.7314240976214776
0.73219279883554
0.7330071019156609
0.7338695143463333
0.7347986853051114
0.7358104413308284
0.7369409395498642
0.7382770343407008
0.7400870748412451
nan
nan
nan
nan
nan
nan
nan
nan
nan
nan
nan
nan
0.7212271701930933
0.7212582609568008
0.7213102186246272
0.7213831059496534
0.7214770094894954
0.7215920390341299
0.7217283273091535
0.721886030109051
0.7220653270755575
0.7222664236433791
0.7224895552528806
0.722734996534189
0.723003083127636
0.723294269938978
0.7236093514889956
0.7239490248437066
0.7242984770564979
0.7245705853038773
0.7250795120564365
0.725517974687939
0.7259788427826098
0.7264647316034201
0.7269769916083236
0.7275148536452342
0.7280822417073571
0.7286782379196759
0.7293044590172016
0.7299616739797783
0.7306532954572568
0.7313809837654527
0.7321481919987127
0.7329606505497075
0.7338210706629854
0.734747246702798
0.7357551966230442
0.7368810965400643
0.7382067956337421
0.7399973499871604
nan
nan
nan
nan
nan
nan
nan
nan
nan
nan
nan
nan
0.7211752966926015
0.7212058166473652
0.7212571193151789
0.7213292732776153
0.7214223723918181
0.7215365360568717
0.7216719102113685
0.7218286694228188
0.7220070209958855
0.7222072127427921
0.7224295481813992
0.72267441825083
0.7229423743857363
0.7232343295005431
0.7235522263870848
0.7239042224412343
0.7243580236647827
0.7242353163974519
0.7249258514977045
0.7254000502881279
0.7258681778932654
0.7263557150739195
0.726867514411555
0.7274041496985966
0.7279692821362254
0.7285628018352093
0.7291863265871639
0.7298464451968762
0.7305271542725542
0.7312511684642228
0.732014211279853
0.732821428215602
0.7336756783404209
0.734595077750757
0.7355615883563329
0.7367056654669644
0.7379984387164524
0.7395241947383504
nan
nan
nan
nan
nan
nan
nan
nan
nan
nan
nan
nan
0.7210893722986469
0.7211189476492723
0.7211691634176896
0.7212400967465982
0.7213318520829904
0.7214445626157888
0.7215783929449184
0.7217335437703509
0.7219102601141063
0.722108846183703
0.7223296933806559
0.722573337073784
0.7228405845678807
0.7231328514229952
0.7234532593038996
0.7238123260846627
0.7245118077633376
0.7243482066287281
0.7245509127091676
0.7251145785539026
0.7256646320777935
0.7261647306908147
0.7266793616655499
0.7272169642253528
0.7277780381816925
0.7283681162550505
0.7289874575377303
0.729644971394513
0.7303150683815043
0.7310339986873854
0.7317903310109949
0.7325893845820767
0.7334271205450369
0.7343430396308579
0.7353088607124371
0.7364087323527769
0.7376590589460184
0.7392042241410949
0.7420473044896038
nan
nan
nan
nan
nan
nan
nan
nan
nan
nan
nan
0.7209701924086789
0.7209984597754677
0.7210471647298587
0.7211163944042307
0.7212062647504078
0.721316924591067
0.7214485593490408
0.7216013974190046
0.7217757230222761
0.7219718967911108
0.7221903939036354
0.7224318788354831
0.7226973664520988
0.7229886247650352
0.7233093916636726
0.7236708710068349
0.724115872835408
0.7243547899079145
0.7244815643658429
0.7246069065700887
0.7249512095206266
0.725853488588446
0.7263953685475713
0.7269399570409544
0.7275011851275934
0.7280891721770519
0.7287039808329203
0.7293505594982926
0.7300056426184732
0.7307268306262003
0.7314984180334668
0.7322634445008834
0.7331017782385661
0.7339897574995765
0.7352261023862886
0.735951351422922
0.7371989983528668
0.7386302999062027
0.7409758667548833
nan
nan
nan
nan
nan
nan
nan
nan
nan
nan
nan
0.7208188691745931
0.7208454799188754
0.7208922617193122
0.7209593114348528
0.7210467572397602
0.7211547624859465
0.7212835287811696
0.7214333239379593
0.7216044388444892
0.7217973010641103
0.7220124434878549
0.7222506185551802
0.7225129594429915
0.7228013684254119
0.7231195961194424
0.7234772572087229
0.7239199400835472
0.7243830911697012
0.7244842237020401
0.7245344672627825
0.724643390606842
0.7247910250087781
0.7259066307089111
0.7265381024728306
0.7271238796148027
0.7277131753199642
0.7283270483333164
0.7289680149347486
0.7296825449411849
0.7303246713834106
0.7310642710900331
0.7318423082382712
0.7326684332077892
0.7335332789815686
0.7345051626225536
0.7353220105947135
0.7366152013795955
0.7379834536600638
0.7396388630439854
nan
nan
nan
nan
nan
nan
nan
nan
nan
nan
nan
0.7206368304863645
0.7206614558137703
0.7207059193291043
0.7207703264122196
0.7208548151390909
0.7209595606976695
0.7210847819884336
0.7212307515802137
0.7213978111810218
0.7215863892058871
0.7217971467636028
0.7220306973589251
0.7222883485625237
0.7225719269543092
0.7228848231016589
0.7232344983111623
0.7236447859551616
0.7246571931065218
0.724568580388169
0.7245651101364123
0.7246223935449627
0.7247205500036806
0.7248611616736553
0.7250705623741028
0.7265285210064653
0.7272072927256727
0.7278317098034218
0.7284773482262735
0.7291508732096417
0.7297826604611136
0.7305499404795246
0.7313120226855948
0.7321237757116545
0.7329855140763445
0.7339098901661859
0.7353479555714253
0.7353583280770042
0.7371141775698313
0.7386606179362536
nan
nan
nan
nan
nan
nan
nan
nan
nan
nan
nan
0.7204258253852867
0.7204481609157647
0.7204899322222329
0.7205512509923864
0.7206322623424346
0.7207331496943292
0.7208541418028495
0.7209955231111345
0.7211576495270419
0.7213409731585141
0.7215460826165744
0.7217737714658949
0.7220251074470531
0.7223020719283303
0.7226072508137107
0.7229463976833033
0.7233333386204374
0.7238254731547374
0.7247321783357044
0.7246509152150683
0.7246569687733287
0.7247059251852788
0.7247907516101387
0.7249124596135493
0.7250735100781227
0.7253126773943976
0.7270984889252881
0.7278218144856223
0.7285169184805593
0.7292549078289674
0.7299342691950368
0.7306759234770667
0.7314673194679149
0.7323085433949714
0.7332370281044307
0.7342294349212525
0.7353463054296492
0.735396769282226
0.7379154561684793
nan
nan
nan
nan
nan
nan
nan
nan
nan
nan
nan
0.7201879334536123
0.7202077028994669
0.7202464315176969
0.7203042347778685
0.7203812618522837
0.7204777005047742
0.7205937842015351
0.720729802368673
0.7208861148977532
0.7210631751611258
0.7212615658680052
0.7214820583801191
0.7217257145228686
0.7219940808700419
0.7222895759961419
0.7226166919228387
0.7229834133039523
0.7234136528497327
0.7240460466170506
0.7248084323879856
0.7247539918501095
0.7247524890270631
0.7247883361503177
0.7248568998422251
0.7249571009807454
0.7250966749332924
0.7252767279683111
0.7256638022665687
0.7275591686257783
0.7283941012753036
0.7293452814449551
0.7298905919452027
0.7306851188590497
0.7315389355130144
0.7323823656819499
0.7333196720230026
0.7354067280440397
0.7353473291208172
0.7354168945902028
0.7379033601350031
nan
nan
nan
nan
nan
nan
nan
nan
nan
nan
nan
0.719942640023022
0.71997797882014
0.7200316456860278
0.7201039585201662
0.7201952485390095
0.7203057767820336
0.7204357094621134
0.7205853422873233
0.7207551799071912
0.7209457694604351
0.7211578355375499
0.7213923506477772
0.7216506788347328
0.7219348401379905
0.722248068910621
0.7225961662301223
0.7229882876721938
0.7234690798693455
0.7244289815411834
0.7249280415103588
0.7248667806936168
0.724851760267592
0.7248710025620818
0.724920679777133
0.7250004530719496
0.725121329176657
0.7252223018554051
0.7254158761238606
0.7256453974426728
0.7278630172229811
0.7290293166000201
0.7296816627398062
0.7305565940781924
0.7314417991591843
0.7321633007327865
0.7331969858223053
0.7361760866738325
0.735343076143276
0.7356874776171081
nan
nan
nan
nan
nan
nan
nan
nan
nan
nan
nan
0.7196556046642952
0.719687454135195
0.7197372422036337
0.7198051173554967
0.719891274588443
0.7199959642494185
0.7201194256094826
0.7202616879327617
0.7204241343985663
0.720614074339432
0.7208151201056175
0.721000226986337
0.7212142255180655
0.7215442813383055
0.7218422626344465
0.7221725792825608
0.7225408434813831
0.7229634828478815
0.7234549988695853
0.7252707603575493
0.7250654694605063
0.7249887420156615
0.7249559707005152
0.7249554049509536
0.724984159692089
0.7250381411254073
0.7251190842285795
0.7252263865141014
0.7253657242557776
0.7257234410200172
0.7258151577043181
0.725893621318665
0.7289986917944745
0.7305062522420762
0.7311016362489952
0.7318058296394744
0.7337888975349124
0.7353116747688537
0.7353643868962976
0.7356093092668798
nan
nan
nan
nan
nan
nan
nan
nan
nan
nan
0.7193500720086283
0.7193780710983863
0.7194232908166867
0.7194858641913626
0.7195659590837049
0.7196637846809493
0.719779597747106
0.7199137226150213
0.720066554450591
0.7202385952452925
0.7204304852377527
0.7206430647935701
0.7208774862917908
0.7211354427775944
0.7214200250739654
0.7217887445085962
0.7220575107047449
0.7222499395340995
0.7228865539793756
0.7234567050537692
0.7254288539514019
0.725219026449886
0.7251217273560338
0.7250614760750282
0.7250425476701404
0.7250470179729376
0.7250760349329696
0.7251278561113477
0.725316228304859
0.7253603589064276
0.7255010216840914
0.7256789700276094
0.7259309208642722
0.7261741250717222
0.7296732762223851
0.7304174649677042
0.7318904664738026
0.7321230410508255
nan
nan
nan
nan
nan
nan
nan
nan
nan
nan
nan
nan
0.7190298174093299
0.7190538261989368
0.7190942624149637
0.7191512435175821
0.7192249181348997
0.7193154720215409
0.71942313518265
0.7195481921420376
0.71969099553641
0.7198519850390368
0.7200317159406426
0.7202307457345358
0.7204503572463204
0.7206914323658048
0.7209557186205656
0.7212456493911343
0.7215646163129799
0.7219190435937577
0.7223252141686319
0.7228869937860862
0.7231579539103317
0.7256761162864946
0.7254834228719385
0.7252642556529579
0.7251857244614502
0.7251393339810737
0.7251382563723576
0.7251016333842225
0.7251465080313746
0.7252049649993841
0.7252891622249088
0.7254108187359181
0.7255919877053558
nan
0.7261220322703639
0.726252255353202
nan
0.7261399806441101
nan
nan
nan
0.7350473019695388
0.7257948236568498
nan
nan
nan
nan
nan
nan
nan
nan
0.7187192258806269
0.7187547105351778
0.718805840531646
0.7188727395082949
0.7189555632882326
0.7190545067018247
0.7191698124756717
0.719301790016955
0.7194507735191944
0.7196173050045738
0.7198019793837312
0.7200054774403679
0.7202288787699502
0.7204735324579097
0.7207371610453013
0.7210336921265242
0.7213559820381377
0.7217135755875732
0.7221162864359582
0.7225871766681288
0.7232270460463948
0.7247059063537645
0.7255920207179198
0.7256949366061987
0.7253777887890118
0.7252037766946327
0.7251736749892428
0.7251486436749086
0.725148365426339
0.7251732555333592
0.725229983987153
0.725309564257076
nan
nan
0.7259172130786854
0.725754138875402
nan
nan
nan
nan
nan
nan
nan
nan
nan
nan
nan
nan
nan
nan
0.7183796113609286
0.7184100496704274
0.7184551323651343
0.7185149580085868
0.7185896311360865
0.7186793053888916
0.7187841828242464
0.7189045047537331
0.7190405774294477
0.7191927897195796
0.7193616386889152
0.7195474323951605
0.719751712543023
0.7199750440954704
0.72021875027302
0.7204847875083593
0.72077709275194
0.7211074116383651
0.7214498139200809
0.7218490873949244
0.7223200511977158
0.722889024345571
0.7239149487582568
0.7258105371462806
0.7256060966675687
0.7254529185134766
0.725339078175577
0.7252500587353309
0.7251916626712039
0.7251538074183989
0.725145190752939
0.7251748834011414
nan
nan
nan
nan
0.7257886774333652
0.7254662930902784
nan
nan
nan
nan
nan
nan
nan
nan
nan
nan
nan
nan
0.7180413651295393
0.7180668090998257
0.7181058328349174
0.7181585080891912
0.7182249205765949
0.7183051739207107
0.718399406889614
0.7185078028379079
0.7186306226531587
0.7187685224701486
0.7189215316396381
0.7191093733748635
0.7191804691196988
0.7194610232864898
0.7196841079013994
0.7199196705820431
0.7201789076066637
0.7204618709072932
0.7207727744107933
0.7211172761881429
0.7216262048873572
0.7219061176041626
0.7224615154119433
0.7231943951391584
0.7261732057444245
0.7258493908293479
0.7256204101375344
0.7254877781494132
0.725347774376907
0.7252463515639571
0.7251760049816323
0.7251329451171797
nan
nan
nan
nan
nan
nan
nan
nan
nan
nan
nan
nan
nan
nan
nan
nan
nan
nan
0.7177127257112006
0.7177333323122033
0.7177663143223334
0.7178116764549182
0.7178694302383508
0.7179395979070072
0.7180222186406326
0.7181173570209712
0.7182251161250122
0.7183456561078567
0.7184792216782205
0.718626396955867
0.7187864968670926
0.7189597896108582
0.719154812690872
0.7193693321529753
0.7195820256165933
0.7200598341408225
0.7200471123112281
0.7201580799263158
0.7206234293055901
0.7209707321748297
0.7213469061582616
0.7217423086234611
0.7225888945797543
0.7238864490185962
0.7258567943077543
0.7260152545603334
nan
nan
nan
nan
nan
nan
nan
nan
nan
nan
nan
nan
nan
nan
nan
nan
nan
nan
nan
nan
nan
nan
nan
0.7174195245740613
0.717446844608334
0.7174850460541436
0.7175343298021878
0.7175957736892834
0.7176664763935315
0.7177470126659433
0.7178405772450642
0.7179428467408501
0.7180557737239269
0.7181798294335086
0.7183147927756823
0.7184460594682205
0.7186198640733739
0.7187984096796596
0.7189764572446212
0.7191795112307129
0.719395564972302
0.7196451596613418
0.7199418786406273
0.7204017581617375
0.7204399513979449
0.7205711461692308
0.7208419122727031
0.7219856946443235
nan
0.7226830673839482
nan
nan
0.7257777002135763
nan
nan
nan
nan
nan
nan
nan
nan
nan
nan
nan
nan
nan
nan
nan
nan
nan
nan
nan
nan
0.7171390249477837
0.717161412625071
0.7171935483849281
0.7172352537539867
0.7172862731417494
0.7173462581074991
0.7174147630972592
0.7174911996622362
0.7175749263069618
0.717664997442831
0.7177595772072881
0.7178525897885896
0.7179449442519278
0.718040681854923
0.7181549931441482
0.7182830832813138
0.7184060061908562
0.7185469141659835
0.7186919310559882
0.7179723483873153
nan
0.7195247970396527
nan
0.7206453790934606
0.7208155883417522
0.7209285832505046
0.720830942751334
nan
nan
nan
nan
nan
nan
nan
nan
nan
nan
nan
nan
nan
nan
nan
nan
nan
nan
nan
0.7889707843744344
nan
nan
0.7881140628542331
0.7169127154952336
0.7169332150781762
0.7169609882295064
0.7170020608201583
0.7170500730346572
0.7171316230772706
0.7170215043825392
0.7169819740270704
0.7170240751352008
0.7170495161229646
0.7171923929183097
0.7172298657264465
0.7173236427244867
0.7173856354203564
0.7175228700669829
0.7176279279894128
0.7177569913593564
0.7177619927062909
0.7182921564494945
nan
0.7174678848184951
0.7179298205728537
0.7188176731084162
nan
0.7181558571075837
nan
nan
nan
nan
nan
nan
nan
nan
nan
nan
nan
nan
nan
nan
nan
nan
nan
nan
nan
nan
nan
0.7854315257694736
0.785019297636148
nan
0.7831866385306421
nan
0.7163545174955792
0.716417503571366
0.7164989390984063
0.7165911222402119
0.7166965098893733
0.7168048733620036
0.7169199264676949
0.7170382329650618
0.7171545124733597
0.7172718342210985
0.7173780808887895
0.7174692663140538
0.7175952877063322
0.7176815522867348
0.7179284946457829
nan
0.7179698913740795
nan
0.7178700955715889
nan
nan
nan
nan
nan
nan
nan
nan
nan
nan
nan
nan
nan
nan
nan
nan
nan
nan
nan
nan
nan
nan
nan
nan
nan
nan
0.7809750618628487
0.7808772700202766
nan
0.7168850862568807
0.716911913160821
0.7169406833013441
0.716969695795963
0.7169993389759242
0.717030533212007
0.7170642004467186
0.7171001578038325
0.717139937591903
0.7171806584536529
0.7172253672992002
0.7172536387876333
0.7172821215605915
0.7173166784472229
0.7173357114445111
nan
nan
nan
nan
nan
nan
nan
nan
nan
nan
nan
nan
nan
nan
nan
nan
nan
nan
nan
nan
nan
nan
nan
nan
nan
nan
nan
nan
nan
nan
nan
nan
0.7763203644582433
0.7760381534799656
0.7757275045870602
0.7753672120921654
0.7170526857268498
0.717092280811465
0.7171615182033088
0.7171888925437567
0.7172454920813517
0.7173091415900914
0.7173739923010132
0.7175599343956545
0.7178355365380715
nan
nan
nan
nan
nan
nan
nan
nan
nan
nan
nan
nan
nan
nan
nan
nan
nan
nan
nan
nan
nan
nan
nan
nan
nan
nan
nan
nan
nan
nan
nan
nan
nan
nan
nan
nan
nan
0.7705136605938394
0.7700561700510036
0.7692927899104718
0.7695330456949586
0.7177671950711678
0.7178713925014433
0.7179850298399927
0.7184021941433842
nan
nan
nan
nan
nan
nan
nan
nan
nan
nan
nan
nan
nan
nan
nan
nan
nan
nan
nan
nan
nan
nan
nan
nan
nan
nan
nan
nan
nan
nan
nan
nan
nan
nan
nan
nan
nan
nan
nan
nan
nan
nan
0.7600101687894085
0.7600408537669098
0.7600323996333112
nan
nan
nan
nan
nan
nan
nan
nan
nan
nan
nan
nan
nan
nan
nan
nan
nan
nan
nan
nan
nan
nan
nan
nan
nan
nan
nan
nan
nan
nan
nan
nan
nan
nan
nan
nan
nan
nan
nan
nan
nan
nan
nan
nan
nan
nan
nan
nan
nan
nan
nan
nan
nan
nan
nan
nan
nan
nan
nan
nan
nan
nan
nan
nan
nan
nan
nan
nan
nan
nan
nan
nan
nan
nan
nan
nan
nan
nan
nan
nan
nan
nan
nan
nan
nan
nan
nan
nan
nan
nan
nan
nan
nan
nan
nan
nan
nan
nan
nan
nan
nan
nan
nan
nan
nan
nan
nan
nan
nan
nan
nan
nan
nan
nan
nan
nan
nan
nan
nan
nan
nan
nan
nan
nan
nan
nan
nan
nan
nan
nan
nan
nan
nan
nan
nan
nan
nan
nan
nan
nan
nan
nan
nan
nan
nan
nan
nan
nan
nan
nan
nan
nan
nan
nan
nan
nan
nan
nan
nan
nan
nan
nan
nan
nan
nan
nan
nan
nan
nan
nan
nan
nan
nan
nan
nan
nan
nan
nan
nan
nan
nan
nan
nan
nan
nan
nan
nan
nan
nan
nan
nan
nan
nan
nan
nan
nan
nan
nan
nan
nan
nan
nan
nan
nan
nan
nan
nan
nan
nan
nan
nan
nan
nan
nan
nan
nan
nan
nan
nan
nan
nan
nan
nan
nan
nan
nan
nan
nan
nan
nan
nan
nan
nan
nan
nan
nan
nan
nan
nan
nan
nan
nan
nan
nan
nan
nan
nan
nan
nan
nan
nan
nan
nan
nan
nan
nan
nan
nan
nan
nan
nan
nan
nan
nan
nan
nan
nan
nan
nan
nan
nan
nan
nan
nan
nan
nan
nan
nan
nan
nan
nan
nan
nan
nan
nan
nan
nan
nan
nan
nan
nan
nan
nan
nan
nan
nan
nan
nan
nan
nan
nan
nan
nan
nan
nan
nan
nan
nan
nan
nan
nan
nan
nan
nan
nan
nan
nan
nan
nan
nan
nan
nan
nan
nan
nan
nan
nan
nan
nan
nan
nan
nan
nan
nan
nan
nan
nan
nan
nan
nan
nan
nan
nan
nan
nan
nan
nan
nan
nan
nan
nan
nan
nan
nan
nan
nan
nan
nan
nan
nan
nan
nan
nan
nan
nan
nan
nan
nan
nan
nan
nan
nan
nan
nan
nan
nan
nan
nan
nan
nan
nan
nan
nan
nan
nan
nan
nan
nan
nan
nan
nan
nan
nan
nan
nan
nan
nan
nan
nan
nan
nan
nan
nan
nan
nan
nan
nan
nan
nan
nan
nan
nan
nan
nan
nan
nan
nan
nan
nan
nan
nan
nan
nan
nan
nan
nan
nan
nan
nan
nan
nan
nan
nan
nan
nan
nan
nan
nan
nan
nan
nan
nan
nan
nan
nan
nan
nan
nan
nan
nan
nan
nan
nan
nan
nan
nan
nan
nan
nan
nan
nan
nan
nan
nan
nan
nan
nan
nan
nan
nan
nan
nan
nan
nan
nan
nan
nan
nan
nan
nan
nan
nan
nan
nan
nan
nan
nan
nan
nan
nan
nan
nan
nan
nan
nan
nan
nan
nan
nan
nan
nan
nan
nan
nan
nan
nan
nan
nan
nan
nan
nan
nan
nan
nan
nan
nan
nan
nan
nan
nan
nan
nan
nan
nan
nan
nan
nan
nan
nan
nan
nan
nan
nan
nan
nan
nan
nan
nan
nan
nan
nan
nan
nan
nan
nan
nan
nan
nan
nan
nan
nan
nan
nan
nan
nan
nan
nan
nan
nan
nan
nan
nan
nan
nan
nan
nan
nan
nan
nan
nan
nan
nan
nan
nan
nan
nan
nan
nan
nan
nan
nan
nan
nan
nan
nan
nan
nan
nan
nan
nan
nan
nan
nan
nan
nan
nan
nan
nan
nan
nan
nan
nan
nan
nan
nan
nan
nan
nan
nan
nan
nan
nan
nan
nan
nan
nan
nan
nan
nan
nan
nan
nan
nan
nan
nan
nan
nan
nan
nan
nan
nan
nan
nan
nan
nan
nan
nan
nan
nan
nan
nan
nan
nan
nan
nan
nan
nan
nan
nan
nan
nan
nan
nan
nan
nan
nan
nan
nan
nan
nan
nan
nan
nan
nan
nan
nan
nan
nan
nan
nan
nan
nan
nan
nan
nan
nan
nan
nan
nan
nan
nan
nan
nan
nan
nan
nan
nan
nan
nan
nan
nan
nan
nan
nan
nan
nan
nan
nan
nan
nan
nan
nan
nan
nan
nan
nan
nan
nan
nan
nan
nan
nan
nan
nan
nan
nan
nan
nan
nan
nan
nan
nan
nan
nan
nan
nan
nan
nan
nan
nan
nan
nan
nan
nan
nan
nan
nan
nan
nan
nan
nan
nan
nan
nan
nan
nan
nan
nan
nan
nan
nan
nan
nan
nan
nan
nan
nan
nan
nan
nan
nan
nan
nan
nan
nan
nan
nan
nan
nan
nan
nan
nan
nan
nan
nan
nan
nan
nan
nan
nan
nan
nan
nan
nan
nan
nan
nan
nan
nan
nan
nan
nan
nan
nan
nan
nan
nan
nan
nan
nan
nan
nan
nan
nan
nan
nan
nan
nan
nan
nan
nan
nan
nan
nan
nan
nan
nan
nan
nan
nan
nan
nan
nan
nan
nan
nan
nan
nan
nan
nan
nan
nan
nan
nan
nan
nan
nan
nan
nan
nan
nan
nan
nan
nan
nan
nan
nan
nan
nan
nan
nan
nan
nan
nan
nan
nan
nan
nan
nan
nan
nan
nan
nan
nan
nan
nan
nan
nan
nan
nan
nan
nan
nan
nan
nan
nan
nan
nan
nan
nan
nan
nan
nan
nan
nan
nan
nan
nan
nan
nan
nan
nan
nan
nan
nan
nan
nan
nan
nan
nan
nan
nan
nan
nan
nan
nan
nan
nan
nan
nan
nan
nan
nan
nan
nan
nan
nan
nan
nan
nan
nan
nan
nan
nan
nan
nan
nan
nan
nan
nan
nan
nan
nan
nan
nan
nan
nan
nan
nan
nan
nan
nan
nan
nan
nan
nan
nan
nan
nan
nan
nan
nan
nan
nan
nan
nan
nan
nan
nan
nan
nan
nan
nan
nan
nan
nan
nan
nan
nan
nan
nan
nan
nan
nan
nan
nan
nan
nan
nan
nan
nan
nan
nan
nan
nan
nan
nan
nan
nan
nan
nan
nan
nan
nan
nan
nan
nan
nan
nan
nan
nan
nan
nan
nan
nan
nan
nan
nan
nan
nan
nan
nan
nan
nan
nan
nan
nan
nan
nan
nan
nan
nan
nan
nan
nan
nan
nan
nan
nan
nan
nan
nan
nan
nan
nan
nan
nan
nan
nan
nan
nan
nan
nan
nan
nan
nan
nan
nan
nan
nan
nan
nan
nan
nan
nan
nan
nan
nan
nan
nan
nan
nan
nan
nan
nan
nan
nan
nan
nan
nan
nan
nan
nan
nan
nan
nan
nan
nan
nan
nan
nan
nan
nan
nan
nan
nan
nan
nan
nan
nan
nan
nan
nan
nan
nan
nan
nan
nan
nan
nan
nan
nan
nan
nan
nan
nan
nan
nan
nan
nan
nan
nan
nan
nan
nan
nan
nan
nan
nan
nan
nan
nan
nan
nan
nan
nan
nan
nan
nan
nan
nan
nan
nan
nan
nan
nan
nan
nan
nan
nan
nan
nan
nan
nan
nan
nan
nan
nan
nan
nan
nan
nan
nan
nan
nan
nan
nan
nan
nan
nan
nan
nan
nan
nan
nan
nan
nan
nan
nan
nan
nan
nan
nan
nan
nan
nan
nan
nan
nan
nan
nan
nan
nan
nan
nan
nan
nan
nan
nan
nan
nan
nan
nan
nan
nan
nan
nan
nan
nan
nan
nan
nan
nan
nan
nan
nan
nan
nan
nan
nan
nan
nan
nan
nan
nan
nan
nan
nan
nan
nan
nan
nan
nan
nan
nan
nan
nan
nan
nan
nan
nan
nan
nan
nan
nan
nan
nan
nan
nan
nan
nan
nan
nan
nan
nan
nan
nan
nan
nan
nan
nan
nan
nan
nan
nan
nan
nan
nan
nan
nan
nan
nan
nan
nan
nan
nan
nan
nan
nan
nan
nan
nan
nan
nan
nan
nan
nan
nan
nan
nan
nan
nan
nan
nan
nan
nan
nan
nan
nan
nan
nan
nan
nan
nan
nan
nan
nan
