0.0
3.4292447796536614e-09
1.3716979118614645e-08
3.0863203016882947e-08
5.486791647445858e-08
8.573111949134152e-08
1.2345281206753179e-07
1.6803299420302944e-07
2.1947166589783433e-07
2.7776882715194655e-07
3.429244779653661e-07
4.1493861833809304e-07
4.938112482701271e-07
5.795423677614687e-07
6.721319768121178e-07
7.715800754220736e-07
8.778866635913373e-07
9.910517413199083e-07
1.1110753086077862e-06
1.237957365454972e-06
1.3716979118614644e-06
1.5122969478272644e-06
1.6597544733523722e-06
1.814070488436787e-06
1.9752449930805086e-06
2.143277987283538e-06
2.318169471045875e-06
2.4999194443675185e-06
2.688527907248471e-06
2.8839948596887296e-06
3.0863203016882946e-06
3.295504233247169e-06
3.5115466543653492e-06
3.734447565042837e-06
3.964206965279633e-06
4.200824855075735e-06
4.444301234431145e-06
4.694636103345863e-06
4.951829461819888e-06
5.215881309853219e-06
5.486791647445857e-06
5.764560474597805e-06
6.049187791309058e-06
6.3406735975796195e-06
6.639017893409489e-06
6.944220678798665e-06
7.256281953747148e-06
7.575201718254938e-06
7.900979972322034e-06
8.233616715948443e-06
0.0
3.4292447796536614e-09
1.3716979118614645e-08
3.0863203016882947e-08
5.486791647445858e-08
8.573111949134152e-08
1.2345281206753179e-07
1.6803299420302944e-07
2.1947166589783433e-07
2.7776882715194655e-07
3.429244779653661e-07
4.1493861833809304e-07
4.938112482701271e-07
5.795423677614687e-07
6.721319768121178e-07
7.715800754220736e-07
8.778866635913373e-07
9.910517413199083e-07
1.1110753086077862e-06
1.237957365454972e-06
1.3716979118614644e-06
1.5122969478272644e-06
1.6597544733523722e-06
1.814070488436787e-06
1.9752449930805086e-06
2.143277987283538e-06
2.318169471045875e-06
2.4999194443675185e-06
2.688527907248471e-06
2.8839948596887296e-06
3.0863203016882946e-06
3.295504233247169e-06
3.5115466543653492e-06
3.734447565042837e-06
3.964206965279633e-06
4.200824855075735e-06
4.444301234431145e-06
4.694636103345863e-06
4.951829461819888e-06
5.215881309853219e-06
5.486791647445857e-06
5.764560474597805e-06
6.049187791309058e-06
6.3406735975796195e-06
6.639017893409489e-06
6.944220678798665e-06
7.256281953747148e-06
7.575201718254938e-06
7.900979972322034e-06
8.233616715948443e-06
0.0
3.4292447796536614e-09
1.3716979118614645e-08
3.0863203016882947e-08
5.486791647445858e-08
8.573111949134152e-08
1.2345281206753179e-07
1.6803299420302944e-07
2.1947166589783433e-07
2.7776882715194655e-07
3.429244779653661e-07
4.1493861833809304e-07
4.938112482701271e-07
5.795423677614687e-07
6.721319768121178e-07
7.715800754220736e-07
8.778866635913373e-07
9.910517413199083e-07
1.1110753086077862e-06
1.237957365454972e-06
1.3716979118614644e-06
1.5122969478272644e-06
1.6597544733523722e-06
1.814070488436787e-06
1.9752449930805086e-06
2.143277987283538e-06
2.318169471045875e-06
2.4999194443675185e-06
2.688527907248471e-06
2.8839948596887296e-06
3.0863203016882946e-06
3.295504233247169e-06
3.5115466543653492e-06
3.734447565042837e-06
3.964206965279633e-06
4.200824855075735e-06
4.444301234431145e-06
4.694636103345863e-06
4.951829461819888e-06
5.215881309853219e-06
5.486791647445857e-06
5.764560474597805e-06
6.049187791309058e-06
6.3406735975796195e-06
6.639017893409489e-06
6.944220678798665e-06
7.256281953747148e-06
7.575201718254938e-06
7.900979972322034e-06
8.233616715948443e-06
0.0
3.4292447796536614e-09
1.3716979118614645e-08
3.0863203016882947e-08
5.486791647445858e-08
8.573111949134152e-08
1.2345281206753179e-07
1.6803299420302944e-07
2.1947166589783433e-07
2.7776882715194655e-07
3.429244779653661e-07
4.1493861833809304e-07
4.938112482701271e-07
5.795423677614687e-07
6.721319768121178e-07
7.715800754220736e-07
8.778866635913373e-07
9.910517413199083e-07
1.1110753086077862e-06
1.237957365454972e-06
1.3716979118614644e-06
1.5122969478272644e-06
1.6597544733523722e-06
1.814070488436787e-06
1.9752449930805086e-06
2.143277987283538e-06
2.318169471045875e-06
2.4999194443675185e-06
2.688527907248471e-06
2.8839948596887296e-06
3.0863203016882946e-06
3.295504233247169e-06
3.5115466543653492e-06
3.734447565042837e-06
3.964206965279633e-06
4.200824855075735e-06
4.444301234431145e-06
4.694636103345863e-06
4.951829461819888e-06
5.215881309853219e-06
5.486791647445857e-06
5.764560474597805e-06
6.049187791309058e-06
6.3406735975796195e-06
6.639017893409489e-06
6.944220678798665e-06
7.256281953747148e-06
7.575201718254938e-06
7.900979972322034e-06
8.233616715948443e-06
0.0
3.4292447796536614e-09
1.3716979118614645e-08
3.0863203016882947e-08
5.486791647445858e-08
8.573111949134152e-08
1.2345281206753179e-07
1.6803299420302944e-07
2.1947166589783433e-07
2.7776882715194655e-07
3.429244779653661e-07
4.1493861833809304e-07
4.938112482701271e-07
5.795423677614687e-07
6.721319768121178e-07
7.715800754220736e-07
8.778866635913373e-07
9.910517413199083e-07
1.1110753086077862e-06
1.237957365454972e-06
1.3716979118614644e-06
1.5122969478272644e-06
1.6597544733523722e-06
1.814070488436787e-06
1.9752449930805086e-06
2.143277987283538e-06
2.318169471045875e-06
2.4999194443675185e-06
2.688527907248471e-06
2.8839948596887296e-06
3.0863203016882946e-06
3.295504233247169e-06
3.5115466543653492e-06
3.734447565042837e-06
3.964206965279633e-06
4.200824855075735e-06
4.444301234431145e-06
4.694636103345863e-06
4.951829461819888e-06
5.215881309853219e-06
5.486791647445857e-06
5.764560474597805e-06
6.049187791309058e-06
6.3406735975796195e-06
6.639017893409489e-06
6.944220678798665e-06
7.256281953747148e-06
7.575201718254938e-06
7.900979972322034e-06
8.233616715948443e-06
0.0
3.4292447796536614e-09
1.3716979118614645e-08
3.0863203016882947e-08
5.486791647445858e-08
8.573111949134152e-08
1.2345281206753179e-07
1.6803299420302944e-07
2.1947166589783433e-07
2.7776882715194655e-07
3.429244779653661e-07
4.1493861833809304e-07
4.938112482701271e-07
5.795423677614687e-07
6.721319768121178e-07
7.715800754220736e-07
8.778866635913373e-07
9.910517413199083e-07
1.1110753086077862e-06
1.237957365454972e-06
1.3716979118614644e-06
1.5122969478272644e-06
1.6597544733523722e-06
1.814070488436787e-06
1.9752449930805086e-06
2.143277987283538e-06
2.318169471045875e-06
2.4999194443675185e-06
2.688527907248471e-06
2.8839948596887296e-06
3.0863203016882946e-06
3.295504233247169e-06
3.5115466543653492e-06
3.734447565042837e-06
3.964206965279633e-06
4.200824855075735e-06
4.444301234431145e-06
4.694636103345863e-06
4.951829461819888e-06
5.215881309853219e-06
5.486791647445857e-06
5.764560474597805e-06
6.049187791309058e-06
6.3406735975796195e-06
6.639017893409489e-06
6.944220678798665e-06
7.256281953747148e-06
7.575201718254938e-06
7.900979972322034e-06
8.233616715948443e-06
0.0
3.4292447796536614e-09
1.3716979118614645e-08
3.0863203016882947e-08
5.486791647445858e-08
8.573111949134152e-08
1.2345281206753179e-07
1.6803299420302944e-07
2.1947166589783433e-07
2.7776882715194655e-07
3.429244779653661e-07
4.1493861833809304e-07
4.938112482701271e-07
5.795423677614687e-07
6.721319768121178e-07
7.715800754220736e-07
8.778866635913373e-07
9.910517413199083e-07
1.1110753086077862e-06
1.237957365454972e-06
1.3716979118614644e-06
1.5122969478272644e-06
1.6597544733523722e-06
1.814070488436787e-06
1.9752449930805086e-06
2.143277987283538e-06
2.318169471045875e-06
2.4999194443675185e-06
2.688527907248471e-06
2.8839948596887296e-06
3.0863203016882946e-06
3.295504233247169e-06
3.5115466543653492e-06
3.734447565042837e-06
3.964206965279633e-06
4.200824855075735e-06
4.444301234431145e-06
4.694636103345863e-06
4.951829461819888e-06
5.215881309853219e-06
5.486791647445857e-06
5.764560474597805e-06
6.049187791309058e-06
6.3406735975796195e-06
6.639017893409489e-06
6.944220678798665e-06
7.256281953747148e-06
7.575201718254938e-06
7.900979972322034e-06
8.233616715948443e-06
0.0
3.4292447796536614e-09
1.3716979118614645e-08
3.0863203016882947e-08
5.486791647445858e-08
8.573111949134152e-08
1.2345281206753179e-07
1.6803299420302944e-07
2.1947166589783433e-07
2.7776882715194655e-07
3.429244779653661e-07
4.1493861833809304e-07
4.938112482701271e-07
5.795423677614687e-07
6.721319768121178e-07
7.715800754220736e-07
8.778866635913373e-07
9.910517413199083e-07
1.1110753086077862e-06
1.237957365454972e-06
1.3716979118614644e-06
1.5122969478272644e-06
1.6597544733523722e-06
1.814070488436787e-06
1.9752449930805086e-06
2.143277987283538e-06
2.318169471045875e-06
2.4999194443675185e-06
2.688527907248471e-06
2.8839948596887296e-06
3.0863203016882946e-06
3.295504233247169e-06
3.5115466543653492e-06
3.734447565042837e-06
3.964206965279633e-06
4.200824855075735e-06
4.444301234431145e-06
4.694636103345863e-06
4.951829461819888e-06
5.215881309853219e-06
5.486791647445857e-06
5.764560474597805e-06
6.049187791309058e-06
6.3406735975796195e-06
6.639017893409489e-06
6.944220678798665e-06
7.256281953747148e-06
7.575201718254938e-06
7.900979972322034e-06
8.233616715948443e-06
0.0
3.4292447796536614e-09
1.3716979118614645e-08
3.0863203016882947e-08
5.486791647445858e-08
8.573111949134152e-08
1.2345281206753179e-07
1.6803299420302944e-07
2.1947166589783433e-07
2.7776882715194655e-07
3.429244779653661e-07
4.1493861833809304e-07
4.938112482701271e-07
5.795423677614687e-07
6.721319768121178e-07
7.715800754220736e-07
8.778866635913373e-07
9.910517413199083e-07
1.1110753086077862e-06
1.237957365454972e-06
1.3716979118614644e-06
1.5122969478272644e-06
1.6597544733523722e-06
1.814070488436787e-06
1.9752449930805086e-06
2.143277987283538e-06
2.318169471045875e-06
2.4999194443675185e-06
2.688527907248471e-06
2.8839948596887296e-06
3.0863203016882946e-06
3.295504233247169e-06
3.5115466543653492e-06
3.734447565042837e-06
3.964206965279633e-06
4.200824855075735e-06
4.444301234431145e-06
4.694636103345863e-06
4.951829461819888e-06
5.215881309853219e-06
5.486791647445857e-06
5.764560474597805e-06
6.049187791309058e-06
6.3406735975796195e-06
6.639017893409489e-06
6.944220678798665e-06
7.256281953747148e-06
7.575201718254938e-06
7.900979972322034e-06
8.233616715948443e-06
0.0
3.4292447796536614e-09
1.3716979118614645e-08
3.0863203016882947e-08
5.486791647445858e-08
8.573111949134152e-08
1.2345281206753179e-07
1.6803299420302944e-07
2.1947166589783433e-07
2.7776882715194655e-07
3.429244779653661e-07
4.1493861833809304e-07
4.938112482701271e-07
5.795423677614687e-07
6.721319768121178e-07
7.715800754220736e-07
8.778866635913373e-07
9.910517413199083e-07
1.1110753086077862e-06
1.237957365454972e-06
1.3716979118614644e-06
1.5122969478272644e-06
1.6597544733523722e-06
1.814070488436787e-06
1.9752449930805086e-06
2.143277987283538e-06
2.318169471045875e-06
2.4999194443675185e-06
2.688527907248471e-06
2.8839948596887296e-06
3.0863203016882946e-06
3.295504233247169e-06
3.5115466543653492e-06
3.734447565042837e-06
3.964206965279633e-06
4.200824855075735e-06
4.444301234431145e-06
4.694636103345863e-06
4.951829461819888e-06
5.215881309853219e-06
5.486791647445857e-06
5.764560474597805e-06
6.049187791309058e-06
6.3406735975796195e-06
6.639017893409489e-06
6.944220678798665e-06
7.256281953747148e-06
7.575201718254938e-06
7.900979972322034e-06
8.233616715948443e-06
0.0
3.4292447796536614e-09
1.3716979118614645e-08
3.0863203016882947e-08
5.486791647445858e-08
8.573111949134152e-08
1.2345281206753179e-07
1.6803299420302944e-07
2.1947166589783433e-07
2.7776882715194655e-07
3.429244779653661e-07
4.1493861833809304e-07
4.938112482701271e-07
5.795423677614687e-07
6.721319768121178e-07
7.715800754220736e-07
8.778866635913373e-07
9.910517413199083e-07
1.1110753086077862e-06
1.237957365454972e-06
1.3716979118614644e-06
1.5122969478272644e-06
1.6597544733523722e-06
1.814070488436787e-06
1.9752449930805086e-06
2.143277987283538e-06
2.318169471045875e-06
2.4999194443675185e-06
2.688527907248471e-06
2.8839948596887296e-06
3.0863203016882946e-06
3.295504233247169e-06
3.5115466543653492e-06
3.734447565042837e-06
3.964206965279633e-06
4.200824855075735e-06
4.444301234431145e-06
4.694636103345863e-06
4.951829461819888e-06
5.215881309853219e-06
5.486791647445857e-06
5.764560474597805e-06
6.049187791309058e-06
6.3406735975796195e-06
6.639017893409489e-06
6.944220678798665e-06
7.256281953747148e-06
7.575201718254938e-06
7.900979972322034e-06
8.233616715948443e-06
0.0
3.4292447796536614e-09
1.3716979118614645e-08
3.0863203016882947e-08
5.486791647445858e-08
8.573111949134152e-08
1.2345281206753179e-07
1.6803299420302944e-07
2.1947166589783433e-07
2.7776882715194655e-07
3.429244779653661e-07
4.1493861833809304e-07
4.938112482701271e-07
5.795423677614687e-07
6.721319768121178e-07
7.715800754220736e-07
8.778866635913373e-07
9.910517413199083e-07
1.1110753086077862e-06
1.237957365454972e-06
1.3716979118614644e-06
1.5122969478272644e-06
1.6597544733523722e-06
1.814070488436787e-06
1.9752449930805086e-06
2.143277987283538e-06
2.318169471045875e-06
2.4999194443675185e-06
2.688527907248471e-06
2.8839948596887296e-06
3.0863203016882946e-06
3.295504233247169e-06
3.5115466543653492e-06
3.734447565042837e-06
3.964206965279633e-06
4.200824855075735e-06
4.444301234431145e-06
4.694636103345863e-06
4.951829461819888e-06
5.215881309853219e-06
5.486791647445857e-06
5.764560474597805e-06
6.049187791309058e-06
6.3406735975796195e-06
6.639017893409489e-06
6.944220678798665e-06
7.256281953747148e-06
7.575201718254938e-06
7.900979972322034e-06
8.233616715948443e-06
0.0
3.4292447796536614e-09
1.3716979118614645e-08
3.0863203016882947e-08
5.486791647445858e-08
8.573111949134152e-08
1.2345281206753179e-07
1.6803299420302944e-07
2.1947166589783433e-07
2.7776882715194655e-07
3.429244779653661e-07
4.1493861833809304e-07
4.938112482701271e-07
5.795423677614687e-07
6.721319768121178e-07
7.715800754220736e-07
8.778866635913373e-07
9.910517413199083e-07
1.1110753086077862e-06
1.237957365454972e-06
1.3716979118614644e-06
1.5122969478272644e-06
1.6597544733523722e-06
1.814070488436787e-06
1.9752449930805086e-06
2.143277987283538e-06
2.318169471045875e-06
2.4999194443675185e-06
2.688527907248471e-06
2.8839948596887296e-06
3.0863203016882946e-06
3.295504233247169e-06
3.5115466543653492e-06
3.734447565042837e-06
3.964206965279633e-06
4.200824855075735e-06
4.444301234431145e-06
4.694636103345863e-06
4.951829461819888e-06
5.215881309853219e-06
5.486791647445857e-06
5.764560474597805e-06
6.049187791309058e-06
6.3406735975796195e-06
6.639017893409489e-06
6.944220678798665e-06
7.256281953747148e-06
7.575201718254938e-06
7.900979972322034e-06
8.233616715948443e-06
0.0
3.4292447796536614e-09
1.3716979118614645e-08
3.0863203016882947e-08
5.486791647445858e-08
8.573111949134152e-08
1.2345281206753179e-07
1.6803299420302944e-07
2.1947166589783433e-07
2.7776882715194655e-07
3.429244779653661e-07
4.1493861833809304e-07
4.938112482701271e-07
5.795423677614687e-07
6.721319768121178e-07
7.715800754220736e-07
8.778866635913373e-07
9.910517413199083e-07
1.1110753086077862e-06
1.237957365454972e-06
1.3716979118614644e-06
1.5122969478272644e-06
1.6597544733523722e-06
1.814070488436787e-06
1.9752449930805086e-06
2.143277987283538e-06
2.318169471045875e-06
2.4999194443675185e-06
2.688527907248471e-06
2.8839948596887296e-06
3.0863203016882946e-06
3.295504233247169e-06
3.5115466543653492e-06
3.734447565042837e-06
3.964206965279633e-06
4.200824855075735e-06
4.444301234431145e-06
4.694636103345863e-06
4.951829461819888e-06
5.215881309853219e-06
5.486791647445857e-06
5.764560474597805e-06
6.049187791309058e-06
6.3406735975796195e-06
6.639017893409489e-06
6.944220678798665e-06
7.256281953747148e-06
7.575201718254938e-06
7.900979972322034e-06
8.233616715948443e-06
0.0
3.4292447796536614e-09
1.3716979118614645e-08
3.0863203016882947e-08
5.486791647445858e-08
8.573111949134152e-08
1.2345281206753179e-07
1.6803299420302944e-07
2.1947166589783433e-07
2.7776882715194655e-07
3.429244779653661e-07
4.1493861833809304e-07
4.938112482701271e-07
5.795423677614687e-07
6.721319768121178e-07
7.715800754220736e-07
8.778866635913373e-07
9.910517413199083e-07
1.1110753086077862e-06
1.237957365454972e-06
1.3716979118614644e-06
1.5122969478272644e-06
1.6597544733523722e-06
1.814070488436787e-06
1.9752449930805086e-06
2.143277987283538e-06
2.318169471045875e-06
2.4999194443675185e-06
2.688527907248471e-06
2.8839948596887296e-06
3.0863203016882946e-06
3.295504233247169e-06
3.5115466543653492e-06
3.734447565042837e-06
3.964206965279633e-06
4.200824855075735e-06
4.444301234431145e-06
4.694636103345863e-06
4.951829461819888e-06
5.215881309853219e-06
5.486791647445857e-06
5.764560474597805e-06
6.049187791309058e-06
6.3406735975796195e-06
6.639017893409489e-06
6.944220678798665e-06
7.256281953747148e-06
7.575201718254938e-06
7.900979972322034e-06
8.233616715948443e-06
0.0
3.4292447796536614e-09
1.3716979118614645e-08
3.0863203016882947e-08
5.486791647445858e-08
8.573111949134152e-08
1.2345281206753179e-07
1.6803299420302944e-07
2.1947166589783433e-07
2.7776882715194655e-07
3.429244779653661e-07
4.1493861833809304e-07
4.938112482701271e-07
5.795423677614687e-07
6.721319768121178e-07
7.715800754220736e-07
8.778866635913373e-07
9.910517413199083e-07
1.1110753086077862e-06
1.237957365454972e-06
1.3716979118614644e-06
1.5122969478272644e-06
1.6597544733523722e-06
1.814070488436787e-06
1.9752449930805086e-06
2.143277987283538e-06
2.318169471045875e-06
2.4999194443675185e-06
2.688527907248471e-06
2.8839948596887296e-06
3.0863203016882946e-06
3.295504233247169e-06
3.5115466543653492e-06
3.734447565042837e-06
3.964206965279633e-06
4.200824855075735e-06
4.444301234431145e-06
4.694636103345863e-06
4.951829461819888e-06
5.215881309853219e-06
5.486791647445857e-06
5.764560474597805e-06
6.049187791309058e-06
6.3406735975796195e-06
6.639017893409489e-06
6.944220678798665e-06
7.256281953747148e-06
7.575201718254938e-06
7.900979972322034e-06
8.233616715948443e-06
0.0
3.4292447796536614e-09
1.3716979118614645e-08
3.0863203016882947e-08
5.486791647445858e-08
8.573111949134152e-08
1.2345281206753179e-07
1.6803299420302944e-07
2.1947166589783433e-07
2.7776882715194655e-07
3.429244779653661e-07
4.1493861833809304e-07
4.938112482701271e-07
5.795423677614687e-07
6.721319768121178e-07
7.715800754220736e-07
8.778866635913373e-07
9.910517413199083e-07
1.1110753086077862e-06
1.237957365454972e-06
1.3716979118614644e-06
1.5122969478272644e-06
1.6597544733523722e-06
1.814070488436787e-06
1.9752449930805086e-06
2.143277987283538e-06
2.318169471045875e-06
2.4999194443675185e-06
2.688527907248471e-06
2.8839948596887296e-06
3.0863203016882946e-06
3.295504233247169e-06
3.5115466543653492e-06
3.734447565042837e-06
3.964206965279633e-06
4.200824855075735e-06
4.444301234431145e-06
4.694636103345863e-06
4.951829461819888e-06
5.215881309853219e-06
5.486791647445857e-06
5.764560474597805e-06
6.049187791309058e-06
6.3406735975796195e-06
6.639017893409489e-06
6.944220678798665e-06
7.256281953747148e-06
7.575201718254938e-06
7.900979972322034e-06
8.233616715948443e-06
0.0
3.4292447796536614e-09
1.3716979118614645e-08
3.0863203016882947e-08
5.486791647445858e-08
8.573111949134152e-08
1.2345281206753179e-07
1.6803299420302944e-07
2.1947166589783433e-07
2.7776882715194655e-07
3.429244779653661e-07
4.1493861833809304e-07
4.938112482701271e-07
5.795423677614687e-07
6.721319768121178e-07
7.715800754220736e-07
8.778866635913373e-07
9.910517413199083e-07
1.1110753086077862e-06
1.237957365454972e-06
1.3716979118614644e-06
1.5122969478272644e-06
1.6597544733523722e-06
1.814070488436787e-06
1.9752449930805086e-06
2.143277987283538e-06
2.318169471045875e-06
2.4999194443675185e-06
2.688527907248471e-06
2.8839948596887296e-06
3.0863203016882946e-06
3.295504233247169e-06
3.5115466543653492e-06
3.734447565042837e-06
3.964206965279633e-06
4.200824855075735e-06
4.444301234431145e-06
4.694636103345863e-06
4.951829461819888e-06
5.215881309853219e-06
5.486791647445857e-06
5.764560474597805e-06
6.049187791309058e-06
6.3406735975796195e-06
6.639017893409489e-06
6.944220678798665e-06
7.256281953747148e-06
7.575201718254938e-06
7.900979972322034e-06
8.233616715948443e-06
0.0
3.4292447796536614e-09
1.3716979118614645e-08
3.0863203016882947e-08
5.486791647445858e-08
8.573111949134152e-08
1.2345281206753179e-07
1.6803299420302944e-07
2.1947166589783433e-07
2.7776882715194655e-07
3.429244779653661e-07
4.1493861833809304e-07
4.938112482701271e-07
5.795423677614687e-07
6.721319768121178e-07
7.715800754220736e-07
8.778866635913373e-07
9.910517413199083e-07
1.1110753086077862e-06
1.237957365454972e-06
1.3716979118614644e-06
1.5122969478272644e-06
1.6597544733523722e-06
1.814070488436787e-06
1.9752449930805086e-06
2.143277987283538e-06
2.318169471045875e-06
2.4999194443675185e-06
2.688527907248471e-06
2.8839948596887296e-06
3.0863203016882946e-06
3.295504233247169e-06
3.5115466543653492e-06
3.734447565042837e-06
3.964206965279633e-06
4.200824855075735e-06
4.444301234431145e-06
4.694636103345863e-06
4.951829461819888e-06
5.215881309853219e-06
5.486791647445857e-06
5.764560474597805e-06
6.049187791309058e-06
6.3406735975796195e-06
6.639017893409489e-06
6.944220678798665e-06
7.256281953747148e-06
7.575201718254938e-06
7.900979972322034e-06
8.233616715948443e-06
0.0
3.4292447796536614e-09
1.3716979118614645e-08
3.0863203016882947e-08
5.486791647445858e-08
8.573111949134152e-08
1.2345281206753179e-07
1.6803299420302944e-07
2.1947166589783433e-07
2.7776882715194655e-07
3.429244779653661e-07
4.1493861833809304e-07
4.938112482701271e-07
5.795423677614687e-07
6.721319768121178e-07
7.715800754220736e-07
8.778866635913373e-07
9.910517413199083e-07
1.1110753086077862e-06
1.237957365454972e-06
1.3716979118614644e-06
1.5122969478272644e-06
1.6597544733523722e-06
1.814070488436787e-06
1.9752449930805086e-06
2.143277987283538e-06
2.318169471045875e-06
2.4999194443675185e-06
2.688527907248471e-06
2.8839948596887296e-06
3.0863203016882946e-06
3.295504233247169e-06
3.5115466543653492e-06
3.734447565042837e-06
3.964206965279633e-06
4.200824855075735e-06
4.444301234431145e-06
4.694636103345863e-06
4.951829461819888e-06
5.215881309853219e-06
5.486791647445857e-06
5.764560474597805e-06
6.049187791309058e-06
6.3406735975796195e-06
6.639017893409489e-06
6.944220678798665e-06
7.256281953747148e-06
7.575201718254938e-06
7.900979972322034e-06
8.233616715948443e-06
0.0
3.4292447796536614e-09
1.3716979118614645e-08
3.0863203016882947e-08
5.486791647445858e-08
8.573111949134152e-08
1.2345281206753179e-07
1.6803299420302944e-07
2.1947166589783433e-07
2.7776882715194655e-07
3.429244779653661e-07
4.1493861833809304e-07
4.938112482701271e-07
5.795423677614687e-07
6.721319768121178e-07
7.715800754220736e-07
8.778866635913373e-07
9.910517413199083e-07
1.1110753086077862e-06
1.237957365454972e-06
1.3716979118614644e-06
1.5122969478272644e-06
1.6597544733523722e-06
1.814070488436787e-06
1.9752449930805086e-06
2.143277987283538e-06
2.318169471045875e-06
2.4999194443675185e-06
2.688527907248471e-06
2.8839948596887296e-06
3.0863203016882946e-06
3.295504233247169e-06
3.5115466543653492e-06
3.734447565042837e-06
3.964206965279633e-06
4.200824855075735e-06
4.444301234431145e-06
4.694636103345863e-06
4.951829461819888e-06
5.215881309853219e-06
5.486791647445857e-06
5.764560474597805e-06
6.049187791309058e-06
6.3406735975796195e-06
6.639017893409489e-06
6.944220678798665e-06
7.256281953747148e-06
7.575201718254938e-06
7.900979972322034e-06
8.233616715948443e-06
0.0
3.4292447796536614e-09
1.3716979118614645e-08
3.0863203016882947e-08
5.486791647445858e-08
8.573111949134152e-08
1.2345281206753179e-07
1.6803299420302944e-07
2.1947166589783433e-07
2.7776882715194655e-07
3.429244779653661e-07
4.1493861833809304e-07
4.938112482701271e-07
5.795423677614687e-07
6.721319768121178e-07
7.715800754220736e-07
8.778866635913373e-07
9.910517413199083e-07
1.1110753086077862e-06
1.237957365454972e-06
1.3716979118614644e-06
1.5122969478272644e-06
1.6597544733523722e-06
1.814070488436787e-06
1.9752449930805086e-06
2.143277987283538e-06
2.318169471045875e-06
2.4999194443675185e-06
2.688527907248471e-06
2.8839948596887296e-06
3.0863203016882946e-06
3.295504233247169e-06
3.5115466543653492e-06
3.734447565042837e-06
3.964206965279633e-06
4.200824855075735e-06
4.444301234431145e-06
4.694636103345863e-06
4.951829461819888e-06
5.215881309853219e-06
5.486791647445857e-06
5.764560474597805e-06
6.049187791309058e-06
6.3406735975796195e-06
6.639017893409489e-06
6.944220678798665e-06
7.256281953747148e-06
7.575201718254938e-06
7.900979972322034e-06
8.233616715948443e-06
0.0
3.4292447796536614e-09
1.3716979118614645e-08
3.0863203016882947e-08
5.486791647445858e-08
8.573111949134152e-08
1.2345281206753179e-07
1.6803299420302944e-07
2.1947166589783433e-07
2.7776882715194655e-07
3.429244779653661e-07
4.1493861833809304e-07
4.938112482701271e-07
5.795423677614687e-07
6.721319768121178e-07
7.715800754220736e-07
8.778866635913373e-07
9.910517413199083e-07
1.1110753086077862e-06
1.237957365454972e-06
1.3716979118614644e-06
1.5122969478272644e-06
1.6597544733523722e-06
1.814070488436787e-06
1.9752449930805086e-06
2.143277987283538e-06
2.318169471045875e-06
2.4999194443675185e-06
2.688527907248471e-06
2.8839948596887296e-06
3.0863203016882946e-06
3.295504233247169e-06
3.5115466543653492e-06
3.734447565042837e-06
3.964206965279633e-06
4.200824855075735e-06
4.444301234431145e-06
4.694636103345863e-06
4.951829461819888e-06
5.215881309853219e-06
5.486791647445857e-06
5.764560474597805e-06
6.049187791309058e-06
6.3406735975796195e-06
6.639017893409489e-06
6.944220678798665e-06
7.256281953747148e-06
7.575201718254938e-06
7.900979972322034e-06
8.233616715948443e-06
0.0
3.4292447796536614e-09
1.3716979118614645e-08
3.0863203016882947e-08
5.486791647445858e-08
8.573111949134152e-08
1.2345281206753179e-07
1.6803299420302944e-07
2.1947166589783433e-07
2.7776882715194655e-07
3.429244779653661e-07
4.1493861833809304e-07
4.938112482701271e-07
5.795423677614687e-07
6.721319768121178e-07
7.715800754220736e-07
8.778866635913373e-07
9.910517413199083e-07
1.1110753086077862e-06
1.237957365454972e-06
1.3716979118614644e-06
1.5122969478272644e-06
1.6597544733523722e-06
1.814070488436787e-06
1.9752449930805086e-06
2.143277987283538e-06
2.318169471045875e-06
2.4999194443675185e-06
2.688527907248471e-06
2.8839948596887296e-06
3.0863203016882946e-06
3.295504233247169e-06
3.5115466543653492e-06
3.734447565042837e-06
3.964206965279633e-06
4.200824855075735e-06
4.444301234431145e-06
4.694636103345863e-06
4.951829461819888e-06
5.215881309853219e-06
5.486791647445857e-06
5.764560474597805e-06
6.049187791309058e-06
6.3406735975796195e-06
6.639017893409489e-06
6.944220678798665e-06
7.256281953747148e-06
7.575201718254938e-06
7.900979972322034e-06
8.233616715948443e-06
0.0
3.4292447796536614e-09
1.3716979118614645e-08
3.0863203016882947e-08
5.486791647445858e-08
8.573111949134152e-08
1.2345281206753179e-07
1.6803299420302944e-07
2.1947166589783433e-07
2.7776882715194655e-07
3.429244779653661e-07
4.1493861833809304e-07
4.938112482701271e-07
5.795423677614687e-07
6.721319768121178e-07
7.715800754220736e-07
8.778866635913373e-07
9.910517413199083e-07
1.1110753086077862e-06
1.237957365454972e-06
1.3716979118614644e-06
1.5122969478272644e-06
1.6597544733523722e-06
1.814070488436787e-06
1.9752449930805086e-06
2.143277987283538e-06
2.318169471045875e-06
2.4999194443675185e-06
2.688527907248471e-06
2.8839948596887296e-06
3.0863203016882946e-06
3.295504233247169e-06
3.5115466543653492e-06
3.734447565042837e-06
3.964206965279633e-06
4.200824855075735e-06
4.444301234431145e-06
4.694636103345863e-06
4.951829461819888e-06
5.215881309853219e-06
5.486791647445857e-06
5.764560474597805e-06
6.049187791309058e-06
6.3406735975796195e-06
6.639017893409489e-06
6.944220678798665e-06
7.256281953747148e-06
7.575201718254938e-06
7.900979972322034e-06
8.233616715948443e-06
0.0
3.4292447796536614e-09
1.3716979118614645e-08
3.0863203016882947e-08
5.486791647445858e-08
8.573111949134152e-08
1.2345281206753179e-07
1.6803299420302944e-07
2.1947166589783433e-07
2.7776882715194655e-07
3.429244779653661e-07
4.1493861833809304e-07
4.938112482701271e-07
5.795423677614687e-07
6.721319768121178e-07
7.715800754220736e-07
8.778866635913373e-07
9.910517413199083e-07
1.1110753086077862e-06
1.237957365454972e-06
1.3716979118614644e-06
1.5122969478272644e-06
1.6597544733523722e-06
1.814070488436787e-06
1.9752449930805086e-06
2.143277987283538e-06
2.318169471045875e-06
2.4999194443675185e-06
2.688527907248471e-06
2.8839948596887296e-06
3.0863203016882946e-06
3.295504233247169e-06
3.5115466543653492e-06
3.734447565042837e-06
3.964206965279633e-06
4.200824855075735e-06
4.444301234431145e-06
4.694636103345863e-06
4.951829461819888e-06
5.215881309853219e-06
5.486791647445857e-06
5.764560474597805e-06
6.049187791309058e-06
6.3406735975796195e-06
6.639017893409489e-06
6.944220678798665e-06
7.256281953747148e-06
7.575201718254938e-06
7.900979972322034e-06
8.233616715948443e-06
0.0
3.4292447796536614e-09
1.3716979118614645e-08
3.0863203016882947e-08
5.486791647445858e-08
8.573111949134152e-08
1.2345281206753179e-07
1.6803299420302944e-07
2.1947166589783433e-07
2.7776882715194655e-07
3.429244779653661e-07
4.1493861833809304e-07
4.938112482701271e-07
5.795423677614687e-07
6.721319768121178e-07
7.715800754220736e-07
8.778866635913373e-07
9.910517413199083e-07
1.1110753086077862e-06
1.237957365454972e-06
1.3716979118614644e-06
1.5122969478272644e-06
1.6597544733523722e-06
1.814070488436787e-06
1.9752449930805086e-06
2.143277987283538e-06
2.318169471045875e-06
2.4999194443675185e-06
2.688527907248471e-06
2.8839948596887296e-06
3.0863203016882946e-06
3.295504233247169e-06
3.5115466543653492e-06
3.734447565042837e-06
3.964206965279633e-06
4.200824855075735e-06
4.444301234431145e-06
4.694636103345863e-06
4.951829461819888e-06
5.215881309853219e-06
5.486791647445857e-06
5.764560474597805e-06
6.049187791309058e-06
6.3406735975796195e-06
6.639017893409489e-06
6.944220678798665e-06
7.256281953747148e-06
7.575201718254938e-06
7.900979972322034e-06
8.233616715948443e-06
0.0
3.4292447796536614e-09
1.3716979118614645e-08
3.0863203016882947e-08
5.486791647445858e-08
8.573111949134152e-08
1.2345281206753179e-07
1.6803299420302944e-07
2.1947166589783433e-07
2.7776882715194655e-07
3.429244779653661e-07
4.1493861833809304e-07
4.938112482701271e-07
5.795423677614687e-07
6.721319768121178e-07
7.715800754220736e-07
8.778866635913373e-07
9.910517413199083e-07
1.1110753086077862e-06
1.237957365454972e-06
1.3716979118614644e-06
1.5122969478272644e-06
1.6597544733523722e-06
1.814070488436787e-06
1.9752449930805086e-06
2.143277987283538e-06
2.318169471045875e-06
2.4999194443675185e-06
2.688527907248471e-06
2.8839948596887296e-06
3.0863203016882946e-06
3.295504233247169e-06
3.5115466543653492e-06
3.734447565042837e-06
3.964206965279633e-06
4.200824855075735e-06
4.444301234431145e-06
4.694636103345863e-06
4.951829461819888e-06
5.215881309853219e-06
5.486791647445857e-06
5.764560474597805e-06
6.049187791309058e-06
6.3406735975796195e-06
6.639017893409489e-06
6.944220678798665e-06
7.256281953747148e-06
7.575201718254938e-06
7.900979972322034e-06
8.233616715948443e-06
0.0
3.4292447796536614e-09
1.3716979118614645e-08
3.0863203016882947e-08
5.486791647445858e-08
8.573111949134152e-08
1.2345281206753179e-07
1.6803299420302944e-07
2.1947166589783433e-07
2.7776882715194655e-07
3.429244779653661e-07
4.1493861833809304e-07
4.938112482701271e-07
5.795423677614687e-07
6.721319768121178e-07
7.715800754220736e-07
8.778866635913373e-07
9.910517413199083e-07
1.1110753086077862e-06
1.237957365454972e-06
1.3716979118614644e-06
1.5122969478272644e-06
1.6597544733523722e-06
1.814070488436787e-06
1.9752449930805086e-06
2.143277987283538e-06
2.318169471045875e-06
2.4999194443675185e-06
2.688527907248471e-06
2.8839948596887296e-06
3.0863203016882946e-06
3.295504233247169e-06
3.5115466543653492e-06
3.734447565042837e-06
3.964206965279633e-06
4.200824855075735e-06
4.444301234431145e-06
4.694636103345863e-06
4.951829461819888e-06
5.215881309853219e-06
5.486791647445857e-06
5.764560474597805e-06
6.049187791309058e-06
6.3406735975796195e-06
6.639017893409489e-06
6.944220678798665e-06
7.256281953747148e-06
7.575201718254938e-06
7.900979972322034e-06
8.233616715948443e-06
0.0
3.4292447796536614e-09
1.3716979118614645e-08
3.0863203016882947e-08
5.486791647445858e-08
8.573111949134152e-08
1.2345281206753179e-07
1.6803299420302944e-07
2.1947166589783433e-07
2.7776882715194655e-07
3.429244779653661e-07
4.1493861833809304e-07
4.938112482701271e-07
5.795423677614687e-07
6.721319768121178e-07
7.715800754220736e-07
8.778866635913373e-07
9.910517413199083e-07
1.1110753086077862e-06
1.237957365454972e-06
1.3716979118614644e-06
1.5122969478272644e-06
1.6597544733523722e-06
1.814070488436787e-06
1.9752449930805086e-06
2.143277987283538e-06
2.318169471045875e-06
2.4999194443675185e-06
2.688527907248471e-06
2.8839948596887296e-06
3.0863203016882946e-06
3.295504233247169e-06
3.5115466543653492e-06
3.734447565042837e-06
3.964206965279633e-06
4.200824855075735e-06
4.444301234431145e-06
4.694636103345863e-06
4.951829461819888e-06
5.215881309853219e-06
5.486791647445857e-06
5.764560474597805e-06
6.049187791309058e-06
6.3406735975796195e-06
6.639017893409489e-06
6.944220678798665e-06
7.256281953747148e-06
7.575201718254938e-06
7.900979972322034e-06
8.233616715948443e-06
0.0
3.4292447796536614e-09
1.3716979118614645e-08
3.0863203016882947e-08
5.486791647445858e-08
8.573111949134152e-08
1.2345281206753179e-07
1.6803299420302944e-07
2.1947166589783433e-07
2.7776882715194655e-07
3.429244779653661e-07
4.1493861833809304e-07
4.938112482701271e-07
5.795423677614687e-07
6.721319768121178e-07
7.715800754220736e-07
8.778866635913373e-07
9.910517413199083e-07
1.1110753086077862e-06
1.237957365454972e-06
1.3716979118614644e-06
1.5122969478272644e-06
1.6597544733523722e-06
1.814070488436787e-06
1.9752449930805086e-06
2.143277987283538e-06
2.318169471045875e-06
2.4999194443675185e-06
2.688527907248471e-06
2.8839948596887296e-06
3.0863203016882946e-06
3.295504233247169e-06
3.5115466543653492e-06
3.734447565042837e-06
3.964206965279633e-06
4.200824855075735e-06
4.444301234431145e-06
4.694636103345863e-06
4.951829461819888e-06
5.215881309853219e-06
5.486791647445857e-06
5.764560474597805e-06
6.049187791309058e-06
6.3406735975796195e-06
6.639017893409489e-06
6.944220678798665e-06
7.256281953747148e-06
7.575201718254938e-06
7.900979972322034e-06
8.233616715948443e-06
0.0
3.4292447796536614e-09
1.3716979118614645e-08
3.0863203016882947e-08
5.486791647445858e-08
8.573111949134152e-08
1.2345281206753179e-07
1.6803299420302944e-07
2.1947166589783433e-07
2.7776882715194655e-07
3.429244779653661e-07
4.1493861833809304e-07
4.938112482701271e-07
5.795423677614687e-07
6.721319768121178e-07
7.715800754220736e-07
8.778866635913373e-07
9.910517413199083e-07
1.1110753086077862e-06
1.237957365454972e-06
1.3716979118614644e-06
1.5122969478272644e-06
1.6597544733523722e-06
1.814070488436787e-06
1.9752449930805086e-06
2.143277987283538e-06
2.318169471045875e-06
2.4999194443675185e-06
2.688527907248471e-06
2.8839948596887296e-06
3.0863203016882946e-06
3.295504233247169e-06
3.5115466543653492e-06
3.734447565042837e-06
3.964206965279633e-06
4.200824855075735e-06
4.444301234431145e-06
4.694636103345863e-06
4.951829461819888e-06
5.215881309853219e-06
5.486791647445857e-06
5.764560474597805e-06
6.049187791309058e-06
6.3406735975796195e-06
6.639017893409489e-06
6.944220678798665e-06
7.256281953747148e-06
7.575201718254938e-06
7.900979972322034e-06
8.233616715948443e-06
0.0
3.4292447796536614e-09
1.3716979118614645e-08
3.0863203016882947e-08
5.486791647445858e-08
8.573111949134152e-08
1.2345281206753179e-07
1.6803299420302944e-07
2.1947166589783433e-07
2.7776882715194655e-07
3.429244779653661e-07
4.1493861833809304e-07
4.938112482701271e-07
5.795423677614687e-07
6.721319768121178e-07
7.715800754220736e-07
8.778866635913373e-07
9.910517413199083e-07
1.1110753086077862e-06
1.237957365454972e-06
1.3716979118614644e-06
1.5122969478272644e-06
1.6597544733523722e-06
1.814070488436787e-06
1.9752449930805086e-06
2.143277987283538e-06
2.318169471045875e-06
2.4999194443675185e-06
2.688527907248471e-06
2.8839948596887296e-06
3.0863203016882946e-06
3.295504233247169e-06
3.5115466543653492e-06
3.734447565042837e-06
3.964206965279633e-06
4.200824855075735e-06
4.444301234431145e-06
4.694636103345863e-06
4.951829461819888e-06
5.215881309853219e-06
5.486791647445857e-06
5.764560474597805e-06
6.049187791309058e-06
6.3406735975796195e-06
6.639017893409489e-06
6.944220678798665e-06
7.256281953747148e-06
7.575201718254938e-06
7.900979972322034e-06
8.233616715948443e-06
0.0
3.4292447796536614e-09
1.3716979118614645e-08
3.0863203016882947e-08
5.486791647445858e-08
8.573111949134152e-08
1.2345281206753179e-07
1.6803299420302944e-07
2.1947166589783433e-07
2.7776882715194655e-07
3.429244779653661e-07
4.1493861833809304e-07
4.938112482701271e-07
5.795423677614687e-07
6.721319768121178e-07
7.715800754220736e-07
8.778866635913373e-07
9.910517413199083e-07
1.1110753086077862e-06
1.237957365454972e-06
1.3716979118614644e-06
1.5122969478272644e-06
1.6597544733523722e-06
1.814070488436787e-06
1.9752449930805086e-06
2.143277987283538e-06
2.318169471045875e-06
2.4999194443675185e-06
2.688527907248471e-06
2.8839948596887296e-06
3.0863203016882946e-06
3.295504233247169e-06
3.5115466543653492e-06
3.734447565042837e-06
3.964206965279633e-06
4.200824855075735e-06
4.444301234431145e-06
4.694636103345863e-06
4.951829461819888e-06
5.215881309853219e-06
5.486791647445857e-06
5.764560474597805e-06
6.049187791309058e-06
6.3406735975796195e-06
6.639017893409489e-06
6.944220678798665e-06
7.256281953747148e-06
7.575201718254938e-06
7.900979972322034e-06
8.233616715948443e-06
0.0
3.4292447796536614e-09
1.3716979118614645e-08
3.0863203016882947e-08
5.486791647445858e-08
8.573111949134152e-08
1.2345281206753179e-07
1.6803299420302944e-07
2.1947166589783433e-07
2.7776882715194655e-07
3.429244779653661e-07
4.1493861833809304e-07
4.938112482701271e-07
5.795423677614687e-07
6.721319768121178e-07
7.715800754220736e-07
8.778866635913373e-07
9.910517413199083e-07
1.1110753086077862e-06
1.237957365454972e-06
1.3716979118614644e-06
1.5122969478272644e-06
1.6597544733523722e-06
1.814070488436787e-06
1.9752449930805086e-06
2.143277987283538e-06
2.318169471045875e-06
2.4999194443675185e-06
2.688527907248471e-06
2.8839948596887296e-06
3.0863203016882946e-06
3.295504233247169e-06
3.5115466543653492e-06
3.734447565042837e-06
3.964206965279633e-06
4.200824855075735e-06
4.444301234431145e-06
4.694636103345863e-06
4.951829461819888e-06
5.215881309853219e-06
5.486791647445857e-06
5.764560474597805e-06
6.049187791309058e-06
6.3406735975796195e-06
6.639017893409489e-06
6.944220678798665e-06
7.256281953747148e-06
7.575201718254938e-06
7.900979972322034e-06
8.233616715948443e-06
0.0
3.4292447796536614e-09
1.3716979118614645e-08
3.0863203016882947e-08
5.486791647445858e-08
8.573111949134152e-08
1.2345281206753179e-07
1.6803299420302944e-07
2.1947166589783433e-07
2.7776882715194655e-07
3.429244779653661e-07
4.1493861833809304e-07
4.938112482701271e-07
5.795423677614687e-07
6.721319768121178e-07
7.715800754220736e-07
8.778866635913373e-07
9.910517413199083e-07
1.1110753086077862e-06
1.237957365454972e-06
1.3716979118614644e-06
1.5122969478272644e-06
1.6597544733523722e-06
1.814070488436787e-06
1.9752449930805086e-06
2.143277987283538e-06
2.318169471045875e-06
2.4999194443675185e-06
2.688527907248471e-06
2.8839948596887296e-06
3.0863203016882946e-06
3.295504233247169e-06
3.5115466543653492e-06
3.734447565042837e-06
3.964206965279633e-06
4.200824855075735e-06
4.444301234431145e-06
4.694636103345863e-06
4.951829461819888e-06
5.215881309853219e-06
5.486791647445857e-06
5.764560474597805e-06
6.049187791309058e-06
6.3406735975796195e-06
6.639017893409489e-06
6.944220678798665e-06
7.256281953747148e-06
7.575201718254938e-06
7.900979972322034e-06
8.233616715948443e-06
0.0
3.4292447796536614e-09
1.3716979118614645e-08
3.0863203016882947e-08
5.486791647445858e-08
8.573111949134152e-08
1.2345281206753179e-07
1.6803299420302944e-07
2.1947166589783433e-07
2.7776882715194655e-07
3.429244779653661e-07
4.1493861833809304e-07
4.938112482701271e-07
5.795423677614687e-07
6.721319768121178e-07
7.715800754220736e-07
8.778866635913373e-07
9.910517413199083e-07
1.1110753086077862e-06
1.237957365454972e-06
1.3716979118614644e-06
1.5122969478272644e-06
1.6597544733523722e-06
1.814070488436787e-06
1.9752449930805086e-06
2.143277987283538e-06
2.318169471045875e-06
2.4999194443675185e-06
2.688527907248471e-06
2.8839948596887296e-06
3.0863203016882946e-06
3.295504233247169e-06
3.5115466543653492e-06
3.734447565042837e-06
3.964206965279633e-06
4.200824855075735e-06
4.444301234431145e-06
4.694636103345863e-06
4.951829461819888e-06
5.215881309853219e-06
5.486791647445857e-06
5.764560474597805e-06
6.049187791309058e-06
6.3406735975796195e-06
6.639017893409489e-06
6.944220678798665e-06
7.256281953747148e-06
7.575201718254938e-06
7.900979972322034e-06
8.233616715948443e-06
0.0
3.4292447796536614e-09
1.3716979118614645e-08
3.0863203016882947e-08
5.486791647445858e-08
8.573111949134152e-08
1.2345281206753179e-07
1.6803299420302944e-07
2.1947166589783433e-07
2.7776882715194655e-07
3.429244779653661e-07
4.1493861833809304e-07
4.938112482701271e-07
5.795423677614687e-07
6.721319768121178e-07
7.715800754220736e-07
8.778866635913373e-07
9.910517413199083e-07
1.1110753086077862e-06
1.237957365454972e-06
1.3716979118614644e-06
1.5122969478272644e-06
1.6597544733523722e-06
1.814070488436787e-06
1.9752449930805086e-06
2.143277987283538e-06
2.318169471045875e-06
2.4999194443675185e-06
2.688527907248471e-06
2.8839948596887296e-06
3.0863203016882946e-06
3.295504233247169e-06
3.5115466543653492e-06
3.734447565042837e-06
3.964206965279633e-06
4.200824855075735e-06
4.444301234431145e-06
4.694636103345863e-06
4.951829461819888e-06
5.215881309853219e-06
5.486791647445857e-06
5.764560474597805e-06
6.049187791309058e-06
6.3406735975796195e-06
6.639017893409489e-06
6.944220678798665e-06
7.256281953747148e-06
7.575201718254938e-06
7.900979972322034e-06
8.233616715948443e-06
0.0
3.4292447796536614e-09
1.3716979118614645e-08
3.0863203016882947e-08
5.486791647445858e-08
8.573111949134152e-08
1.2345281206753179e-07
1.6803299420302944e-07
2.1947166589783433e-07
2.7776882715194655e-07
3.429244779653661e-07
4.1493861833809304e-07
4.938112482701271e-07
5.795423677614687e-07
6.721319768121178e-07
7.715800754220736e-07
8.778866635913373e-07
9.910517413199083e-07
1.1110753086077862e-06
1.237957365454972e-06
1.3716979118614644e-06
1.5122969478272644e-06
1.6597544733523722e-06
1.814070488436787e-06
1.9752449930805086e-06
2.143277987283538e-06
2.318169471045875e-06
2.4999194443675185e-06
2.688527907248471e-06
2.8839948596887296e-06
3.0863203016882946e-06
3.295504233247169e-06
3.5115466543653492e-06
3.734447565042837e-06
3.964206965279633e-06
4.200824855075735e-06
4.444301234431145e-06
4.694636103345863e-06
4.951829461819888e-06
5.215881309853219e-06
5.486791647445857e-06
5.764560474597805e-06
6.049187791309058e-06
6.3406735975796195e-06
6.639017893409489e-06
6.944220678798665e-06
7.256281953747148e-06
7.575201718254938e-06
7.900979972322034e-06
8.233616715948443e-06
0.0
3.4292447796536614e-09
1.3716979118614645e-08
3.0863203016882947e-08
5.486791647445858e-08
8.573111949134152e-08
1.2345281206753179e-07
1.6803299420302944e-07
2.1947166589783433e-07
2.7776882715194655e-07
3.429244779653661e-07
4.1493861833809304e-07
4.938112482701271e-07
5.795423677614687e-07
6.721319768121178e-07
7.715800754220736e-07
8.778866635913373e-07
9.910517413199083e-07
1.1110753086077862e-06
1.237957365454972e-06
1.3716979118614644e-06
1.5122969478272644e-06
1.6597544733523722e-06
1.814070488436787e-06
1.9752449930805086e-06
2.143277987283538e-06
2.318169471045875e-06
2.4999194443675185e-06
2.688527907248471e-06
2.8839948596887296e-06
3.0863203016882946e-06
3.295504233247169e-06
3.5115466543653492e-06
3.734447565042837e-06
3.964206965279633e-06
4.200824855075735e-06
4.444301234431145e-06
4.694636103345863e-06
4.951829461819888e-06
5.215881309853219e-06
5.486791647445857e-06
5.764560474597805e-06
6.049187791309058e-06
6.3406735975796195e-06
6.639017893409489e-06
6.944220678798665e-06
7.256281953747148e-06
7.575201718254938e-06
7.900979972322034e-06
8.233616715948443e-06
0.0
3.4292447796536614e-09
1.3716979118614645e-08
3.0863203016882947e-08
5.486791647445858e-08
8.573111949134152e-08
1.2345281206753179e-07
1.6803299420302944e-07
2.1947166589783433e-07
2.7776882715194655e-07
3.429244779653661e-07
4.1493861833809304e-07
4.938112482701271e-07
5.795423677614687e-07
6.721319768121178e-07
7.715800754220736e-07
8.778866635913373e-07
9.910517413199083e-07
1.1110753086077862e-06
1.237957365454972e-06
1.3716979118614644e-06
1.5122969478272644e-06
1.6597544733523722e-06
1.814070488436787e-06
1.9752449930805086e-06
2.143277987283538e-06
2.318169471045875e-06
2.4999194443675185e-06
2.688527907248471e-06
2.8839948596887296e-06
3.0863203016882946e-06
3.295504233247169e-06
3.5115466543653492e-06
3.734447565042837e-06
3.964206965279633e-06
4.200824855075735e-06
4.444301234431145e-06
4.694636103345863e-06
4.951829461819888e-06
5.215881309853219e-06
5.486791647445857e-06
5.764560474597805e-06
6.049187791309058e-06
6.3406735975796195e-06
6.639017893409489e-06
6.944220678798665e-06
7.256281953747148e-06
7.575201718254938e-06
7.900979972322034e-06
8.233616715948443e-06
0.0
3.4292447796536614e-09
1.3716979118614645e-08
3.0863203016882947e-08
5.486791647445858e-08
8.573111949134152e-08
1.2345281206753179e-07
1.6803299420302944e-07
2.1947166589783433e-07
2.7776882715194655e-07
3.429244779653661e-07
4.1493861833809304e-07
4.938112482701271e-07
5.795423677614687e-07
6.721319768121178e-07
7.715800754220736e-07
8.778866635913373e-07
9.910517413199083e-07
1.1110753086077862e-06
1.237957365454972e-06
1.3716979118614644e-06
1.5122969478272644e-06
1.6597544733523722e-06
1.814070488436787e-06
1.9752449930805086e-06
2.143277987283538e-06
2.318169471045875e-06
2.4999194443675185e-06
2.688527907248471e-06
2.8839948596887296e-06
3.0863203016882946e-06
3.295504233247169e-06
3.5115466543653492e-06
3.734447565042837e-06
3.964206965279633e-06
4.200824855075735e-06
4.444301234431145e-06
4.694636103345863e-06
4.951829461819888e-06
5.215881309853219e-06
5.486791647445857e-06
5.764560474597805e-06
6.049187791309058e-06
6.3406735975796195e-06
6.639017893409489e-06
6.944220678798665e-06
7.256281953747148e-06
7.575201718254938e-06
7.900979972322034e-06
8.233616715948443e-06
0.0
3.4292447796536614e-09
1.3716979118614645e-08
3.0863203016882947e-08
5.486791647445858e-08
8.573111949134152e-08
1.2345281206753179e-07
1.6803299420302944e-07
2.1947166589783433e-07
2.7776882715194655e-07
3.429244779653661e-07
4.1493861833809304e-07
4.938112482701271e-07
5.795423677614687e-07
6.721319768121178e-07
7.715800754220736e-07
8.778866635913373e-07
9.910517413199083e-07
1.1110753086077862e-06
1.237957365454972e-06
1.3716979118614644e-06
1.5122969478272644e-06
1.6597544733523722e-06
1.814070488436787e-06
1.9752449930805086e-06
2.143277987283538e-06
2.318169471045875e-06
2.4999194443675185e-06
2.688527907248471e-06
2.8839948596887296e-06
3.0863203016882946e-06
3.295504233247169e-06
3.5115466543653492e-06
3.734447565042837e-06
3.964206965279633e-06
4.200824855075735e-06
4.444301234431145e-06
4.694636103345863e-06
4.951829461819888e-06
5.215881309853219e-06
5.486791647445857e-06
5.764560474597805e-06
6.049187791309058e-06
6.3406735975796195e-06
6.639017893409489e-06
6.944220678798665e-06
7.256281953747148e-06
7.575201718254938e-06
7.900979972322034e-06
8.233616715948443e-06
0.0
3.4292447796536614e-09
1.3716979118614645e-08
3.0863203016882947e-08
5.486791647445858e-08
8.573111949134152e-08
1.2345281206753179e-07
1.6803299420302944e-07
2.1947166589783433e-07
2.7776882715194655e-07
3.429244779653661e-07
4.1493861833809304e-07
4.938112482701271e-07
5.795423677614687e-07
6.721319768121178e-07
7.715800754220736e-07
8.778866635913373e-07
9.910517413199083e-07
1.1110753086077862e-06
1.237957365454972e-06
1.3716979118614644e-06
1.5122969478272644e-06
1.6597544733523722e-06
1.814070488436787e-06
1.9752449930805086e-06
2.143277987283538e-06
2.318169471045875e-06
2.4999194443675185e-06
2.688527907248471e-06
2.8839948596887296e-06
3.0863203016882946e-06
3.295504233247169e-06
3.5115466543653492e-06
3.734447565042837e-06
3.964206965279633e-06
4.200824855075735e-06
4.444301234431145e-06
4.694636103345863e-06
4.951829461819888e-06
5.215881309853219e-06
5.486791647445857e-06
5.764560474597805e-06
6.049187791309058e-06
6.3406735975796195e-06
6.639017893409489e-06
6.944220678798665e-06
7.256281953747148e-06
7.575201718254938e-06
7.900979972322034e-06
8.233616715948443e-06
0.0
3.4292447796536614e-09
1.3716979118614645e-08
3.0863203016882947e-08
5.486791647445858e-08
8.573111949134152e-08
1.2345281206753179e-07
1.6803299420302944e-07
2.1947166589783433e-07
2.7776882715194655e-07
3.429244779653661e-07
4.1493861833809304e-07
4.938112482701271e-07
5.795423677614687e-07
6.721319768121178e-07
7.715800754220736e-07
8.778866635913373e-07
9.910517413199083e-07
1.1110753086077862e-06
1.237957365454972e-06
1.3716979118614644e-06
1.5122969478272644e-06
1.6597544733523722e-06
1.814070488436787e-06
1.9752449930805086e-06
2.143277987283538e-06
2.318169471045875e-06
2.4999194443675185e-06
2.688527907248471e-06
2.8839948596887296e-06
3.0863203016882946e-06
3.295504233247169e-06
3.5115466543653492e-06
3.734447565042837e-06
3.964206965279633e-06
4.200824855075735e-06
4.444301234431145e-06
4.694636103345863e-06
4.951829461819888e-06
5.215881309853219e-06
5.486791647445857e-06
5.764560474597805e-06
6.049187791309058e-06
6.3406735975796195e-06
6.639017893409489e-06
6.944220678798665e-06
7.256281953747148e-06
7.575201718254938e-06
7.900979972322034e-06
8.233616715948443e-06
0.0
3.4292447796536614e-09
1.3716979118614645e-08
3.0863203016882947e-08
5.486791647445858e-08
8.573111949134152e-08
1.2345281206753179e-07
1.6803299420302944e-07
2.1947166589783433e-07
2.7776882715194655e-07
3.429244779653661e-07
4.1493861833809304e-07
4.938112482701271e-07
5.795423677614687e-07
6.721319768121178e-07
7.715800754220736e-07
8.778866635913373e-07
9.910517413199083e-07
1.1110753086077862e-06
1.237957365454972e-06
1.3716979118614644e-06
1.5122969478272644e-06
1.6597544733523722e-06
1.814070488436787e-06
1.9752449930805086e-06
2.143277987283538e-06
2.318169471045875e-06
2.4999194443675185e-06
2.688527907248471e-06
2.8839948596887296e-06
3.0863203016882946e-06
3.295504233247169e-06
3.5115466543653492e-06
3.734447565042837e-06
3.964206965279633e-06
4.200824855075735e-06
4.444301234431145e-06
4.694636103345863e-06
4.951829461819888e-06
5.215881309853219e-06
5.486791647445857e-06
5.764560474597805e-06
6.049187791309058e-06
6.3406735975796195e-06
6.639017893409489e-06
6.944220678798665e-06
7.256281953747148e-06
7.575201718254938e-06
7.900979972322034e-06
8.233616715948443e-06
0.0
3.4292447796536614e-09
1.3716979118614645e-08
3.0863203016882947e-08
5.486791647445858e-08
8.573111949134152e-08
1.2345281206753179e-07
1.6803299420302944e-07
2.1947166589783433e-07
2.7776882715194655e-07
3.429244779653661e-07
4.1493861833809304e-07
4.938112482701271e-07
5.795423677614687e-07
6.721319768121178e-07
7.715800754220736e-07
8.778866635913373e-07
9.910517413199083e-07
1.1110753086077862e-06
1.237957365454972e-06
1.3716979118614644e-06
1.5122969478272644e-06
1.6597544733523722e-06
1.814070488436787e-06
1.9752449930805086e-06
2.143277987283538e-06
2.318169471045875e-06
2.4999194443675185e-06
2.688527907248471e-06
2.8839948596887296e-06
3.0863203016882946e-06
3.295504233247169e-06
3.5115466543653492e-06
3.734447565042837e-06
3.964206965279633e-06
4.200824855075735e-06
4.444301234431145e-06
4.694636103345863e-06
4.951829461819888e-06
5.215881309853219e-06
5.486791647445857e-06
5.764560474597805e-06
6.049187791309058e-06
6.3406735975796195e-06
6.639017893409489e-06
6.944220678798665e-06
7.256281953747148e-06
7.575201718254938e-06
7.900979972322034e-06
8.233616715948443e-06
0.0
3.4292447796536614e-09
1.3716979118614645e-08
3.0863203016882947e-08
5.486791647445858e-08
8.573111949134152e-08
1.2345281206753179e-07
1.6803299420302944e-07
2.1947166589783433e-07
2.7776882715194655e-07
3.429244779653661e-07
4.1493861833809304e-07
4.938112482701271e-07
5.795423677614687e-07
6.721319768121178e-07
7.715800754220736e-07
8.778866635913373e-07
9.910517413199083e-07
1.1110753086077862e-06
1.237957365454972e-06
1.3716979118614644e-06
1.5122969478272644e-06
1.6597544733523722e-06
1.814070488436787e-06
1.9752449930805086e-06
2.143277987283538e-06
2.318169471045875e-06
2.4999194443675185e-06
2.688527907248471e-06
2.8839948596887296e-06
3.0863203016882946e-06
3.295504233247169e-06
3.5115466543653492e-06
3.734447565042837e-06
3.964206965279633e-06
4.200824855075735e-06
4.444301234431145e-06
4.694636103345863e-06
4.951829461819888e-06
5.215881309853219e-06
5.486791647445857e-06
5.764560474597805e-06
6.049187791309058e-06
6.3406735975796195e-06
6.639017893409489e-06
6.944220678798665e-06
7.256281953747148e-06
7.575201718254938e-06
7.900979972322034e-06
8.233616715948443e-06
0.0
3.4292447796536614e-09
1.3716979118614645e-08
3.0863203016882947e-08
5.486791647445858e-08
8.573111949134152e-08
1.2345281206753179e-07
1.6803299420302944e-07
2.1947166589783433e-07
2.7776882715194655e-07
3.429244779653661e-07
4.1493861833809304e-07
4.938112482701271e-07
5.795423677614687e-07
6.721319768121178e-07
7.715800754220736e-07
8.778866635913373e-07
9.910517413199083e-07
1.1110753086077862e-06
1.237957365454972e-06
1.3716979118614644e-06
1.5122969478272644e-06
1.6597544733523722e-06
1.814070488436787e-06
1.9752449930805086e-06
2.143277987283538e-06
2.318169471045875e-06
2.4999194443675185e-06
2.688527907248471e-06
2.8839948596887296e-06
3.0863203016882946e-06
3.295504233247169e-06
3.5115466543653492e-06
3.734447565042837e-06
3.964206965279633e-06
4.200824855075735e-06
4.444301234431145e-06
4.694636103345863e-06
4.951829461819888e-06
5.215881309853219e-06
5.486791647445857e-06
5.764560474597805e-06
6.049187791309058e-06
6.3406735975796195e-06
6.639017893409489e-06
6.944220678798665e-06
7.256281953747148e-06
7.575201718254938e-06
7.900979972322034e-06
8.233616715948443e-06
0.0
3.4292447796536614e-09
1.3716979118614645e-08
3.0863203016882947e-08
5.486791647445858e-08
8.573111949134152e-08
1.2345281206753179e-07
1.6803299420302944e-07
2.1947166589783433e-07
2.7776882715194655e-07
3.429244779653661e-07
4.1493861833809304e-07
4.938112482701271e-07
5.795423677614687e-07
6.721319768121178e-07
7.715800754220736e-07
8.778866635913373e-07
9.910517413199083e-07
1.1110753086077862e-06
1.237957365454972e-06
1.3716979118614644e-06
1.5122969478272644e-06
1.6597544733523722e-06
1.814070488436787e-06
1.9752449930805086e-06
2.143277987283538e-06
2.318169471045875e-06
2.4999194443675185e-06
2.688527907248471e-06
2.8839948596887296e-06
3.0863203016882946e-06
3.295504233247169e-06
3.5115466543653492e-06
3.734447565042837e-06
3.964206965279633e-06
4.200824855075735e-06
4.444301234431145e-06
4.694636103345863e-06
4.951829461819888e-06
5.215881309853219e-06
5.486791647445857e-06
5.764560474597805e-06
6.049187791309058e-06
6.3406735975796195e-06
6.639017893409489e-06
6.944220678798665e-06
7.256281953747148e-06
7.575201718254938e-06
7.900979972322034e-06
8.233616715948443e-06
