nan
nan
nan
nan
nan
nan
nan
nan
nan
nan
nan
nan
nan
nan
nan
nan
nan
nan
nan
nan
nan
nan
nan
nan
nan
nan
nan
nan
nan
nan
nan
nan
nan
nan
nan
nan
nan
nan
nan
nan
nan
nan
nan
nan
nan
nan
nan
nan
nan
nan
0.08955926285207763
0.0895505579527349
0.0895237500558885
0.08947870225740241
0.08941518761795875
0.0893328890395784
0.08923139858852999
0.08911021594427332
0.08896874567364071
0.08880629214649863
0.08862205021445337
0.08841508700024157
0.08818430357476875
0.08792834865553373
0.08764534394773256
0.08733237560423598
0.08695376972993774
0.08639076883434837
0.08673884385602634
0.08589598501003083
0.08541863436233169
0.08491708138345828
0.08438204496241285
0.08380939176450913
0.08319828262047098
0.08254280918635007
0.08184278286876204
0.0810951926727635
0.08029407093238214
0.0794464010885492
0.07853786224667714
0.07756744261374601
0.07652834067464649
0.07541777859018071
0.0742136565419086
0.07291788734608223
0.07145187719948096
0.06975546347292225
0.06753744216359775
nan
nan
nan
nan
nan
nan
nan
nan
nan
nan
nan
0.08969614270304371
0.08968845543387118
0.08966275577645895
0.08961889689134861
0.08955664013000003
0.08947565401399116
0.08937551229721019
0.08925569072131087
0.08911556146329688
0.08895438379694208
0.08877128749640267
0.0885652416216007
0.08833499095364422
0.08807891051750528
0.08779465245588314
0.08747786287412432
0.08712192167798936
0.08636089412792707
0.08680374962184959
0.08621388472379725
0.08566625804535313
0.08514465337300317
0.08460252935396112
0.08402719922700955
0.08341494820222145
0.08276010470955221
0.08206095359143718
0.08131452459161162
0.08051084109592549
0.07967035993710675
0.07876364612542297
0.07779544448089395
0.07675953255573709
0.07565313131493868
0.07445592378558277
0.07323307575404375
0.07170876360816038
0.07004231117679081
0.06813141110456279
nan
nan
nan
nan
nan
nan
nan
nan
nan
nan
nan
0.08992383370329385
0.08991783930603645
0.08989398630297073
0.08985211264002221
0.0897919618876096
0.08971318092242997
0.08961531636117434
0.089497808956134
0.08935998465390316
0.089201039849652
0.08902001608636001
0.08881575381912739
0.08858680132552577
0.08833121774852232
0.08804609020439902
0.08772601960073852
0.087356343302464
0.0863558120817274
0.086579980871918
0.08662804317504724
0.08630106664785012
0.08556750791758519
0.08499112867076161
0.0844032972772834
0.08378402114037536
0.08312936042471361
0.08243022711687951
0.08168488863682624
0.08088581022806429
0.08004778498701146
0.07914282177503067
0.07817785663752852
0.0771464839238449
0.07605525725267098
0.07485541479083573
0.0734919651787435
0.07214835395992412
0.0705143799117523
0.06856093583216309
0.06513495157285432
nan
nan
nan
nan
nan
nan
nan
nan
nan
nan
0.0902417001945783
0.09023806952351815
0.09021680111181539
0.09017771389217685
0.09012052888312225
0.09004486804774874
0.08995024666686427
0.08983606231629443
0.08970159023043076
0.08954595813919261
0.08936811586691057
0.08916677759258514
0.08894031274863995
0.08868651904328195
0.08840208860294277
0.08808106229260598
0.08770862118161196
0.08719269790009579
0.08666729894952571
0.08663413614061145
0.08679401615556942
0.08688348131271416
0.08563620123796029
0.08497702804196622
0.08433277109730017
0.08366734998806954
0.08296271869280511
0.08221589794982716
0.0814195775740992
0.08059664210459547
0.07968193832732083
0.07868585028842337
0.07769375017683487
0.07659110503096014
0.07541698406438066
0.07378283570104505
0.07285516774052736
0.07116559313740922
0.06930710217000377
0.06638782233239193
nan
nan
nan
nan
nan
nan
nan
nan
nan
nan
0.09064890629877866
0.09064830446117056
0.0906303578466257
0.09059486475269109
0.09054152302885995
0.09046992523609312
0.09037955195312385
0.09026976505704076
0.09013975709904382
0.08998865496332364
0.08981527389655615
0.08961824266497212
0.08939579979224073
0.08914558933462143
0.08886415492160013
0.08854562520110343
0.0881771002275982
0.08770772857500769
0.08690241452347154
0.08670371335578347
0.08681361094886773
0.08697885861685425
0.08725213208674427
0.0860071877400948
0.0851446830039228
0.08441444348093863
0.0836887252922216
0.08292916240494978
0.08212786236124846
0.08123291469108115
0.08039277411038287
0.07943108009294668
0.07840626117834308
0.0773042285249088
0.07614825862873657
0.07485619060978235
0.07362347431754748
0.07201684184667463
0.07018737969800179
0.0680078421453405
nan
nan
nan
nan
nan
nan
nan
nan
nan
nan
0.09114446812381585
0.09114755444642231
0.09113366759636116
0.09110258456738068
0.09105397891889239
0.09098741493749168
0.09090233983113821
0.09079807288920591
0.09067378988619715
0.0905285001007251
0.09036102347645603
0.09016970588351056
0.08995314394020085
0.08970857478928485
0.08943268780000047
0.08912007513253738
0.0887603803287295
0.08832481272274834
0.08705565421826951
0.08681538335931192
0.086846742164222
0.08693497538990039
0.0870842533030532
0.0872979766246676
0.08760486127253472
0.08563578815716197
0.08469816762043778
0.08388458319050374
0.08305173926012799
0.0821810324789756
0.0813391449476495
0.0803320885039055
0.07931338328198403
0.07821534015983944
0.07704020101717793
0.07577987487037505
0.07371243772510015
0.07375530242298234
0.07140605131458833
0.06934573535895511
nan
nan
nan
nan
nan
nan
nan
nan
nan
nan
0.09172731868780819
0.09173474737050075
0.09172566211866612
0.09169981917980713
0.09165686841629657
0.09159634678206732
0.0915176698812468
0.09142012057119125
0.09130283302151185
0.09116476954017264
0.0910046853939264
0.09082107352382487
0.09061207413055267
0.09037543165010517
0.09010734810850934
0.08980370244108911
0.08945601581096092
0.08904651363760835
0.08851001097376647
0.08702218252124583
0.08697232332579935
0.08698549130123101
0.0870589659752207
0.08718687267556756
0.08736952845386989
0.0876122302652336
0.08798364027368397
0.08538040698079286
0.08432899071281211
0.08337471042040125
0.08238604128861189
0.08143095366342307
0.08042253126038615
0.07933229909573525
0.0781589722623034
0.07685700416416436
0.07549272545694688
0.07371137062701386
0.07391446234871968
0.07035460400975524
nan
nan
nan
nan
nan
nan
nan
nan
nan
nan
0.0923963844722829
0.09240880754515338
0.09240528165038699
0.09238554313485697
0.0923492179401342
0.09229581489272023
0.09222471722949965
0.0921351715859825
0.09202627361308
0.09189694545532406
0.09174590423407074
0.09157161313923415
0.0913722020378718
0.09114533630776589
0.09088796979010527
0.09059587471612847
0.09026197634280209
0.08987573529332864
0.08940744514120988
0.08870504522141189
0.08720807586314527
0.08713039258890272
0.08712874298604378
0.08718248650074165
0.08728549326180328
0.08743566336819006
0.0876447844597045
0.0879162875798706
0.08847596497041332
0.08531732016964469
0.08401105231297466
0.08269160528405628
0.08182868091228081
0.08069329070174117
0.07947556042181425
0.07825608363884437
0.07689909573383974
0.07404186482442227
0.07371190661294968
0.07393490671717443
0.07037959634397634
nan
nan
nan
nan
nan
nan
nan
nan
nan
0.09315066572353134
0.09316870741189048
0.09317182253104644
0.09315964849161437
0.09313138304013555
0.09308599491937328
0.09302291962470666
0.09294266362264605
0.0928450889321898
0.09272694670819195
0.09258612239494246
0.09242282219854825
0.09223479737059699
0.0920198293165538
0.09177503793374436
0.0914966431719865
0.09117926524936183
0.09081430670708293
0.09039193968130241
0.08985128734961761
0.08878280903064392
0.08739179585870409
0.0873000489457374
0.08727764392441417
0.08730648741244966
0.08738102120292654
0.08750072274756568
0.08768191578151606
0.08783421669101987
0.0881238092447122
0.088471035767277
0.08556339119017077
0.08361964060595378
0.08251642854088329
0.08118897139137135
0.0798647360454755
0.07881098080220365
0.07723849058447921
0.07295128639345633
0.07370217859691239
0.07356327016545375
nan
nan
nan
nan
nan
nan
nan
nan
nan
0.09398941788924582
0.09401377085480468
0.09402343490332199
0.09401812259321807
0.09399742271320655
0.09396079074168859
0.09390753074077682
0.0938367659734055
0.0937474856342902
0.0936389360623047
0.09350813052847845
0.09333547848830206
0.09315775790962155
0.09308638789872342
0.09299006159303105
0.09251054648445645
0.09221583781066972
0.09186892871948962
0.0914697252992791
0.09099597149022245
0.09046034580735644
0.08786549473259306
0.0875980976666476
0.08748303500849858
0.0874339541088158
0.08743310256762044
0.08747622327269204
0.08755722096215147
0.08767863002191403
0.08783957825443278
0.08804582957694007
0.08857824771295124
0.08873831320342365
0.08894718344763893
0.08405794498819238
0.08154270278680682
0.08065834213312
0.07951325092495976
0.07649632358994396
0.07358664133646572
0.07366854614965937
0.07340076820758479
nan
nan
nan
nan
nan
nan
nan
nan
0.09491206351030698
0.09494340221643924
0.09496098678274306
0.09496451656276857
0.09495357310626236
0.09492761262317458
0.09488595677118193
0.0948277810089469
0.09475210378311202
0.09465775333679685
0.09454336504909414
0.09440732306874816
0.0942477096884402
0.09406220607092819
0.09384788378460385
0.09360069582471875
0.0933132626173955
0.09282022864721205
0.09265837305265427
0.09283833760903261
0.0917349060201003
0.09104807876910459
0.08814209403725246
0.08782796807321296
0.08768306416857939
0.087592335912327
0.08756382136022978
0.08757052781368384
0.08761404955476945
0.08769113241337922
0.08797099876794837
0.08804111701056513
0.08825138700599056
0.08851755326622779
0.08889535623769794
0.08928435998680741
0.08344013141063106
0.08209340148618187
0.07952250010569276
0.07929803514863928
nan
nan
nan
nan
nan
nan
nan
nan
nan
nan
0.09591859780615805
0.09595763040625571
0.09598395984300831
0.09599727665792762
0.09599715264071268
0.0959830332559297
0.09595422883201729
0.09590990366015589
0.09584906340190609
0.09577053887185072
0.09567296567639116
0.09555475690613224
0.09541406263270867
0.09524898688295644
0.09505634926087328
0.09483366453001865
0.09457703734973134
0.09428157755321194
0.0939409431024589
0.09354421169228422
0.09306056059845269
0.09219546407179954
0.09237592218815183
0.08846638255003797
0.08822141516777306
0.08789632781696752
0.08777854085485823
0.08770866770463108
0.08770672150661564
0.08765263479325983
0.08772003669191344
0.08780742843219892
0.08793372445633445
0.08811626510276102
0.08838752329204427
nan
0.08915823928015154
0.08937119284366485
nan
0.08898728207037385
nan
nan
nan
0.07339509026198099
0.08870133261171956
nan
nan
nan
nan
nan
0.09700960008858787
0.09705709939713826
0.0970931213379478
0.09711735130044971
0.09712935432132827
0.0971285674321273
0.09711429068478832
0.09708567660612949
0.09704171774587485
0.09698123173426457
0.09690283619589729
0.0968049997617874
0.09668579156970733
0.09654304230894807
0.09637457158155176
0.09617726731609341
0.09594769535801893
0.09569018161905551
0.09537602224142522
0.09502137695951476
0.09460700995038104
0.09412136260903783
0.09353029925925752
0.09266679638109954
0.09142207960451035
0.08838814332849312
0.08853327467371863
0.08806649709457318
0.08780735814797891
0.08776051921913987
0.08772296514586683
0.08772254753827677
0.08775993476296425
0.08784496895405723
0.08796436937587207
nan
nan
0.0888875735340773
0.08861309835278183
nan
nan
nan
nan
nan
nan
nan
nan
nan
nan
nan
0.09818651684263005
0.0982433613766885
0.09829017656921198
0.09832664868056237
0.09835234462799762
0.09836670641078482
0.09836905106601866
0.0983584958431486
0.09833399879114695
0.09829437991619636
0.09823823939297105
0.09816397392239963
0.09806974410523527
0.09795343700267753
0.09781303270607233
0.09764495443383625
0.09744633124885291
0.09721393754745492
0.09694307627663287
0.09662473699918178
0.09623812860073631
0.09583429379322447
0.09533011846585498
0.09470975441431376
0.09396033928019257
0.09254275539064305
0.08872032470774
0.08840591124271391
0.08817944699389867
0.08800863842569831
0.08787516306984465
0.08778750311104329
0.08773071100412681
0.08771781382495047
0.0877623999868385
nan
nan
nan
nan
0.08871702278426066
0.08819509782810026
nan
nan
nan
nan
nan
nan
nan
nan
nan
0.09945208484007867
0.09951937780062566
0.09957838290657728
0.09962877176891813
0.09967007812122852
0.09970170062382662
0.09972287781259147
0.09973270339602643
0.0997301153551068
0.09971389724132898
0.09968266886086033
0.0996346982516801
0.09956719261325643
0.09947831354185535
0.0993220947947801
0.09945277804538555
0.09910411659087272
0.098898909535563
0.09867060539619585
0.0983985806881876
0.09808014382009708
0.09770676612669975
0.09726902904387723
0.09649718934151935
0.09620993957463121
0.09542471715375803
0.09438455115145276
0.08926119724030725
0.0887743323556972
0.08842992491450856
0.08823181377330457
0.08802153383150518
0.08786944482510195
0.08776408342523656
0.08769936538305731
nan
nan
nan
nan
nan
nan
nan
nan
nan
nan
nan
nan
nan
nan
nan
0.10080963956630629
0.1008886300144762
0.1009614921093828
0.10102792004166711
0.10108748069169196
0.10113960705453254
0.10118359048878581
0.10121857174010883
0.1012435306180347
0.10125727488107814
0.10125842860610992
0.10124542246989036
0.10121648890084367
0.10116969598707107
0.10110349286088909
0.10101297535170523
0.1008911617681007
0.10077351318323224
0.10076014930417357
0.10067138490775204
0.09994316559832803
0.10003103935489546
0.10007315644525147
0.09938115736898867
0.09897085109423642
0.09856159917770023
0.0982829872277878
0.09620327600351498
0.0942712595495322
0.08878956509647523
0.08904891007123317
nan
nan
nan
nan
nan
nan
nan
nan
nan
nan
nan
nan
nan
nan
nan
nan
nan
nan
nan
0.10226675575847062
0.10235949701209038
0.10244886485552038
0.10253456394230491
0.10261620194079785
0.10269321360160837
0.10276481068599916
0.10283018960172993
0.10289167664572563
0.1029481638303861
0.10298453954552556
0.1030063784197614
0.10302523182527558
0.1030275724919443
0.10301106369312542
0.10297397237635914
0.10295799310683912
0.10281853186503326
0.10266551933836636
0.10252772869642852
0.10231091045014827
0.10206516558439097
0.10172361269690341
0.10126818031803872
0.10033580977207762
0.10042614418939252
0.10045183602409868
0.1002270922891825
0.09740389140461586
nan
0.09644658253871602
nan
nan
0.0886415764820431
nan
nan
nan
nan
nan
nan
nan
nan
nan
nan
nan
nan
nan
nan
nan
nan
0.10383173199028549
0.103941672886394
0.10405215440053536
0.1041629498176894
0.10427375870233864
0.10438418700751048
0.10449379713856732
0.10460212451153816
0.10470871532737402
0.10481321350341276
0.1049153686906345
0.10501588972715395
0.10511376412707596
0.10521299478397128
0.10532407259940949
0.10551176278478744
0.10563254650853082
0.10575075270848583
0.10578136804428218
0.10564501719250102
0.10566530246664628
0.105476657160111
0.10552237262161536
0.10899040244986583
nan
0.1036719368072532
nan
0.10144194628082534
0.10064833711300417
0.10055302491856227
0.10142228691792046
nan
nan
nan
nan
nan
nan
nan
nan
nan
nan
nan
nan
nan
nan
nan
nan
nan
nan
nan
0.10551460804389975
0.1056496813458589
0.10579237368956877
0.10594296173673012
0.10614448136345458
0.10625416963982284
0.10644767032857952
0.10665106765728227
0.10696313550793066
0.10741594802129907
0.10856574437662554
0.1085041754266487
0.10851841805796764
0.10852119324388348
0.10860284063998044
0.10861483883448665
0.10866405752115386
0.10868879665907454
0.10876912249042275
0.10881906324837137
0.10885712094831625
0.10888783356037986
0.10717512427069928
nan
0.11371310583508124
0.10898382167760953
0.1068721242504519
nan
0.10916386930460324
nan
nan
nan
nan
nan
nan
nan
nan
nan
nan
nan
nan
nan
nan
nan
nan
nan
nan
nan
nan
nan
0.10728424252026736
0.10749036543751782
0.10775989093362454
0.10840019221137862
0.10812715891236063
0.10818130860025141
0.10820828397139909
0.10825018154430012
0.10829503481701763
0.10834888391373922
0.10840228177728806
0.10845977465333675
0.10852026034659057
0.10857796594420194
0.10863459690540228
0.10868490073384104
0.10872868820319899
0.1087901645050389
0.10883053226889428
0.10840830342681015
nan
0.10897425537093122
nan
0.10894077823022871
nan
nan
nan
nan
nan
nan
nan
nan
nan
nan
nan
nan
nan
nan
nan
nan
nan
nan
nan
nan
nan
nan
nan
nan
nan
nan
0.1095124716982175
0.10956137053278778
0.1096147605549457
0.10968127100239594
0.10977015006803206
0.10989117246224298
0.11005338263800563
0.1102613542311922
0.11051536816273262
0.11081500395736343
0.11117160424064297
0.11153813717906046
0.11200075675727442
0.11256256532580652
0.1131439717637382
0.1131305635561747
0.11396272407080435
0.11524060480633061
nan
nan
nan
nan
nan
nan
nan
nan
nan
nan
nan
nan
nan
nan
nan
nan
nan
nan
nan
nan
nan
nan
nan
nan
nan
nan
nan
nan
nan
nan
nan
nan
0.11183981714034838
0.11198092240474278
0.11213624868469058
0.11231639491061599
0.11252641561924896
0.11277389041172962
0.1132505902010029
0.11338659226514118
0.11378509630872453
0.11423916830116224
0.11472210016862808
0.11597945408509114
0.11761336168333328
nan
nan
nan
nan
nan
nan
nan
nan
nan
nan
nan
nan
nan
nan
nan
nan
nan
nan
nan
nan
nan
nan
nan
nan
nan
nan
nan
nan
nan
nan
nan
nan
nan
nan
nan
nan
nan
0.11474317111969695
0.11497191272862065
0.11535337637567282
0.11523357266220804
0.11573844577846135
0.11619711887113479
0.11672674630302712
0.1180196009990532
nan
nan
nan
nan
nan
nan
nan
nan
nan
nan
nan
nan
nan
nan
nan
nan
nan
nan
nan
nan
nan
nan
nan
nan
nan
nan
nan
nan
nan
nan
nan
nan
nan
nan
nan
nan
nan
nan
nan
nan
nan
nan
0.11999515502495106
0.1199795606801029
0.11998385526308365
nan
nan
nan
nan
nan
nan
nan
nan
nan
nan
nan
nan
nan
nan
nan
nan
nan
nan
nan
nan
nan
nan
nan
nan
nan
nan
nan
nan
nan
nan
nan
nan
nan
nan
nan
nan
nan
nan
nan
nan
nan
nan
nan
nan
nan
nan
nan
nan
nan
nan
nan
nan
nan
nan
nan
nan
nan
nan
nan
nan
nan
nan
nan
nan
nan
nan
nan
nan
nan
nan
nan
nan
nan
nan
nan
nan
nan
nan
nan
nan
nan
nan
nan
nan
nan
nan
nan
nan
nan
nan
nan
nan
nan
nan
nan
nan
nan
nan
nan
nan
nan
nan
nan
nan
nan
nan
nan
nan
nan
nan
nan
nan
nan
nan
nan
nan
nan
nan
nan
nan
nan
nan
nan
nan
nan
nan
nan
nan
nan
nan
nan
nan
nan
nan
nan
nan
nan
nan
nan
nan
nan
nan
nan
nan
nan
nan
nan
nan
nan
nan
nan
nan
nan
nan
nan
nan
nan
nan
nan
nan
nan
nan
nan
nan
nan
nan
nan
nan
nan
nan
nan
nan
nan
nan
nan
nan
nan
nan
nan
nan
nan
nan
nan
nan
nan
nan
nan
nan
nan
nan
nan
nan
nan
nan
nan
nan
nan
nan
nan
nan
nan
nan
nan
nan
nan
nan
nan
nan
nan
nan
nan
nan
nan
nan
nan
nan
nan
nan
nan
nan
nan
nan
nan
nan
nan
nan
nan
nan
nan
nan
nan
nan
nan
nan
nan
nan
nan
nan
nan
nan
nan
nan
nan
nan
nan
nan
nan
nan
nan
nan
nan
nan
nan
nan
nan
nan
nan
nan
nan
nan
nan
nan
nan
nan
nan
nan
nan
nan
nan
nan
nan
nan
nan
nan
nan
nan
nan
nan
nan
nan
nan
nan
nan
nan
nan
nan
nan
nan
nan
nan
nan
nan
nan
nan
nan
nan
nan
nan
nan
nan
nan
nan
nan
nan
nan
nan
nan
nan
nan
nan
nan
nan
nan
nan
nan
nan
nan
nan
nan
nan
nan
nan
nan
nan
nan
nan
nan
nan
nan
nan
nan
nan
nan
nan
nan
nan
nan
nan
nan
nan
nan
nan
nan
nan
nan
nan
nan
nan
nan
nan
nan
nan
nan
nan
nan
nan
nan
nan
nan
nan
nan
nan
nan
nan
nan
nan
nan
nan
nan
nan
nan
nan
nan
nan
nan
nan
nan
nan
nan
nan
nan
nan
nan
nan
nan
nan
nan
nan
nan
nan
nan
nan
nan
nan
nan
nan
nan
nan
nan
nan
nan
nan
nan
nan
nan
nan
nan
nan
nan
nan
nan
nan
nan
nan
nan
nan
nan
nan
nan
nan
nan
nan
nan
nan
nan
nan
nan
nan
nan
nan
nan
nan
nan
nan
nan
nan
nan
nan
nan
nan
nan
nan
nan
nan
nan
nan
nan
nan
nan
nan
nan
nan
nan
nan
nan
nan
nan
nan
nan
nan
nan
nan
nan
nan
nan
nan
nan
nan
nan
nan
nan
nan
nan
nan
nan
nan
nan
nan
nan
nan
nan
nan
nan
nan
nan
nan
nan
nan
nan
nan
nan
nan
nan
nan
nan
nan
nan
nan
nan
nan
nan
nan
nan
nan
nan
nan
nan
nan
nan
nan
nan
nan
nan
nan
nan
nan
nan
nan
nan
nan
nan
nan
nan
nan
nan
nan
nan
nan
nan
nan
nan
nan
nan
nan
nan
nan
nan
nan
nan
nan
nan
nan
nan
nan
nan
nan
nan
nan
nan
nan
nan
nan
nan
nan
nan
nan
nan
nan
nan
nan
nan
nan
nan
nan
nan
nan
nan
nan
nan
nan
nan
nan
nan
nan
nan
nan
nan
nan
nan
nan
nan
nan
nan
nan
nan
nan
nan
nan
nan
nan
nan
nan
nan
nan
nan
nan
nan
nan
nan
nan
nan
nan
nan
nan
nan
nan
nan
nan
nan
nan
nan
nan
nan
nan
nan
nan
nan
nan
nan
nan
nan
nan
nan
nan
nan
nan
nan
nan
nan
nan
nan
nan
nan
nan
nan
nan
nan
nan
nan
nan
nan
nan
nan
nan
nan
nan
nan
nan
nan
nan
nan
nan
nan
nan
nan
nan
nan
nan
nan
nan
nan
nan
nan
nan
nan
nan
nan
nan
nan
nan
nan
nan
nan
nan
nan
nan
nan
nan
nan
nan
nan
nan
nan
nan
nan
nan
nan
nan
nan
nan
nan
nan
nan
nan
nan
nan
nan
nan
nan
nan
nan
nan
nan
nan
nan
nan
nan
nan
nan
nan
nan
nan
nan
nan
nan
nan
nan
nan
nan
nan
nan
nan
nan
nan
nan
nan
nan
nan
nan
nan
nan
nan
nan
nan
nan
nan
nan
nan
nan
nan
nan
nan
nan
nan
nan
nan
nan
nan
nan
nan
nan
nan
nan
nan
nan
nan
nan
nan
nan
nan
nan
nan
nan
nan
nan
nan
nan
nan
nan
nan
nan
nan
nan
nan
nan
nan
nan
nan
nan
nan
nan
nan
nan
nan
nan
nan
nan
nan
nan
nan
nan
nan
nan
nan
nan
nan
nan
nan
nan
nan
nan
nan
nan
nan
nan
nan
nan
nan
nan
nan
nan
nan
nan
nan
nan
nan
nan
nan
nan
nan
nan
nan
nan
nan
nan
nan
nan
nan
nan
nan
nan
nan
nan
nan
nan
nan
nan
nan
nan
nan
nan
nan
nan
nan
nan
nan
nan
nan
nan
nan
nan
nan
nan
nan
nan
nan
nan
nan
nan
nan
nan
nan
nan
nan
nan
nan
nan
nan
nan
nan
nan
nan
nan
nan
nan
nan
nan
nan
nan
nan
nan
nan
nan
nan
nan
nan
nan
nan
nan
nan
nan
nan
nan
nan
nan
nan
nan
nan
nan
nan
nan
nan
nan
nan
nan
nan
nan
nan
nan
nan
nan
nan
nan
nan
nan
nan
nan
nan
nan
nan
nan
nan
nan
nan
nan
nan
nan
nan
nan
nan
nan
nan
nan
nan
nan
nan
nan
nan
nan
nan
nan
nan
nan
nan
nan
nan
nan
nan
nan
nan
nan
nan
nan
nan
nan
nan
nan
nan
nan
nan
nan
nan
nan
nan
nan
nan
nan
nan
nan
nan
nan
nan
nan
nan
nan
nan
nan
nan
nan
nan
nan
nan
nan
nan
nan
nan
nan
nan
nan
nan
nan
nan
nan
nan
nan
nan
nan
nan
nan
nan
nan
nan
nan
nan
nan
nan
nan
nan
nan
nan
nan
nan
nan
nan
nan
nan
nan
nan
nan
nan
nan
nan
nan
nan
nan
nan
nan
nan
nan
nan
nan
nan
nan
nan
nan
nan
nan
nan
nan
nan
nan
nan
nan
nan
nan
nan
nan
nan
nan
nan
nan
nan
nan
nan
nan
nan
nan
nan
nan
nan
nan
nan
nan
nan
nan
nan
nan
nan
nan
nan
nan
nan
nan
nan
nan
nan
nan
nan
nan
nan
nan
nan
nan
nan
nan
nan
nan
nan
nan
nan
nan
nan
nan
nan
nan
nan
nan
nan
nan
nan
nan
nan
nan
nan
nan
nan
nan
nan
nan
nan
nan
nan
nan
nan
nan
nan
nan
nan
nan
nan
nan
nan
nan
nan
nan
nan
nan
nan
nan
nan
nan
nan
nan
nan
nan
nan
nan
nan
nan
nan
nan
nan
nan
nan
nan
nan
nan
nan
nan
nan
nan
nan
nan
nan
nan
nan
nan
nan
nan
nan
nan
nan
nan
nan
nan
nan
nan
nan
nan
nan
nan
nan
nan
nan
nan
nan
nan
nan
nan
nan
nan
nan
nan
nan
nan
nan
nan
nan
nan
nan
nan
nan
nan
nan
nan
nan
nan
nan
nan
nan
nan
nan
nan
nan
nan
nan
nan
nan
nan
nan
nan
nan
nan
nan
nan
nan
nan
nan
nan
nan
nan
nan
nan
nan
nan
nan
nan
nan
nan
nan
nan
nan
nan
nan
nan
nan
nan
nan
nan
nan
nan
nan
nan
nan
nan
nan
nan
nan
nan
nan
nan
nan
nan
nan
nan
nan
nan
nan
nan
nan
nan
nan
nan
nan
nan
nan
nan
nan
nan
nan
nan
nan
nan
nan
nan
nan
nan
nan
nan
nan
nan
nan
nan
nan
nan
nan
nan
nan
nan
nan
nan
nan
nan
nan
nan
nan
nan
