nan
nan
nan
nan
nan
nan
nan
nan
nan
nan
nan
nan
nan
nan
nan
nan
nan
nan
nan
nan
nan
nan
nan
nan
nan
nan
nan
nan
nan
nan
nan
nan
nan
nan
nan
nan
nan
nan
nan
nan
nan
nan
nan
nan
nan
nan
nan
nan
nan
nan
nan
nan
nan
nan
nan
nan
nan
nan
nan
nan
nan
nan
nan
nan
nan
nan
nan
nan
nan
nan
nan
nan
nan
nan
nan
nan
nan
nan
nan
nan
nan
nan
nan
nan
nan
nan
nan
nan
nan
nan
nan
nan
nan
nan
nan
nan
nan
nan
nan
nan
0.08587936897588785
0.08585873943304967
0.08583813604250007
0.08581757973353146
0.08579709333555406
0.08577670050434037
0.08575642307310027
0.08573628213412351
0.08571629891995453
0.08569649320075412
0.08567688524341421
0.0856574941809243
0.08563833855568381
0.08561943658848518
0.08560080587830768
0.08558246349582044
0.08556442605653719
0.08554670967478198
0.08552932985856994
0.0855123016631994
0.08549563973720725
0.08547935817421903
0.08546347053905974
0.08544798996133779
0.08543292910101544
0.08541830011242343
0.0854041146765002
0.08539038402392843
0.08537711892423076
0.08536432967545349
0.08535202610806927
0.08534021759274155
0.08532891304562773
0.0853181209302237
0.08530784925878626
0.08529810559259368
0.08528889704278036
0.08528023027113793
0.08527211149222463
0.08526454647419647
0.08525754054068613
0.08525109857149096
0.08524522500323795
0.08523992382983983
0.08523519860261475
0.08523105243069509
0.08522748798084814
0.0852245074775547
0.08522211270277259
0.08522030499571041
0.08521908525214897
0.08521845392397702
0.08521841101876293
0.08521895609825847
0.08522008827763697
0.08522180622419967
0.08522410815611327
0.08522699184067747
0.08523045459293749
0.08523449327366842
0.08523910428759959
0.08524428358134634
0.08525002664127235
0.08525632849115604
0.0852631836894274
0.0852705863266148
0.08527853002131669
0.08528700791744563
0.08529601268044162
0.08530553649442324
0.08531557105968485
0.08532610759043233
0.08533713681145119
0.08534864895057272
0.08536063372765318
0.08537308035167226
0.08538597753040547
0.0853993134700385
0.08541307584187882
0.08542725177413235
0.08544182790102278
0.08545679033609183
0.08547212457318884
0.08548781555805102
0.08550384777750528
0.08552020511609568
0.08553687083925449
0.08555382769308091
0.08557105782460811
0.08558854271074723
0.08560626332317428
0.08562420042470378
0.08564233305535882
0.08566064049717628
0.08567910143566626
0.08569769402266283
0.08571639455058577
0.08573517916966025
0.08575402706763496
0.08577290983898656
0.08673675932588226
0.08671026366210716
0.0866838181657065
0.08665744819143695
0.08663117861933498
0.08660503386511846
0.08657903554303001
0.08655321078488878
0.08652757778199302
0.08650215853851081
0.08647697515207436
0.08645204761740728
0.08642739574200053
0.08640303868354614
0.08637899506347625
0.08635528294524919
0.08633191983677119
0.08630892264961292
0.08628630782609345
0.08626409128631674
0.08624228824060931
0.08622091347869448
0.08619998140996997
0.08617950578935143
0.08615949980405094
0.086139976218059
0.08612094729215838
0.08610242474487703
0.08608441980919954
0.0860669432469729
0.08605000532433636
0.08603361580666592
0.08601778397341434
0.08600251862779454
0.08598782809719549
0.08597372023160063
0.08596020240358646
0.08594728151134806
0.08593496398168243
0.08592325577292609
0.08591216237649558
0.08590168881835888
0.08589183965933977
0.08588261899675603
0.08587403046469654
0.08586607723552786
0.08585876202054431
0.0858520870705366
0.08584605417652066
0.08584066466995083
0.08583591942312827
0.08583181884886562
0.08582836290050269
0.08582555107212211
0.08582338239731799
0.0858218554492052
0.08582096833956018
0.08582071871785317
0.08582110377023083
0.08582212021861277
0.08582376431908106
0.08582603186053309
0.08582891816284854
0.08583241807497005
0.08583652597303193
0.08584123575769445
0.08584654085212723
0.08585243419995928
0.08585890826274992
0.08586595501800943
0.0858735659560721
0.08588173207794814
0.08589044389190345
0.08589969140600454
0.0859094641162976
0.08591975100852775
0.08593054058066041
0.08594182083996282
0.08595357924234745
0.08596580269261209
0.0859784776457504
0.08599159004050788
0.08600512513775893
0.08601906769928977
0.08603340210127494
0.0860481120611005
0.08606318068056401
0.0860785905853683
0.08609432381054632
0.08611036180425666
0.08612668546279043
0.0861432750002438
0.08616011039531114
0.08617717071299158
0.0861944334774947
0.08621187811589144
0.08622948086849067
0.0862472187856845
0.08626506792567004
0.08628300322162381
0.08802255214612385
0.08798848244921459
0.08795441647295972
0.08792039162804638
0.08788640968619452
0.08785258249009352
0.08781888171248184
0.08778531501277909
0.08775194483597604
0.08771879319751838
0.08768588381208242
0.08765323759808077
0.08762088707298053
0.08758885025656339
0.08755715042627538
0.08752580908444665
0.08749484706664735
0.08746428443188123
0.08743414053573931
0.08740443398024413
0.08737518278438886
0.08734640428758397
0.08731811484208599
0.08729033047601419
0.08726306674037063
0.08723633821118637
0.08721015889220662
0.08718454235144667
0.08715950147345106
0.08713504849279073
0.08711119512514161
0.08708795254621869
0.0870653313340956
0.08704334148864118
0.08702199246483189
0.08700129317329577
0.08698125197920037
0.08696187670962513
0.08694317465808274
0.08692515258830466
0.0869078167404076
0.08689117283562961
0.08687522608013115
0.08685998116728316
0.08684544227990619
0.08683161309285942
0.08681849677583262
0.08680609599618845
0.08679441292241882
0.08678344922702351
0.08677320608929201
0.08676368419774584
0.08675488375230253
0.0867468044649608
0.0867394455609328
0.08673280577910962
0.08672688337250303
0.08672167610843912
0.08671718126956252
0.0867133956543974
0.08671031557813616
0.08670793687333252
0.08670625488962622
0.0867052644942725
0.08670496007109257
0.08670533551959005
0.08670638425330154
0.08670809919836994
0.08671047279127506
0.08671349697665898
0.0867171632037705
0.08672146242521857
0.08672638509527344
0.08673192117304311
0.08673806011607077
0.08674479086125877
0.0867521018269841
0.08675998095635648
0.08676841570230878
0.08677739292229972
0.086786898952228
0.08679691976858428
0.08680744072534036
0.08681844643245284
0.0868299212043395
0.08684184890854535
0.08685421265513751
0.08686699508207837
0.0868801783022922
0.08689374385278659
0.08690767271958531
0.08692194533581193
0.08693654158189312
0.08695144075927692
0.08696662174989407
0.08698206327052102
0.08699774388137252
0.08701362824085651
0.08702971435066234
0.08704596362853434
0.08953646607702745
0.08949982467361073
0.08946246301802291
0.08942430405755633
0.08938668092735794
0.08934786917685436
0.08930898014906727
0.08926994576145111
0.08923081870085448
0.08919165574003213
0.08915250421280302
0.08911341640406045
0.08907443590751309
0.08903557899482309
0.0889969164250202
0.08895854505264422
0.08892042644457787
0.08888251692772485
0.08884494056672908
0.08880778435311082
0.08877097940495185
0.08873455098157676
0.0886986159731121
0.08866317870711013
0.08862817983055665
0.08859366325908183
0.08855968493611147
0.08852627504657268
0.08849343846865687
0.08846118646918895
0.08842953823979408
0.08839851075717639
0.08836811845447406
0.08833837592307363
0.08830929753262111
0.08828089656479474
0.08825318540810304
0.08822617578700152
0.08819987863881018
0.08817430404121232
0.08814946129371232
0.08812535898872051
0.0881020050166898
0.08807940656525819
0.08805757013951464
0.08803650159021065
0.08801620613193667
0.08799668835273061
0.08797795222348431
0.08796000110591862
0.08794283776110987
0.08792646435575467
0.0879108824688224
0.08789609309804447
0.08788209666698599
0.0878688930318112
0.08785648148790787
0.08784486077487103
0.08783402908179858
0.08782398405168876
0.08781472278577465
0.08780624184721254
0.08779853726337797
0.0877916045300152
0.08778543861309973
0.08778003395245831
0.08777538446109953
0.08777148352749656
0.08776832401696476
0.08776589827366305
0.08776419811942099
0.0877632148528647
0.08776293925072362
0.08776336156703243
0.0877644715285763
0.08776625834038498
0.08776871070591101
0.08777181679745637
0.08777556418047094
0.0877799399132913
0.08778493067764581
0.08779052247240608
0.08779670063527342
0.08780345040705437
0.0878107562181211
0.08781860149659315
0.08782696983090177
0.08783584415695526
0.08784520653853314
0.08785503873005987
0.08786532172158626
0.08787603708704866
0.08788716274682919
0.08789867441188415
0.08791056347401445
0.08792280015699401
0.08793536145247215
0.08794822629724434
0.08796137171924966
0.08797477456704839
0.09092995144719049
0.09096558154175285
0.09092236459976163
0.09081994476029671
0.09075429289450394
0.09066482593073998
0.09076434290814521
0.09074869457582405
0.09071445041733545
0.09068286552209864
0.09064848279747892
0.0906128964944003
0.09057646394175858
0.09053926506760794
0.09050144688133663
0.09046312019351449
0.0904243823738268
0.09038532492783041
0.09034602952146453
0.09030657280551191
0.0902670249940529
0.09022745087404119
0.09018791069721227
0.09014846363590179
0.09010915609974063
0.09007004032306759
0.09003116610208436
0.0899925729449181
0.08995430596861924
0.08991640168904345
0.08987889676762012
0.08984182656127515
0.08980522264743399
0.08976911538818078
0.08973353322070965
0.08969850241470667
0.08966404962739652
0.08963019871028646
0.08959696818215818
0.08956438066502517
0.08953245698017313
0.08950121325673874
0.08947066657630501
0.08944083489197105
0.08941173164597035
0.08938336482507561
0.08935574368356644
0.08932888402063931
0.08930280440163321
0.08927751798295679
0.08925302930694565
0.08922933836223826
0.08920644655933316
0.0891843591758066
0.08916308365607106
0.08914262663368974
0.0891229922728218
0.0891041824413896
0.08908619776585627
0.08906903851111773
0.08905270483291294
0.08903719653904599
0.08902251271569556
0.08900865148392448
0.08899560995187715
0.08898338430561215
0.08897196994485865
0.08896136160045923
0.08895155340188166
0.08894253890237956
0.08893431107171722
0.08892686227204837
0.08892018422001573
0.08891426796849827
0.08890910391649992
0.08890468161159282
0.08890098956060238
0.08889801708428066
0.08889575648137395
0.08889418800752376
0.08889324449926511
0.08889284884206733
0.08889311718152706
0.0888944519882136
0.08889705300179188
0.08890029923849108
0.0889033042303072
0.08890620636782412
0.08890989218892487
0.088914568567117
0.08891979834348487
0.08892544254452298
0.08893159607879028
0.08893824460052163
0.0889453541986302
0.08895289770411316
0.08896083895768706
0.08896914733064998
0.088977797470525
0.08898677187970136
nan
nan
0.09112397369214852
0.09118564577802077
0.09138008351181845
0.09147893905554494
0.09158375856144046
0.09160202575408581
0.09159814470888282
0.09166866526977907
0.09161727551305943
0.09183048601473745
0.09173586979839879
0.09166625374283452
0.09158795130004801
0.09157096455587066
0.09163445435602575
0.09162556891382094
0.09161042457201757
0.09159152228585449
0.0915696310527861
0.09154543595791859
0.09151938252683714
0.09149162587312729
0.09146245583621129
0.09143202373500645
0.09140054550451607
0.09136814412991817
0.09133498176977442
0.09130115490422008
0.09126676975457781
0.091231916950638
0.09119666421201801
0.09116099068244107
0.09112532684936028
0.09109010838982533
0.09105240402579694
0.0910075042381421
0.09096252772970097
0.0909329119277561
0.09091703002277057
0.09090379018802687
0.09088199564217223
0.09084421037521126
0.09079849557811323
0.09075891683013229
0.09072569197802294
0.09069407650803538
0.09066244717636845
0.09063128169084374
0.0906008987609817
0.09057124635384206
0.09054228610525594
0.09051403502270396
0.09048650271097566
0.09045969367232
0.09043361759207633
0.09040828445468843
0.09038370207651819
0.0903598777989638
0.09033681873284978
0.09031453093087288
0.0902930192721008
0.09027228774780412
0.09025233950171421
0.09023317670741506
0.0902148005249036
0.09019721115065195
0.09018040787148573
0.09016438908628796
0.09014915230968104
0.09013469418812914
0.09012101051790918
0.09010809622808483
0.0900959453561202
0.0900845510947321
0.09007390587992781
0.09006400138157386
0.09005482842759988
0.09004637702572776
0.09003863641191909
0.0900315950355024
0.09002524045279567
0.09001955950467005
0.0900145385080898
0.09001016317723143
0.09000641805002788
0.09000328360742789
0.09000074420285428
0.08999878351099508
0.08999737867208449
0.08999651494819712
0.08999616376904637
0.08999630493617441
0.08999691360642531
0.08999796073059613
0.08999941455001098
0.09000123524879726
0.09000337206196662
0.09000574974730119
nan
nan
nan
nan
nan
nan
nan
nan
nan
nan
nan
nan
nan
nan
nan
nan
nan
nan
nan
nan
nan
nan
nan
nan
nan
nan
0.09220320324907169
0.0922227086859152
0.09223458659866074
0.09223965346193327
0.09224020880980881
0.09223631416549367
0.09222910322094735
0.09221893148440267
0.09220610507083016
0.0921910005620312
0.092173874848858
0.09215495275388608
0.09213458358511956
0.09211277493393943
0.09208977917473282
0.09206576020951629
0.09204085318755412
0.09201518775020477
0.09198888162203836
0.09196205286008949
0.0919348019642659
0.09190720376845898
0.09187933997578583
0.09185130355664037
0.09182317312704438
0.09179500756039002
0.09176686848896179
0.09173881739554596
0.09171090476699745
0.09168317665210805
0.09165568060145564
0.09162846048845286
0.09160155474266181
0.09157499902221042
0.09154882639334153
0.09152306700282502
0.09149774838931157
0.09147289548233589
0.09144853088422132
0.09142467520973904
0.09140134674418497
0.0913785612558743
0.0913563328099742
0.09133467444366603
0.09131359681011472
0.09129310702038437
0.0912732106586392
0.0912539148105934
0.09123522679469384
0.09121714767646075
0.09119966705905765
0.09118276934970462
0.09116645456543405
0.09115075650260655
0.0911357387721996
0.09112146231367677
0.09110793738341005
0.09109508578973675
0.09108273659214394
0.09107066087355134
0.09105863191668698
0.0910464878630498
0.09103417793197692
0.09102177997667418
0.09100949191513
0.09099759537004772
0.09098637551046551
0.09097609896956414
0.09096691645527186
0.09095890760308648
0.09095202541095196
0.09094618310833869
0.09094125773829315
0.09093711482943304
nan
nan
nan
nan
nan
nan
nan
nan
nan
nan
nan
nan
nan
nan
nan
nan
nan
nan
nan
nan
nan
nan
nan
nan
nan
nan
nan
nan
nan
nan
nan
nan
nan
nan
nan
nan
nan
nan
nan
nan
nan
nan
nan
nan
nan
nan
nan
0.092670909905638
0.09266765683292619
0.09266217556188727
0.0926547148556835
0.09264553242220877
0.09263467967373298
0.09262236856058921
0.09260883115714796
0.09259418362070736
0.09257852886820853
0.09256197778280782
0.0925446372703019
0.09252660715714
0.09250797664129343
0.09248881793043803
0.09246919455363119
0.09244919996646911
0.09242896459777547
0.09240854836832227
0.09238786556027678
0.09236687665546289
0.09234578065690074
0.09232478209090533
0.09230384609473274
0.09228290492198371
0.0922620240495576
0.09224127004433894
0.09222066243143232
0.09220022728386675
0.09217999556475423
0.09215999010726528
0.0921402089618417
0.0921206508657087
0.09210139006497248
0.09208247032316196
0.09206381883164912
0.09204545707503078
0.0920274225632998
0.09200970401137508
0.09199230385155094
0.09197521725016464
0.09195844321530085
0.09194198288731084
0.09192583035991878
0.09190997154794264
0.0918943986083515
0.09187911304759741
0.0918639863314229
0.09184918890046727
0.0918346783423512
0.09182030777233396
0.09180613832533846
0.09179214844585326
nan
nan
nan
nan
nan
nan
nan
nan
nan
nan
nan
nan
nan
nan
nan
nan
nan
nan
nan
nan
nan
nan
nan
nan
nan
nan
nan
nan
nan
nan
nan
nan
nan
nan
nan
nan
nan
nan
nan
nan
nan
nan
nan
nan
nan
nan
nan
nan
nan
nan
nan
nan
nan
nan
nan
nan
nan
nan
nan
nan
nan
nan
nan
nan
nan
nan
0.09289620740557224
0.09289302854292002
0.09288847532177691
0.09288263468337207
0.09287558668972416
0.09286740571653757
0.09285816149290725
0.09284791995991767
0.09283674378083087
0.09282469244951752
0.09281182182424251
0.09279818228028783
0.09278381907003291
0.09276878602607225
0.0927531666042277
0.09273704668590008
0.09272042214389156
0.09270322534887436
0.09268553070942621
0.09266747184618698
0.09264904013383007
0.09263025736485908
0.09261112994941254
0.09259179910671823
0.09257230192597063
0.09255139843393291
0.0925294345120653
0.09250934633856892
0.09248976581017662
0.09246867242045494
0.09244717471897348
0.09242561349546687
0.09240373731172713
0.09238158930705442
