0.7078333239478144
0.7079194116935602
0.7080037799116136
0.7080864267221811
0.7081673502814227
0.708246548782704
0.7083240204466816
0.7083997635297629
0.7084737763059569
0.7085460571183583
0.7086166042133573
0.708685416041217
0.7087524909556162
0.7088178273621264
0.7088814236858669
0.7089432783739005
0.7090033898886635
0.7090617567146236
0.7091183773499395
0.709173250308313
0.7092263741172693
0.709277747318585
0.7093273684642785
0.7093752361195685
0.7094213488586805
0.7094657052666742
0.7095083039347878
0.709549143463832
0.7095882224591636
0.7096255395349012
0.7096610933081151
0.7096948824009397
0.7097269054398044
0.7097571610530078
0.7097856478719287
0.7098123645303276
0.7098373096618646
0.7098604819019936
0.7098818798853821
0.709901502246851
0.7099193476209303
0.7099354146396588
0.7099497019342189
0.7099622081347272
0.7099729318672728
0.709981871757307
0.7099890264248852
0.7099943944912286
0.7099979745718773
0.7099997652779523
0.7099997652216724
0.7099979730041155
0.7099943872306718
0.7099890065019155
0.7099818294117582
0.7099728545529762
0.7099620805155497
0.7099495058856813
0.7099351292473587
0.7099189491819629
0.7099009642680557
0.7098811730831054
0.7098595742027265
0.7098361662005992
0.709810947650662
0.709783917125774
0.709755073199056
0.7097244144436023
0.7096919394355705
0.7096576467504712
0.7096215349673513
0.7095836026688385
0.7095438484400056
0.7095022708712381
0.7094588685576604
0.7094136401004938
0.7093665841079735
0.7093176991947762
0.709266983985596
0.7092144371134887
0.7091600572219345
0.7091038429647591
0.7090457930102155
0.7089859060374252
0.7089241807391271
0.7088606158272002
0.7087952100258444
0.708727962076079
0.7086588707398676
0.7085879347855194
0.7085151530968944
0.7084405243316741
0.7083640474574568
0.7082857213159777
0.7082055447959174
0.7081235168188851
0.7080396363293199
0.7079539023012905
0.7078663137353616
0.7077768696711937
0.7078658393183974
0.7079547967875082
0.7080419575346597
0.708127321625451
0.708210887635104
0.7082926548709723
0.7083726226276195
0.7084507900911596
0.7085271560027981
0.7086017222331409
0.7086744824911182
0.7087454399854259
0.7088145932516166
0.7088819413043301
0.7089474833051337
0.7090112184241523
0.7090731458523616
0.7091332647927124
0.7091915744196199
0.7092480739432573
0.7093027625583042
0.7093556394487104
0.7094067038294458
0.7094559548935808
0.7095033918354311
0.7095490138696373
0.709592820178826
0.7096348099772534
0.7096749824611499
0.7097133368343183
0.709749872290004
0.7097845880317442
0.7098174832584394
0.709848557161985
0.7098778089358602
0.7099052377796478
0.7099308428883692
0.7099546234508078
0.709976578649952
0.7099967076710295
0.7100150096999793
0.710031483920195
0.7100461295120517
0.710058945650157
0.7100699315087218
0.7100790862582047
0.710086409067569
0.7100918991047318
0.7100955555350115
0.7100973775205887
nan
0.7100955147931638
0.7100918284019526
0.710086304195334
0.7100789413261464
0.7100697389468494
0.7100586962071872
0.7100458122580253
0.7100310862491881
0.7100145173309352
0.7099961046544716
0.7099758473714907
0.7099537446327436
0.7099297955905757
0.7099039993993543
0.7098763552189639
0.7098468622157164
0.7098155195553016
0.709782326405767
0.7097472819411663
0.7097103853472968
0.7096716358150484
0.7096310325434245
0.7095885747362302
0.7095442616154417
0.7094980924094082
0.7094500663559286
0.7094001827131747
0.7093484407485701
0.7092948397509568
0.7092393790174271
0.7091820578824306
0.7091228756731088
0.7090618317685455
0.7089989255526925
0.7089341564340944
0.708867523868911
0.7087990273230113
0.7087286663500589
0.7086564406493819
0.7085823509406957
0.7085063912633568
0.7084285680993188
0.7083488782964718
0.7082673219083145
0.708183898531586
0.708098607936591
0.7080114503770335
0.7079224252974117
0.7078315324628504
0.7080168024881636
0.708112550758234
0.7082062900992903
0.7082980241543602
0.7083877565002885
0.7084754905615549
0.708561231976651
0.7086449833463082
0.708726731042296
0.7088065022893718
0.7088842913000075
0.7089600990258165
0.7090339284791682
0.7091057822167586
0.7091756626350669
0.7092435720500581
0.7093095126785208
0.7093734866671946
0.7094354960396568
0.7094955429109842
0.7095536290531831
0.7096097563848771
0.7096639267910332
0.7097161418380888
0.7097664033331839
0.7098147128433441
0.7098610719125291
0.7099054820790364
0.7099479447496058
0.7099884614050762
0.7100270333080275
0.7100636618277458
0.7100983481935943
0.7101310935995733
0.7101618992292804
0.7101907662351761
0.7102176956807345
0.7102426885854614
0.7102657459668245
0.7102868688056097
0.7103060580192587
0.7103233144800678
0.7103386390433262
0.7103520325446897
0.7103634957881895
0.7103730295379587
0.7103806345205854
0.7103863114313621
0.7103900609418486
0.8283186606203947
0.8283281512535465
0.8283363525505693
0.8283432646045114
0.7103799192246589
0.710372117049352
0.7103623914984757
0.7103507430581142
0.7103371721970659
0.7103216793644604
0.7103042649933615
0.7102849295025835
0.7102636732958294
0.710240496764532
0.7102154002815593
0.7101883842005565
0.7101594488558108
0.7101285945756532
0.7100958216891657
0.7100611305253418
0.7100245213924268
0.7099859945808443
0.7099455503700736
0.7099031890850093
0.709858910994977
0.7098127163837704
0.709764605524664
0.709714578724127
0.7096626362664201
0.7096087784449268
0.7095530055985549
0.7094953179590306
0.7094357159878107
0.709374199887405
0.7093107700924178
0.7092454270057362
0.7091781709752764
0.709109002461387
0.7090379219215535
0.708964929848489
0.7088900267680806
0.7088132132368459
0.7087344901223992
0.7086538587701225
0.7085713167643587
0.7084868675874296
0.7084005120904204
0.7083122506485339
0.7082220842559284
0.7081300139071529
0.7080360406370123
0.7082777666073048
0.7083857044073036
0.7084911790444772
0.7085942094176985
0.7086949050796922
0.7087930219690882
0.7088886740740865
0.7089821727583343
0.709073241660879
0.7091619677766126
0.7092483545823703
0.7093324160102
0.7094141743142295
0.7094936331279811
0.7095708055377349
0.7096457019982643
0.7097183327235591
0.7097887075030755
0.7098568357205711
0.7099227264826982
0.7099863883756952
0.7100478299251199
0.7101070594368555
0.7101640842025141
0.710218912286981
0.7102715508459372
0.7103220069233551
0.7103702873127032
0.7104163988449925
0.7104603476371247
0.710502140098829
0.7105417820992824
0.7105792796019104
0.7106146381472989
0.7106478632142084
0.710678959975824
0.7107079336001219
0.7107347891682673
0.7107595315040285
0.7107821652205354
0.7108026947631565
0.7108211244818442
0.7108374587119862
0.7108517017161868
0.7108638575337293
0.710873929963982
0.7108819227106515
0.7108878394984419
0.8264110718551441
0.8264330006271308
0.8264534883120934
0.8264725335274237
0.8264901358853438
0.8265062959620494
0.8265210152866951
0.826534296372876
0.7108482396311434
0.710833580797603
0.7108168809327197
0.7107981428491684
0.7107773692984247
0.710754562919122
0.7107297262359036
0.7107028617132358
0.7106739718073423
0.7106430589800194
0.7106101256697159
0.7105751742524442
0.7105382070280517
0.7104992262321449
0.7104582340467269
0.7104152326411719
0.7103702241487272
0.7103232107482386
0.7102741945719091
0.7102231776881333
0.7101701621340367
0.7101151499464524
0.7100581431000035
0.7099991435883354
0.7099381535296293
0.7098751746904144
0.7098102092623486
0.709743259319769
0.7096743265796805
0.7096034132739728
0.7095305213998724
0.7094556530065383
0.7093788102168707
0.7092999951538511
0.709219209998152
0.7091364569723372
0.7090517383386199
0.7089650563332603
0.7088764140347181
0.7087858015846695
0.7086932271843244
0.7085987645781546
0.7085022972881582
0.7084038920555945
0.7085357433592078
0.7086715862718299
0.7088031780800688
0.7089417415945929
0.7090495314128522
0.7091700576599503
0.7092859762136015
0.7093982890581843
0.7095072312501775
0.709612913111237
0.7097154082206966
0.7098147881943848
0.7099111067923127
0.7100044307298267
0.7100947708896963
0.7101822151183825
0.7102667860631299
0.7103484785521076
0.7104274113060284
0.7105035530589006
0.710576925756241
0.7106476059780722
0.7107155844362288
0.7107809314514298
0.7108435728252702
0.7109036264869901
0.7109610945750215
0.7110159664451826
0.7110682853966626
0.7111180720423147
0.7111653482061959
0.7112101268132562
0.7112524189518196
0.7112922389615923
0.7113296019980406
0.7113645244432494
0.7113970215455191
0.7114271078319462
0.7114547967031758
0.7114801007779448
0.7115030320280302
0.7115236019694294
0.7115418217742892
0.7115577024440475
0.7115712546655604
0.7115824889381701
0.7115914154116938
0.824006116041545
0.8240435948116527
0.824079503680089
0.8241138371993896
0.8241465909221275
0.8241777616648258
0.824207347461531
0.8242353474666495
0.8242617619630325
0.8242865923554125
0.8243098411524445
0.8243315119575835
0.8243516094737801
0.8243701394991867
0.7114542117259945
0.7114273373041422
0.71139828553559
0.7113670625839201
0.7113336744593364
0.7112981270515097
0.7112604261531368
0.711220577405814
0.7111785864095075
0.7111344586265032
0.7110881994496903
0.7110398141442706
0.7109893079410441
0.7109366859398139
0.7108819533160772
0.7108251148821335
0.7107661757559871
0.7107051407814472
0.7106420145431482
0.7105768022933874
0.7105095084040692
0.7104401378870258
0.710368694816946
0.7102951849060308
0.7102196124285399
0.7101419816896888
0.710062297901492
0.7099805657618123
0.7098967900873685
0.7098109757159113
0.709723126920516
0.7096332491936612
0.7095413138392836
0.7094474235870509
0.7093514960429943
0.7092535568667391
0.709153614550719
0.7090516754175463
0.7089477088614995
0.70851500158482
0.7092878638988344
0.7089811826430238
0.709020679464519
0.7087647848131604
0.7088934753491655
0.708680903130126
0.7095342420959033
0.7097127419005138
0.7098716395683635
0.7100220847593888
0.7101641804047919
0.7102990673175967
0.7104276872104967
0.7105506552671388
0.7106683936268064
0.7107812101535713
0.7108893559257959
0.7109930367630878
0.7110924279552648
0.7111876745352923
0.7112788920215827
0.7113661964840537
0.7114497020264803
0.7115295068779888
0.7116056959000066
0.7116783329568346
0.7117474969730505
0.7118132624920915
0.7118756842738849
0.7119348130613996
0.7119907138806154
0.7120434351312226
0.712093022278786
0.7121395211511169
0.7121829745989507
0.7122234229901986
0.7122609129178241
0.7122954458563484
0.7123270958833275
0.7123558773501751
0.712381821457539
0.7124049610486245
0.7124253215627798
0.7124429226905111
0.8212315247277779
0.8212866000407528
0.8213410133049593
0.8213925213995252
0.821442846558419
0.8214928598184537
0.8215400023840754
0.8215851172296442
0.8216296052603029
0.821672587207871
0.821713489909695
0.821752589712223
0.8217900895972344
0.8218260620171942
0.8218604921448007
0.8218932414413314
0.8219242273911793
0.8219535398942927
0.8219813165138314
0.8220075936730459
0.8220323022060708
0.7121759949349618
0.7121356557580607
0.7120929785110752
0.7120479723009759
0.7120006469496865
0.7119510131487566
0.7118990820100576
0.7118448651554417
0.7117883735695174
0.7117296195425807
0.7116686160642325
0.7116053603750202
0.7115399034388906
0.7114721813041962
0.7114022760931998
0.7113303859566611
0.7112556071994384
0.7111814308164182
0.7110981907209506
0.7110178197762209
0.7109355661755397
0.7108507172279306
0.7107633347548576
0.7106739297783164
0.7105823276561617
0.7104885972085828
0.7103927659981495
0.710294859509522
0.7101948396795073
0.710092712683738
0.7099885385384231
0.7098823285521811
0.709774049401921
0.7096637263060541
nan
nan
0.7065630115094541
0.7067269555131117
0.7073754406747033
0.7078354520665744
0.7084527014909532
0.7084604154763018
0.7087931418097024
0.7091636386746941
0.7087919437304484
0.7100965228938826
0.7099526029408955
0.7100403339877677
0.7099804697517706
0.7101966204638197
0.710584294612069
0.7108093423530157
0.7110040996299415
0.7111815272103351
0.7113459301114382
0.7114995569118585
0.7116440336371574
0.7117800801462136
0.7119082204402608
0.7120296149191356
0.712144092672329
0.712252183471767
0.7123539584790501
0.7124505858824365
0.7125414152165825
0.7126269187425448
0.712707289129725
0.7127827061136888
0.7128530320583227
0.7129195762088316
0.7129785531621146
0.7130351446011066
0.7130926464544153
0.7130806386686274
0.7131726103290876
0.7132610254128773
0.7133431156724181
0.7133172861004968
0.8184144840975455
0.8184696931633838
0.8185443947685905
0.8186069702776979
0.8186714407991948
0.818733472804117
0.8187942562372892
0.8188536307847765
0.8189115839612805
0.8189681310015074
0.8190232482575437
0.8190769129862987
0.8191291158462104
0.8191798333799514
0.8192290494633305
0.8192767505994487
0.8193229215535883
0.819367550756298
0.8194106274687207
0.8194521445942813
0.819492095135479
0.8195304757807327
0.81956728281834
0.8196025167908585
0.8196361784525846
0.8196682713701684
0.8196988000190273
0.7129462215060989
0.7128920506406797
0.7128353059648919
0.7127760099349203
0.7127141816288766
0.7126498432548931
0.7125830126403527
0.712513709648102
0.71244195268876
0.7123677605010139
0.7122911511939447
0.7122121422733638
0.7121307515331305
0.7120469942489919
0.7119608868273793
0.7118724552965491
0.7117817102719195
0.7116886669347172
0.7115933316933654
0.7114957503545551
0.7113959236478022
0.7112938685241714
0.7111896096928149
0.7110831732138114
0.7109745865455912
0.71086387793963
0.710751095727216
0.7106362980538787
0.7105194046703234
nan
nan
nan
nan
nan
nan
nan
nan
nan
nan
nan
nan
nan
nan
nan
nan
nan
nan
nan
nan
nan
nan
nan
nan
nan
nan
0.7113433870799142
0.7116053514747659
0.7118483424842279
0.7120620883985855
0.7122545056561205
0.7124367939669296
0.7126042359321965
0.7127613035508216
0.7129040990141184
0.7130387492531963
0.7131639952302309
0.7132802200707671
0.71338898076745
0.7134896167638071
0.7135829205273471
0.71366923213654
0.7137488695727665
0.7138221853572237
0.713889236692459
0.8160685237891805
0.8161228989461327
0.8161782892276209
0.8162338738747804
0.8162900412259533
0.8163463445044501
0.8164026462159639
0.8164590029467529
0.816515178136878
0.8165710204206631
0.816626578566443
0.8166816033506178
0.8167361173993528
0.8167899960353956
0.8168431782126799
0.8168955967880566
0.8169471929964005
0.8169979104523843
0.817047698602166
0.8170965122507475
0.8171443109383293
0.817191058339437
0.8172367203556115
0.8172812686400562
0.8173246767298643
0.8173669281453864
0.817408004854467
0.8174478924417539
0.8174865791692485
0.8175240357523147
0.8175603208201315
0.8175953674857035
0.8176292468949449
0.7135036028222184
0.7134307281987482
0.7133549190829168
0.7132761192828463
0.7131946755987162
0.7131109304306777
0.7130241359098582
0.7129334103758784
0.7128397858905839
0.7127453486716498
0.7126500685512297
0.7125511102175406
0.7124460169244398
0.7123359995520488
0.712225226620045
0.7121167964969052
0.7120101087510042
0.7119000072809308
0.7117754097934708
0.7116308595149741
0.7114903214121387
0.7113623596848015
nan
nan
nan
nan
nan
nan
nan
nan
nan
nan
nan
nan
nan
nan
nan
nan
nan
nan
nan
nan
nan
nan
nan
nan
nan
nan
nan
nan
nan
nan
nan
nan
nan
nan
nan
nan
nan
nan
nan
nan
nan
nan
nan
nan
nan
nan
nan
0.8146511172399465
0.8146573665469138
0.8146680878314497
0.8146828124635117
0.8147010918455381
0.8147221085712137
0.8147470559034042
0.8147738208279067
0.8148029858186516
0.8148341902456675
0.8148671958024997
0.8149017911965281
0.8149378074626231
0.8149750131843627
0.8150133205403916
0.8150524682621815
0.8150924823635309
0.8151329044551981
0.8151741587958381
0.8152145395797747
0.8152577872961366
0.8152991955821633
0.8153414380693111
0.8153834553967828
0.8154253477578736
0.8154671985720542
0.8155087900382056
0.8155500898044308
0.8155910464697629
0.8156316097197216
0.8156716994547019
0.8157114139587973
0.8157506034894537
0.8157892505857796
0.8158272456934845
0.8158646463755386
0.7139179286388176
0.7138347758983806
0.7137481528513782
0.7136581313319244
0.713564747986849
0.7134680336408811
0.7133681171512719
0.7132649642666667
0.71315867463718
0.7130492980563119
0.7129368026212151
0.7128214474260525
0.712703213709993
0.7125806362647964
0.7124574696974001
0.7123305854914481
0.7122008161775302
nan
nan
nan
nan
nan
nan
nan
nan
nan
nan
nan
nan
nan
nan
nan
nan
nan
nan
nan
nan
nan
nan
nan
nan
nan
nan
nan
nan
nan
nan
nan
nan
nan
nan
nan
nan
nan
nan
nan
nan
nan
nan
nan
nan
nan
nan
nan
nan
nan
nan
nan
nan
nan
nan
nan
nan
nan
nan
nan
nan
nan
nan
nan
nan
nan
nan
0.814204619049244
0.814210472164039
0.8142191108391115
0.8142303592113513
0.8142440547993961
0.8142600463795351
0.8142781973391762
0.8142983689610499
0.8143204386998452
0.8143442874157347
0.814369805820385
0.8143968985319696
0.8144254112227793
0.8144553477044312
0.8144867508279499
0.8145182187535933
0.8145519412879215
0.8145861272755591
0.8146214041765805
0.8146574944089362
0.8146943393173329
0.8147319250106553
0.8147701355572791
0.8148089806203641
0.713585315621075
0.713480080558006
0.7134068158906808
0.7132855655168481
0.7131736450426359
0.713059327329068
0.712941358299021
0.7128183072440977
0.712692456011325
0.7125626063808804
