0.70729891069024
0.7074055326287959
0.7075100860593508
0.7076125647251481
0.7077129624737932
0.7078112733407511
0.7079074914074335
0.7080016109403102
0.708093626250409
0.7081835317868286
0.7082713221331003
0.7083569919458097
0.7084405360063943
0.7085219492289334
0.708601226581381
0.7086783632026881
0.708753354307004
0.7088261952257846
0.7088968813985885
0.7089654083769293
0.7090317718213218
0.7090959675024373
0.7091579913026549
0.7092178392137292
0.709275507339475
0.7093309918956864
0.709384289210045
0.7094353957231925
0.7094843079858899
0.7095310226660256
0.7095755365420671
0.7096178465088152
0.7096579495739717
0.7096958428599989
0.7097315236063018
0.7097649891660507
0.709796237009985
0.7098252647242846
0.7098520700122113
0.7098766506936577
0.7098990047080415
0.7099191301094506
0.7099370250720916
0.7099526878883524
0.7099661169688519
0.7099773108430979
0.7099862681609872
0.7099929876896893
0.7099974683171396
0.7099997090494864
0.7099997090206285
0.7099974674706567
0.7099929837704809
0.7099862574072515
0.7099772879890329
0.7099660752452077
0.7099526190242121
0.7099369192950948
0.709918976148072
0.7098987897930433
0.7098763605600239
0.7098516888996318
0.7098247753831207
0.7097956207001705
0.7097642256611927
0.7097305911956755
0.7096947183531657
0.7096566083012911
0.7096162623278948
0.7095736818378845
0.7095288683560479
0.7094818235244122
0.7094325491027293
0.7093810469687012
0.7093273191170707
0.7092713676585197
0.7092131948214957
0.7091528029493079
0.7090901945017162
0.7090253720547532
0.7089583382964266
0.7088890960340481
0.7088176481857678
0.7087439977854917
0.708668147980116
0.7085901020318239
0.7085098633093087
0.7084274353233219
0.7083428216342863
0.7082560259870885
0.7081670521986585
0.708075904213108
0.7079825860751989
0.7078871019563984
0.7077894561432261
0.707689653015599
0.707587697094314
0.7074835929892538
0.7073773454537942
0.7072689593490148
0.7071315554691888
0.7072420852376147
0.707350466156025
0.707456716600315
0.7075607959325594
0.7076626915427515
0.7077624563955733
0.7078600310371538
0.7079554488596951
0.7080486589113235
0.708139697217677
0.7082285563204848
0.7083151960717498
0.7083996557080382
0.7084819020135904
0.7085619427018595
0.7086397701434364
0.7087153802807258
0.7087887692247308
0.7088599328189334
0.7089288670811298
0.7089955681936592
0.7090600323240127
0.709122255798733
0.7091822350729992
0.7092399666414371
0.709295447153339
0.7093486733425707
0.7093996420701331
0.7094483502941621
0.7094947950977168
0.7095389736761714
0.7095808833420223
0.7096205215286104
0.7096578857846968
0.7096929737827552
0.7097257833176536
0.709756312308149
0.7097845587977901
0.7098105209569429
0.7098341970825176
0.7098555855997598
0.7098746850620637
0.7098914941535813
0.7099060116881379
0.7099182366090163
0.7099281679942566
0.7099358050497684
0.7099411471178412
0.7099441936697028
0.8304793976645326
0.7099433988044421
0.7099395569929643
0.7099334188998478
0.7099249846666791
0.7099142545696029
0.7099012290201645
0.7098859085653197
0.7098682938839771
0.7098483857902815
0.7098261852333096
0.7098016932946836
0.7097749111913687
0.7097458402733201
0.7097144820223742
0.7096808380558419
0.7096449101211022
0.7096067000984276
0.7095662099995872
0.7095234419707854
0.7094783982873665
0.7094310813554556
0.7093814937152261
0.709329638032557
0.7092755171141331
0.7092191338788687
0.7091604913922158
0.7090995928304987
0.7090364415374173
0.7089710409364227
0.7089033946039835
0.7088335062876303
0.7087613797705558
0.7086870190397784
0.7086104283035555
0.7085316117244154
0.7084505750299768
0.7083673198699479
0.7082818467053674
0.7081941802531722
0.7081042951613011
0.7080122170747403
0.7079179598057798
0.7078214955121849
0.7077228625611106
0.7076220387165801
0.707519068120799
0.7074139241819339
0.707306606935372
0.7071971498579102
0.7066901569313727
0.7068099974311536
0.7069275218192405
0.7070427224378129
0.7071555860182708
0.7072661017290784
0.7073742650987355
0.7074800857783817
0.7075835664803701
0.7076847470728403
0.707783590993438
0.7078800198886914
0.7079742283162054
0.7080659639192016
0.7081553244442728
0.7082423043583774
0.7083269716682769
0.7084092016027695
0.7084891578784609
0.7085667121253919
0.7086419161819356
0.7087147329763219
0.7087851553136094
0.7088531728886796
0.7089187876687517
0.7089820009245579
0.7090428173308937
0.7091012430332181
0.7091572792353158
0.7092109262108925
0.7092621809772164
0.7093110392005462
0.7093574953118339
0.7094015441055463
0.7094431809859288
0.7094824024774244
0.7095192062775135
0.7095535910956217
0.7095855565132543
0.7096151026953914
0.709642230142467
0.7096669395110526
0.7096892314615919
0.7097091065413743
0.7097265650976317
0.7097416071940457
0.7097542324982173
0.7097644400503015
0.7097722274456411
0.7097775852227443
0.8319477647634838
0.8319384898120282
0.7097791875593202
0.709774875291382
0.7097681360242856
0.7097589757402915
0.7097474003575056
0.709733417499228
0.7097170359088196
0.7096982638298832
0.7096771068090666
0.7096535656261018
0.7096276353417337
0.709599306393092
0.7095685680849075
0.7095354136727654
0.7094998449879107
0.709461873951234
0.7094215192970776
0.7093787991845477
0.7093337231089825
0.7092862882224976
0.7092364830947553
0.7091842969776344
0.7091297294244301
0.7090727919226831
0.7090135019682228
0.7089518719893774
0.7088879054800936
0.7088215967157739
0.7087529434992497
0.7086819483071836
0.7086086290887437
0.7085329734745022
0.7084550293812456
0.708374739991539
0.708292163831631
0.708207286661384
0.7081200836220904
0.7080306242442026
0.7079388812403546
0.7078448128687409
0.7077484807926913
0.7076499545724269
0.7075490769777858
0.7074459808399134
0.7073406426333473
0.7072330564851848
0.7071232379836593
0.7070111918374633
0.7060019648844249
0.7061342453777298
0.7062640168621604
0.7063912772186984
0.7065160242238412
0.7066382563715445
0.7067579721228544
0.7068751697164936
0.7069898467831023
0.7071020006047997
0.7072116278805931
0.7073187253065849
0.7074232898033601
0.7075253185321904
0.7076248076279665
0.7077217545585458
0.7078161556198683
0.7079080085061071
0.7079973086708582
0.7080840564393402
0.7081682445583287
0.708249867371687
0.7083289351705299
0.708405437201508
0.7084793361022177
0.7085507308382607
0.7086194676123185
0.708685695458958
0.7087493069587657
0.7088103442752715
0.7088687899862647
0.7089246863298085
0.7089779244847386
0.709028639362627
0.709076744948261
0.7091222179020591
0.709165149210729
0.7092054672427254
0.7092431719025353
0.7092782950546408
0.7093108222619274
0.7093407449443204
0.7093680688120589
0.7093927955378583
0.7094149232701138
0.7094344520930386
0.7094513832986102
0.7094657170426195
0.7094774528826463
0.8345987391739986
0.834575073539805
0.8345522444526705
0.8345302524940087
0.8345090981381493
0.7094933954301114
0.7094869888411199
0.7094779967535297
0.7094664215147428
0.7094522658337893
0.7094355326255526
0.7094162248516687
0.7093943453945378
0.7093698970233584
0.7093428824966816
0.7093133049049976
0.709281168504748
0.709246479140432
0.7092092404886756
0.7091694483196163
0.7091271035863187
0.7090822354051576
0.7090348506836224
0.7089848934012335
0.7089324124559422
0.7088774756130729
0.7088199352981054
0.7087599152895726
0.7086974309928573
0.7086323619279098
0.708564881654586
0.7084949221109356
0.708422392595665
0.7083472948899577
0.7082697998773352
0.7081900892639553
0.7081079557981161
0.7080228691684531
0.7079349211116374
0.7078452499116142
0.7077541619568847
0.7076600043447283
0.7075613477456923
0.7074602344136243
0.7073599340956489
0.707258869844112
0.7071506678417084
0.7070346636268884
0.7069201992301991
0.7068108181296813
0.7067036427141749
0.7051135799984533
0.7052565616178343
0.7053970483259003
0.7055350599609322
0.7056704993652461
0.7058034282382799
0.7059338417847161
0.7060616958952708
0.7061869948444705
0.7063097280566425
0.706429887534489
0.7065474605894877
0.7066624415662308
0.7067748204610833
0.7068845870562626
0.7069917322970113
0.707096251879823
0.7071981271437209
0.7072973566145833
0.7073939300801626
0.70748783860098
0.7075790747392328
0.7076676307669335
0.7077534984337099
0.7078366701870663
0.7079171390297516
0.7079948996417331
0.7080699397786689
0.7081422580990805
0.7082118467209001
0.708278699597485
0.7083428110912131
0.7084041756542274
0.7084627880229939
0.7085186434172803
0.7085717370807301
0.7086220647560602
0.7086696222516906
0.7087144059395523
0.7087564123572726
0.7087956382550564
0.7088320803229791
0.7088657367690063
0.7088966047399147
0.7089246822931448
0.7089499676764466
0.7089724594418096
0.7089921562947742
0.8388398819933878
0.8387945588735704
0.8387502564255906
0.8387069756311243
0.8386647182133649
0.8386234866638127
0.8385832842306251
0.8385441149581319
0.7090436090597535
0.7090353549162609
0.7090243109969794
0.7090104792041866
0.7089938615527038
0.7089744601629282
0.7089522774530984
0.708927316579465
0.7088995817207895
0.7088690773300376
0.7088358063572964
0.7087997700173602
0.7087609711424125
0.7087194158977448
0.7086751089625263
0.7086280526272163
0.7085782528259806
0.7085257146062572
0.7084704403335369
0.7084124363061075
0.7083517067217204
0.708288257176286
0.708222092203264
0.7081532174529144
0.708081632605521
0.7080073549963664
0.7079303804167061
0.7078507162068439
0.7077683680017025
0.7076833410798281
0.7075956408473969
0.7075052728314486
0.7074122425014493
0.7073165549530668
0.707218215365004
0.7071172291228695
0.7070136019386438
0.7069073389206019
0.7067984448681415
0.7066869251015422
0.7065727837322026
0.7064560267163539
0.7063366586092816
0.7062146838312746
0.7037953999860452
0.7042512351547654
0.7032959164681403
nan
0.7046660054722764
0.7045353890492673
nan
0.7026695786503999
0.7044516362063117
0.7049028206154095
nan
0.7030502740697007
nan
nan
0.7052839730950039
0.7049563784349391
0.7053144169012797
0.7054972400983157
0.704190777722921
0.7059787057505577
0.7061519880481666
0.7062960503883715
0.7064427819234329
0.7065519877486036
0.7066601109861995
0.706762729060016
0.7068602392036376
0.7069530571476058
0.7070415990997652
0.7071261058429992
0.707206811047037
0.7072838753431905
0.7073574330285154
0.7074275492953095
0.707494208203479
0.7075576159489714
0.7076185137166622
0.7076780440747178
0.7077295073718062
0.707780348110174
0.707828156858785
0.7078729342853016
0.7079144139311047
0.7079529591169551
0.7079884446151545
0.8456080049178601
0.8455436650345598
0.8454806705882103
0.8454189932565812
0.8453586129962943
0.8452995096949103
0.8452416717898488
0.845185090173409
0.8451297603146108
0.8450756810908995
0.8450228540978644
0.844971284324265
0.8449209793936112
0.8448719494229215
0.7081542962106169
0.7081408993314885
0.7081244377675258
0.7081049009957454
0.7080823012057538
0.708056626790098
0.7080278773438071
0.7079960512155514
0.7079611463198358
0.707923160799417
0.7078820924086926
0.7078379385436885
0.7077906964309135
0.7077403639051273
0.7076869373799916
0.7076304136503628
0.7075707888751113
0.7075080587352505
0.707442218743686
0.707373263458817
0.7073011865371039
0.7072259806734729
0.7071476380600402
0.7070661493000617
0.7069815069515626
0.7068936917926202
0.7068026859696181
0.7067085078917125
0.706611101871951
0.7065104404615123
0.7064065430890372
0.7062993497461734
0.7061888211107188
0.7060749355269431
0.7059576225777731
0.7058368721935838
0.7057125932237679
0.7055847099565764
0.705453152494665
0.7053177884358187
0.7051784888091855
nan
nan
nan
nan
nan
nan
nan
nan
nan
nan
nan
nan
nan
nan
nan
nan
nan
nan
nan
nan
0.7038898002458498
nan
nan
nan
0.704242465016766
nan
0.7046552392022742
0.7046284732201858
0.7047912690638691
0.7048118532613793
0.7049080315410101
0.7050448413560952
0.7051254646137866
0.7052999164785502
0.7053289430384146
0.7053584928928642
0.7054327317464798
0.7054834301098926
0.7055336528494912
0.7055743668790215
0.7056071413386861
0.705633132999071
0.7056488418943394
0.7056574244247504
0.7056546625842957
0.7056392564464311
0.7056201021703495
0.7055857515599349
0.7055345654745533
0.7054779240833727
0.7053993793334611
0.705300964760649
0.7051942446423012
0.7050617881255776
0.7049136710797834
0.7152658200051603
0.7147458161617279
0.7142314971929701
0.7137443895611957
0.7132711111600323
0.7128223380922298
0.7124018008677038
0.7120030514242579
0.7116425681214826
0.711296967784797
0.7109825523634664
0.710689641949926
0.7104170764844456
0.7101537695599955
0.7099228935227588
0.7096946521052037
0.709480262490456
0.7092729799026816
0.7090740684878434
0.708882877889467
0.7086955760234841
0.7085227675760386
0.7083459318536648
0.7081720145033163
0.708003737996078
0.7078334970316579
0.7076694744102123
0.7075074450960575
0.7073470727119615
0.7071969555311719
0.7070175409507029
0.7067166746782514
0.7066590801063715
0.7065008295900156
0.7063453719263699
0.7061849286105649
0.7060207677249053
0.7058571241565679
0.7056861586392501
0.7055230763760643
0.7053473489277003
0.7051769539283935
0.7049990887500418
0.704813352722317
0.7046080073682498
nan
nan
nan
nan
nan
nan
nan
nan
nan
nan
nan
nan
nan
nan
nan
nan
nan
nan
nan
nan
nan
nan
nan
nan
nan
nan
nan
nan
nan
nan
nan
nan
nan
nan
nan
nan
nan
nan
nan
nan
nan
nan
nan
0.7041638971923394
0.8818834789808956
0.8819667597906079
0.8820991317379977
0.882183977741685
0.8822051043769785
0.8821876606080085
0.7052646281244918
0.881967823780995
0.8797967628916421
0.8788623114888696
0.8780732540345237
0.8773327770931758
0.8766537598392861
0.8759455085209007
0.8752779294298076
0.8746250497271204
0.8737327219710247
0.8733753054491613
0.8727603038205465
0.8721781719310095
0.8713687231287373
0.8708885557636656
0.8703237030360695
0.8697597555494483
0.8691387961861423
0.7057950315439744
0.705794983620964
0.7057915030608616
0.705794141904698
0.7057629885268428
0.7057554551239844
0.7057351807219914
0.7057112287772492
0.7056884968154484
0.7056468224182867
0.7056124304706519
0.7055694142602045
0.7055229248676732
0.7054656552423441
0.7054201227910677
0.70531345929698
0.705182773969731
0.7058015088396065
0.7068742001646455
0.7070556515617663
0.707295617409198
0.7072587516583348
0.7071797837862637
0.7070452707968551
0.7068330112514262
0.7068057973000583
0.7066497525763327
0.7064910070197021
0.7063145845361307
0.7060708520334356
0.7060019309437362
nan
nan
nan
nan
nan
nan
nan
nan
nan
nan
nan
nan
nan
nan
nan
nan
nan
nan
nan
nan
nan
nan
nan
nan
nan
nan
nan
nan
nan
nan
nan
nan
nan
nan
nan
nan
nan
nan
nan
nan
nan
nan
nan
nan
nan
nan
nan
nan
nan
nan
nan
nan
nan
nan
nan
nan
nan
nan
nan
nan
nan
nan
nan
nan
nan
nan
nan
nan
nan
nan
nan
nan
nan
nan
nan
nan
nan
nan
nan
nan
nan
nan
nan
nan
nan
nan
nan
nan
nan
nan
nan
nan
nan
nan
nan
nan
nan
nan
nan
nan
nan
nan
nan
nan
nan
nan
nan
nan
nan
nan
nan
nan
nan
nan
nan
nan
nan
nan
nan
nan
nan
nan
nan
nan
nan
nan
nan
nan
nan
nan
nan
nan
nan
nan
nan
nan
nan
nan
nan
nan
nan
nan
nan
nan
nan
nan
nan
nan
nan
nan
nan
nan
nan
nan
nan
nan
nan
nan
nan
nan
nan
nan
nan
nan
nan
nan
nan
nan
nan
nan
nan
nan
nan
nan
nan
nan
nan
nan
nan
nan
nan
nan
nan
nan
nan
nan
nan
nan
nan
nan
nan
nan
nan
nan
nan
nan
nan
nan
nan
nan
