nan
nan
nan
nan
nan
nan
nan
nan
nan
nan
nan
nan
nan
nan
nan
nan
nan
nan
nan
nan
nan
nan
nan
nan
nan
nan
nan
nan
nan
nan
nan
nan
nan
nan
nan
nan
nan
nan
nan
nan
nan
nan
nan
nan
nan
nan
nan
nan
nan
nan
nan
nan
nan
nan
nan
nan
nan
nan
nan
nan
nan
nan
nan
nan
nan
nan
nan
nan
nan
nan
nan
nan
nan
nan
nan
nan
nan
nan
nan
nan
nan
nan
nan
nan
nan
nan
nan
nan
nan
nan
nan
nan
nan
nan
nan
nan
nan
nan
nan
nan
0.08416820675746864
0.08419580200919177
0.08422243156363539
0.08424819968903041
0.08427298057370233
0.0842968277442146
0.08431993845163824
0.08434215117536767
0.08436360339410447
0.08438418776706494
0.0844040722080632
0.08442322324405702
0.08444160376343898
0.0844593331969289
0.08447635939465559
0.08449273477987373
0.08450846905640905
0.08452358130159329
0.08453808996540826
0.08455201180085918
0.0845653633773768
0.08457816085471447
0.0845904195681368
0.0846021543849614
0.0846133796995385
0.08462410918305972
0.08463435608192055
0.08464413301218193
0.0846534520984194
0.08466232488682573
0.08467076239711016
0.08467877510298895
0.08468637293536324
0.08469356528670474
0.08470036100862849
0.08470676841725255
0.08471279529349365
0.0847184488831901
0.08472373589795254
0.08472866251528063
0.08473323437859595
0.08473745659725765
0.08474133374669743
0.08474486986842092
0.08474806846968662
0.08475093252340617
0.08475346446774662
0.08475566620559521
0.08475753910408362
0.08475908399376136
0.08476030116795713
0.08476119038212479
0.08476175085187246
0.08476198125322362
0.08476187972077046
0.08476144384668491
0.08476067067933377
0.08475955672183519
0.0847580979306651
0.08475628971392402
0.08475412693002818
0.084751603885721
0.08474871433476244
0.08474545147587564
0.08474180795053342
0.08473777584125847
0.08473334666847665
0.0847285113875221
0.084723260386588
0.08471758348597747
0.08471146993253592
0.08470490840173694
0.08469788699112321
0.08469039322251498
0.08468241402827026
0.08467393575810056
0.08466494414651876
0.08465542436453438
0.08464536097990147
0.08463473793829063
0.08462353857231497
0.08461174571708827
0.0845993413647809
0.08458630704922568
0.08457262393706862
0.08455827171094688
0.08454322918280296
0.08452748475402211
0.08451098184959668
0.08449377403280112
0.08447574116116723
0.08445690044817282
0.08443731622539877
0.08441678914216105
0.08439543863313177
0.08437310696531417
0.08434996539333064
0.08432585143163265
0.084300644635049
0.08427448747223398
0.08321700561301004
0.08324914353850267
0.08328038237590601
0.08331067330882833
0.08333996623892279
0.08336827472133068
0.08339568944728054
0.08342235981789842
0.08344840385271993
0.08347385133807292
0.0834985920581448
0.08352246538759275
0.08354547379971214
0.0835675158052332
0.08358879358741443
0.08360947600946339
0.08362973994025158
0.0836495723432692
0.08366898236946907
0.08368778970603835
0.08370591019702386
0.08372326719936252
0.08373988583653466
0.08375584317853729
0.08377124911051663
0.08378620080109804
0.08380076178065796
0.08381495501056241
0.08382876951258272
0.08384217632761518
0.08385514307647013
0.08386764503191022
0.08387967010755383
0.08389121914370773
0.08390230289081993
0.08391293786063551
0.08392314241203484
0.08393293386887027
0.08394232688760266
0.08395133287737382
0.08395996015128496
0.08396821446861688
0.08397609970286152
0.08398361847222435
0.08399077265036312
0.08399756373431551
0.0840039930738587
0.08401006197757077
0.08401577170766766
0.08402112337119183
0.08402611771633428
0.08403075485363423
0.08403503395301629
0.08403895300732617
0.08404250879264809
0.08404569716020924
0.08404851374115963
0.08405095498775692
0.08405301923160195
0.08405470718600146
0.08405602122041081
0.08405696299452428
0.0840575297859048
0.08405771092891101
0.08405748665878846
0.08405683147147804
0.08405572220551347
0.08405414776738124
0.08405211458499817
0.08404964215020426
0.08404674800714587
0.08404342956519958
0.08403965540690195
0.08403537526942534
0.08403054530310194
0.08402515086426221
0.08401920833095336
0.0840127414441722
0.0840057518535855
0.08399820674950668
0.08399005870950603
0.08398127274928444
0.0839718425159984
0.08396176356763721
0.0839510443727272
0.0839396385442851
0.08392753015365179
0.08391470733055047
0.08390110801976028
0.08388677195823599
0.08387165289310447
0.08385569112355784
0.08383888044768117
0.08382129443254618
0.08380274177618263
0.08378330349385865
0.08376294173750048
0.08374160630205008
0.08371928461246736
0.08369594232913602
0.08150133477538224
0.0815420160922557
0.0815817761796486
0.08162063735737617
0.08165862040020927
0.08169574578192633
0.0817320331482917
0.08176750158059179
0.0818021695991667
0.08183605520744547
0.08186917605403188
0.08190154904835578
0.08193319013480442
0.08196411566500691
0.08199434169138725
0.08202388254800709
0.08205275294401301
0.08208096741783752
0.08210853885703534
0.08213548133403945
0.08216180740179657
0.08218752943050135
0.0822126599335119
0.08223721068018891
0.08226118998618719
0.08228461598819786
0.08230748905820867
0.08232982892679447
0.08235163873630605
0.08237293022913865
0.08239371250602284
0.08241399481174859
0.08243378141251553
0.08245308523375317
0.08247191028077544
0.08249026312953936
0.08250815282822327
0.08252558346408839
0.08254256095173662
0.0825590911602582
0.08257517861990188
0.08259082769047196
0.0826060424306852
0.0826208264624941
0.08263518294355277
0.0826491145149982
0.08266262343595143
0.08267571160455597
0.08268838043031954
0.08270063081626339
0.08271246323313955
0.08272387773189513
0.08273487389923519
0.08274545083361692
0.08275560716097477
0.08276534105013766
0.08277465020975852
0.08278353187394594
0.08279198278885035
0.08279999920750689
0.08280757688830553
0.08281471109392506
0.08282139658715804
0.08282762762583507
0.08283339796660796
0.08283870089899578
0.08284352930126679
0.08284787555281281
0.08285173121741868
0.08285508733315382
0.0828579355488752
0.08286026601572784
0.08286206481477007
0.08286332397828115
0.08286403689631046
0.08286418033262621
0.08286375195279014
0.08286274056213926
0.08286111909809887
0.08285888388608831
0.08285601220322661
0.08285250922675728
0.08284838312679912
0.08284356444515617
0.08283794527308368
0.08283156957801269
0.08282472391521738
0.0828174366340258
0.08280903789105448
0.08279894021485418
0.08278828908341111
0.08277899665760775
0.08276970827229174
0.08275568665532045
0.08273709020277274
0.08272439956451941
0.08272418835561215
0.08271942516644892
0.08269327676624563
0.08264832347624018
0.07882121161873618
0.07887414508991458
0.07892617772460417
0.07897735701599032
0.07902767795200702
0.07907717092575448
0.07912586123702023
0.07917374768901608
0.07922085124042634
0.07926718770538864
0.07931277322244797
0.07935761860491747
0.07940173725424246
0.07944514164878605
0.07948784342048597
0.07952985392825143
0.07957118703695018
0.07961184512351684
0.07965184340129444
0.07969119108812363
0.07972989718247431
0.07976796953133428
0.07980541666987988
0.07984224689176925
0.07987846798660916
0.07991408722582213
0.07994911193604781
0.07998354834971352
0.08001740369691446
0.08005068405067267
0.08008339539625836
0.08011554348617292
0.08014713379928998
0.08017817144923574
0.08020866134293528
0.08023860811265482
0.08026801611220126
0.08029688926074308
0.08032523159487909
0.08035304619881543
0.08038033653049942
0.08040710548604009
0.08043335507423877
0.08045908866950907
0.08048430715729113
0.08050901182678186
0.0805332050086669
0.08055688725497999
0.0805800590043964
0.0806027205661344
0.0806248717911621
0.08064651218939393
0.08066764089735035
0.08068825667228147
0.0807083578858705
0.08072794251699106
0.08074700814506622
0.08076555194165863
0.08078357066526615
0.08080106065126154
0.0808180178071709
0.08083443760455797
0.0808503150679459
0.08086564476776581
0.0808804208190215
0.08089463688110474
0.08090828614240049
0.08092136129306882
0.08093385451852667
0.08094575752800062
0.08095706154194052
0.08096775723279707
0.08097783476613643
0.08098728381576953
0.08099609346274182
0.0810042522559595
0.08101174814362896
0.08101856852381939
0.08102470037031623
0.08103013003322562
0.08103484244937864
0.08103882408844644
0.08104205840815404
0.0810445293963846
0.0810462202943705
0.08104711364824421
0.08104719141227809
0.0810464347976847
0.08104482401467204
0.08104233894314682
0.08103895924765156
0.08103466326789177
0.08102942797367402
0.08102323016861364
0.08101604632352824
0.08100785209564301
0.08099862047468101
0.08098832663690211
0.08097694258759545
0.08096444019323673
0.07365294698961114
0.07390638965137572
0.0729238198377756
nan
0.07384161106609125
0.0737078817583004
nan
0.06966990916313147
0.07383360667448394
0.07377595313604873
nan
0.06994591649965073
nan
nan
0.07368469570015772
0.07369539462353994
0.07358679257164227
0.07362570759575726
0.07092343325325541
0.07572222606319853
0.07587906420264157
0.07599570081152388
0.07612057897940006
0.07619057551197214
0.07626240288363753
0.07632912349714259
0.0763913038855097
0.07644961572886401
0.0765047606996152
0.07655715054588733
0.07660719636581693
0.07665519761440168
0.07670139323638978
0.07674602596968974
0.07678931684633789
0.0768311371729028
0.07687163632569394
0.07691495840749783
0.07694941656397769
0.07698903147820482
0.07702434933160114
0.07705983736629153
0.07709533753573225
0.07712959544022963
0.07716313566672406
0.07719599747259887
0.07722816755929435
0.07725966473914575
0.07729050339984629
0.07732069352201064
0.07735024517720007
0.07737916413583615
0.0774074549353278
0.07743511986618697
0.0774621594786068
0.07748857297362516
0.07751435786427051
0.07753951033172343
0.07756402532239566
0.07758789574672541
0.07761111313306344
0.07763367690759758
0.07765554715893686
0.07767676139322677
0.07769727588856071
0.07771708061485919
0.0777361644626064
0.07775451153440865
0.07777210496869746
0.07778892703882713
0.0778049587981324
0.0778201799018359
0.07783456875161548
0.0778481022767612
0.07786075585588711
0.07787250332568338
0.07788331698868382
0.07789316700274537
0.07790202078917724
0.07790984512035945
0.07791660335891695
0.07792225570324095
0.07792676041081288
0.077930071413716
0.07793213957061229
0.07793291125937074
0.07793232695654062
0.07793032190071508
0.07792682444112572
0.07792176623142719
0.07791504395468367
0.07790657039916511
0.07789623910279177
0.07788390772087612
0.07786946015214553
0.0778527188112918
0.07783349854014798
0.07781157070344763
0.07778668301057973
0.07775852824336799
nan
nan
nan
nan
nan
nan
nan
nan
nan
nan
nan
nan
nan
nan
nan
nan
nan
nan
nan
nan
0.0657249010377353
nan
nan
nan
0.06578221353689656
nan
0.06699760176454997
0.06659465664067585
0.06699053304245195
0.06678968644657804
0.06699412404690103
0.06738932597888023
0.06756560573020373
0.06800670560436554
0.06817137507213174
0.06801555185342235
0.0683398646896391
0.06847994750559075
0.06867266360330052
0.06883569488217893
0.06901057936579086
0.06905915751934719
0.069292937478278
0.06945512746384642
0.06963085648089223
0.06977486200467146
0.06992053040760007
0.07006793864158331
0.07022093175510635
0.07035677459584871
0.07049926825095088
0.07064640256389618
0.07077810737042256
0.07091557404677884
0.07104649380025582
0.07118356106056498
0.07131384802258886
0.07144199822048089
0.07156422037972826
0.0716822422744792
0.0717944079146973
0.07189955901118825
0.07199897057506385
0.07208936825809775
0.07217571114169756
0.07225429360538727
0.07232758901254693
0.07239572777726908
0.07246157405335091
0.07251926564721427
0.07257633174944887
0.07262992970377014
0.0726817771689231
0.07273143914988138
0.0727792924022383
0.07282609972210458
0.07286932971424807
0.07291351720822614
0.07295696951151917
0.07299907824800461
0.07304163765634779
0.07308258113214564
0.07312319337937051
0.07316320673501586
0.07320058187702513
0.07324595960884869
0.07332103722977165
0.07333478424812323
0.07337477611608959
0.07341359267992273
0.07345376173448671
0.07349480651252573
0.07353574811130573
0.07357845054159759
0.0736192490594571
0.07366315538309237
0.07370578667474173
0.07375024164503657
0.07379669331686724
0.07384884214124982
nan
nan
nan
nan
nan
nan
nan
nan
nan
nan
nan
nan
nan
nan
nan
nan
nan
nan
nan
nan
nan
nan
nan
nan
nan
nan
nan
nan
nan
nan
nan
nan
nan
nan
nan
nan
nan
nan
nan
nan
nan
nan
nan
0.05787946824612647
0.05905930963582358
0.05901487285537012
0.05895030454777054
0.058907967715956966
0.058897660236110795
0.0589063765796264
0.05894656879812325
0.059016069405449706
0.060101601524669854
0.060568844680942355
0.06096337100634332
0.06133361027841426
0.06167301650664615
0.062027243660777664
0.06236103674103956
0.06268747255590429
0.0631340331191628
0.06331234539586911
0.06361984685269062
0.06391098101963938
0.06431557737534038
0.06455572135116425
0.0648381438770558
0.06512015406158012
0.06543047130439554
0.06569831312624279
0.0659757859517801
0.06625480715577764
0.06667380275801889
0.06671977456751954
0.06706801503260248
0.0673519398581667
0.06762983896793867
0.06796368008144338
0.06812834102888031
0.0684836201252483
0.06879157754727001
0.06910208809095715
0.06943634255634942
0.06981674816846486
0.07026048423238243
0.07081171291423896
0.07353861052596344
0.07328156063674364
0.07323511566028401
0.07317666207583166
0.07318611214352708
0.07320504749796378
0.07323916206672555
0.07329170974664923
0.07329840200621862
0.07333755242271235
0.07337733093247044
0.07342147526308938
0.07348443202238414
0.07349768972166719
nan
nan
nan
nan
nan
nan
nan
nan
nan
nan
nan
nan
nan
nan
nan
nan
nan
nan
nan
nan
nan
nan
nan
nan
nan
nan
nan
nan
nan
nan
nan
nan
nan
nan
nan
nan
nan
nan
nan
nan
nan
nan
nan
nan
nan
nan
nan
nan
nan
nan
nan
nan
nan
nan
nan
nan
nan
nan
nan
nan
nan
nan
nan
nan
nan
nan
nan
nan
nan
nan
nan
nan
nan
nan
nan
nan
nan
nan
nan
nan
nan
nan
nan
nan
nan
nan
nan
nan
nan
nan
nan
nan
nan
nan
nan
nan
nan
nan
nan
nan
nan
nan
nan
nan
nan
nan
nan
nan
nan
nan
nan
nan
nan
nan
nan
nan
nan
nan
nan
nan
nan
nan
nan
nan
nan
nan
nan
nan
nan
nan
nan
nan
nan
nan
nan
nan
nan
nan
nan
nan
nan
nan
nan
nan
nan
nan
nan
nan
nan
nan
nan
nan
nan
nan
nan
nan
nan
nan
nan
nan
nan
nan
nan
nan
nan
nan
nan
nan
nan
nan
nan
nan
nan
nan
nan
nan
nan
nan
nan
nan
nan
nan
nan
nan
nan
nan
nan
nan
nan
nan
nan
nan
nan
nan
nan
nan
nan
nan
nan
nan
