0.7072989107203167
0.7074055326879413
0.7075100860855381
0.7076125647228685
0.707712962482888
0.7078112733340094
0.707907491412406
0.7080016109425264
0.7080936262453789
0.7081835317813137
0.7082713221211865
0.7083569919337241
0.7084405359843141
0.7085219491995302
0.7086012265690462
0.7086783631893546
0.7087533542936287
0.708826195212221
0.7088968813852854
0.7089654083635767
0.7090317718081315
0.7090959674895625
0.7091579912897319
0.7092178392012252
0.7092755073275039
0.7093309918841645
0.7093842891988934
0.7094353957119616
0.7094843079756222
0.7095310226560029
0.7095755365326728
0.7096178464998006
0.7096579495652624
0.7096958428519851
0.7097315235985464
0.7097649891591125
0.7097962370033875
0.709825264718067
0.7098520700064508
0.709876650688834
0.7098990047030268
0.7099191301051668
0.709937025068372
0.709952687885068
0.7099661169660798
0.7099773108409525
0.7099862681588874
0.7099929876885397
0.7099974683164597
0.709999709047308
0.7099997090207969
0.709997467469415
0.7099929837690707
0.7099862574056112
0.7099772879870507
0.7099660752423343
0.7099526190209817
0.7099369192912859
0.7099189761439321
0.7098987897881205
0.7098763605547562
0.7098516888942547
0.7098247753770891
0.7097956206934097
0.7097642256539214
0.7097305911881312
0.7096947183450009
0.7096566082926443
0.7096162623187314
0.709573681828284
0.7095288683461771
0.7094818235139636
0.7094325490920743
0.709381046957615
0.7093273191054833
0.7092713676465955
0.7092131948091632
0.7091528029367264
0.7090901944890067
0.7090253720413993
0.7089583382828999
0.7088890960204629
0.7088176481721558
0.7087439977718345
0.7086681479668853
0.7085901020178635
0.7085098632930441
0.7084274352995711
0.7083428216257449
0.7082560259772422
0.7081670521912862
0.7080759042065916
0.7079825860761846
0.7078871019612514
0.7077894561446342
0.7076896530256107
0.7075876971046781
0.7074835930096236
0.7073773454907386
0.7072689593897163
0.7071315554108876
0.7072420849493366
0.7073504664312141
0.707456715638691
0.7075607999420904
0.7076626983128944
0.7077624501657196
0.7078600346619616
0.7079554303626732
0.7080486598677862
0.7081397112291047
0.7082285555287767
0.7083151993455901
0.7083996521273952
0.7084819029589668
0.7085619427222931
0.7086397699346989
0.7087153802417365
0.7087887691890997
0.7088599327507573
0.708928867050556
0.7089955681609075
0.7090600322877532
0.7091222557749536
0.7091822350456833
0.7092399666173886
0.7092954471256437
0.709348673317186
0.7093996420451403
0.7094483502721743
0.7094947950785995
0.7095389736599902
0.7095808833291591
0.7096205215166366
0.7096578857728241
0.7096929737707555
0.7097257833052004
0.709756312295433
0.7097845587855838
0.7098105209456085
0.7098341970724958
0.709855585591078
0.709874685055151
0.7098914941481769
0.7099060116838878
0.7099182366063641
0.7099281679914606
0.7099358050485374
0.7099411471157248
0.7099441936720144
0.8304793976637213
0.7099433988006876
0.7099395569908633
0.7099334188960078
0.7099249846617234
0.7099142545634386
0.709901229013233
0.7098859085570239
0.7098682938753074
0.709848385781425
0.7098261852245025
0.7098016932865965
0.7097749111831537
0.7097458402646832
0.7097144820132872
0.709680838045013
0.7096449101080669
0.709606700083316
0.7095662099833624
0.7095234419531196
0.709478398269757
0.7094310813390057
0.7093814936983014
0.7093296380157463
0.7092755170924387
0.7092191338575662
0.7091604913672442
0.7090995928081139
0.709036441505623
0.7089710409097213
0.7089033945790143
0.708833506232039
0.7087613797418557
0.7086870190098029
0.7086104280414988
0.7085316116289668
0.7084505737306735
0.7083673164346342
0.7082818495118515
0.7081941804838273
0.708104303630607
0.708012217735667
0.7079179466745233
0.7078214978337654
0.7077228570483358
0.7076220454495155
0.7075190745883628
0.7074139200912459
0.7073066051967487
0.7071971505972385
0.7066901673161831
0.7068100002440723
0.7069275065350034
0.707042684442772
0.7071555318518845
0.7072660473729906
0.7073742283258689
0.7074800738651752
0.7075835781446251
0.7076847246926583
0.7077835640873221
0.707880081700706
0.7079741715928101
0.7080658904200877
0.7081553109279826
0.7082423505103904
0.7083270007640785
0.7084093162778812
0.7084892764341557
0.7085668259975711
0.708641970629494
0.7087147430186458
0.7087851436740297
0.7088531569235095
0.7089187763823328
0.7089820026019135
0.709042834835397
0.7091012706349918
0.7091573078238655
0.70921094467668
0.709262179429555
0.7093110102405927
0.7093574353491091
0.7094014531169707
0.7094430619917146
0.7094822604949722
0.7095190472380517
0.709553420942345
0.709585380449683
0.7096149247273695
0.7096420528755685
0.7096667641382882
0.7096890579164448
0.7097089337877529
0.7097263915336682
0.7097414311960876
0.7097540532041566
0.7097642587388054
0.7097720510984203
0.7097774436784405
0.8319477638202823
0.8319384922543999
0.7097789571811165
0.7097746650263907
0.7097679581798086
0.7097588387721256
0.7097473088551309
0.7097333703053089
0.7097170249181347
0.7096982744472033
0.7096771206152177
0.7096535651152407
0.7096276096220651
0.7095992558125617
0.7095685054040545
0.7095353602076331
0.7094998222006113
0.7094618936039373
0.7094215769660983
0.7093788752331692
0.7093337917920304
0.7092863304650577
0.709236495468227
0.7091842913526766
0.7091297229341801
0.7090727951354197
0.7090135127219339
0.7089518802214484
0.7088879022918131
0.7088215836833456
0.7087529277148058
0.7086819363084648
0.708608616377889
0.708532982920435
0.7084550414021571
0.7083747678801448
0.7082921544057719
0.7082072513791731
0.7081200855310985
0.7080306170723127
0.7079388402878398
0.707844827459383
0.7077485432126607
0.7076499294500809
0.7075490651383253
0.7074459828500842
0.7073406423284776
0.7072330560537327
0.707123237524771
0.7070111912855465
0.7060019665383841
0.706134245066625
0.7062640142715185
0.7063912730209073
0.7065160197007436
0.7066382525411925
0.7067579693798325
0.7068751678760603
0.7069898453716166
0.7071019991749257
0.707211626280465
0.7073187234827546
0.7074232881516922
0.7075253171182166
0.7076248062977148
0.707721753721671
0.707816155006325
0.7079080080389288
0.7079973088814095
0.7080840538622112
0.7081682445251987
0.708249863587935
0.708328909189176
0.7084054242348179
0.708479395006849
0.7085507518427744
0.7086194866256812
0.7086856592043864
0.7087492913406039
0.7088103444033061
0.7088687912211731
0.7089246455118787
0.7089779268952139
0.7090286324076256
0.7090767447927964
0.7091222527114053
0.7091651568783365
0.709205463230727
0.7092431756845277
0.709278294329187
0.709310817212343
0.7093407423624775
0.7093680686353151
0.7093927956493427
0.7094149234674065
0.7094344523834218
0.7094513828588259
0.7094657155323629
0.709477451240472
0.8345987378113758
0.8345750725580319
0.8345522436259265
0.8345302517123873
0.8345090982786887
0.7094933936904606
0.7094869860799465
0.7094779936334568
0.7094664185645925
0.7094522632895387
0.7094355304051606
0.7094162226721125
0.7093943429970013
0.709369894405917
0.7093428800148529
0.7093133030138203
0.7092811666968108
0.709246474591091
0.7092092307317259
0.7091694400083768
0.7091271082686995
0.7090822415976907
0.7090348443564969
0.7089849168054381
0.7089324551407303
0.7088774571008507
0.7088199313063444
0.7087598994524864
0.7086973812799139
0.708632374671236
0.7085648616917601
0.7084948477565614
0.7084223840769548
0.7083475076409116
0.7082701652215921
0.7081902815996275
0.70810785785489
0.7080229200259828
0.7079354265111736
0.7078453292801948
0.7077526812041175
0.7076576065304793
0.7075602620805579
0.7074608281793847
0.7073594504925813
0.7072561900716747
0.7071510038313386
0.7070437533295453
0.7069342403349368
0.7068222424066375
0.7067075450448695
0.7051135425730839
0.7052565709639763
0.7053970576392153
0.705535026609491
0.7056705419147244
0.7058034236799157
0.7059338351030737
0.7060616907587403
0.7061869910012686
0.7063097232079756
0.7064298832950235
0.7065474563326292
0.706662438234422
0.7067748175050936
0.7068845841634542
0.7069917284829579
0.7070962511770652
0.7071981244976695
0.7072973548262489
0.7073939275210337
0.7074878368654253
0.7075790734836971
0.7076676301562248
0.7077534975019417
0.7078366691834084
0.707917138213823
0.7079948979544282
0.7080699398574746
0.7081422578080937
0.7082118465793256
0.7082786995676024
0.7083428110986859
0.7084041757476413
0.7084627881775456
0.7085186435421967
0.7085717373003473
0.7086220650309967
0.7086696225995287
0.7087144063159194
0.7087564127266875
0.7087956385223506
0.7088320807560727
0.7088657369587301
0.7088966049508303
0.7089246826538713
0.7089499681523204
0.708972459886312
0.7089921567375719
0.8388398777519789
0.8387945546998868
0.8387502523143984
0.8387069715788524
0.8386647142127697
0.8386234827038604
0.8385832803168458
0.8385441110987041
0.7090436087863755
0.7090353538430896
0.709024309114232
0.7090104766429735
0.7089938587042933
0.7089744577944479
0.7089522766041586
0.7089273179796294
0.7088995848806785
0.7088690803615123
0.7088358076087038
0.7087997700439592
0.7087609714611004
0.7087194160695307
0.708675108349909
0.7086280527397052
0.7085782534157601
0.7085257144499445
0.7084704402744415
0.7084124358971575
0.7083517064920728
0.7082882568621378
0.7082220920279798
0.7081532166428426
0.7080816346130971
0.7080073542421357
0.7079303796517691
0.7078507152546732
0.7077683669439759
0.7076833398973934
0.7075956396431429
0.7075052714178853
0.7074122405465983
0.7073165531365075
0.7072182133231195
0.7071172273274675
0.7070135997493345
0.7069073359292917
0.7067984422282817
0.7066869219593803
0.7065727805534262
0.7064560233564849
0.7063366549289859
0.706214679794174
0.7041436119908403
0.7023640782157822
0.7041207389618145
nan
0.7045634844925995
0.7044432160981697
0.7017332341461049
0.7042120327309672
0.7029267066824418
0.7044392129734278
0.7027560442880667
0.7030264616713583
nan
nan
0.7049877425343833
0.7045582834718525
0.7050106672433918
0.7052949351308271
0.7039110955202967
0.7059768468162376
0.7061520074827683
0.7062974015962664
0.7064383092321136
0.7065511280586392
0.7066601335314472
0.7067627413858665
0.7068602461803537
0.7069530958004395
0.7070416081003225
0.7071261143425943
0.7072068185078637
0.7072838846478801
0.7073574374816681
0.7074276398660457
0.7074943138818737
0.7075575917941067
0.7076188261919616
0.7076767579794713
0.7077300008114085
0.7077803959808371
0.707828284632949
0.7078729012990781
0.7079144061793535
0.7079529634081851
0.707988449323695
0.8456079687566777
0.8455436365875626
0.8454806429515158
0.8454189676557685
0.845358587687174
0.845299484773562
0.8452416474455594
0.8451850663400626
0.8451297369298078
0.8450756579911901
0.8450228312725483
0.8449712617670276
0.84492095733668
0.8448719279246124
0.7081542996817509
0.7081409033487249
0.7081244387622043
0.7081049056154374
0.7080823036926265
0.7080566292590194
0.7080278796628935
0.7079960534283958
0.7079611485029199
0.7079231627496466
0.7078820939858462
0.7078379397674648
0.7077906975036076
0.7077403645278345
0.7076869378189614
0.7076304138596551
0.7075707888970983
0.7075080587026958
0.7074422185033027
0.7073732628536307
0.7073011854496799
0.7072259792610018
0.7071476364700207
0.7070661470156484
0.7069815007937249
0.7068936925229862
0.7068027009405693
0.7067084908179325
0.706611076562613
0.706510441120649
0.7064065226303995
0.7062993418810326
0.7061888003402969
0.7060748904807987
0.7059576170848452
0.7058368596197637
0.7057125844576131
0.7055847021598397
0.7054531387816604
0.7053177682080927
0.7051784711885711
nan
nan
nan
nan
nan
nan
nan
nan
nan
nan
nan
nan
nan
nan
nan
nan
nan
nan
nan
nan
0.7038382089865121
nan
0.7040891238846285
0.7041770868804189
0.7042065104949004
0.7043024249493658
0.7045976397155905
0.7046496041124851
0.7047507134953499
0.7048802705148268
0.7048352286154635
0.7050459608631399
0.7051180877124003
0.7052941429993382
0.7053228445494497
0.705368932140416
0.7054341047817865
0.7054850887743369
0.7055328161783081
0.7055747916412709
0.7056046458638082
0.7056343121293224
0.70564818055603
0.7056572785668642
0.7056580063866089
0.7056399901282938
0.7056202286593866
0.7055856199687698
0.7055346014653432
0.7054781915660328
0.7054005261198752
0.7053030292626616
0.7051950810576673
0.7050613376472098
0.7157823854392198
0.7152669803929217
0.7147461081667054
0.7142322369511519
0.7137452575451629
0.7132717667067402
0.7128226929850526
0.7124002423338139
0.7120029830609133
0.711639382757455
0.7112963658273911
0.7109833520272768
0.7106901466954181
0.7104175901981937
0.710163804004976
0.709923531490974
0.7096957483259622
0.7094798496785826
0.70927337285154
0.7090748057333341
0.7088831955423551
0.708681308490489
0.7085200683595483
0.7083447500075185
0.7081722849681351
0.708002878201783
0.7078346407592798
0.7076699484902611
0.7075080494729936
0.7073484865892453
0.7071873116838344
0.7070854664176931
0.7068099967287264
0.7065913405127455
0.7065052683512234
0.7063450282358581
0.7061857113721047
0.706022178140642
0.7058577037481933
0.7056922544780422
0.7055234059348037
0.7053512492308982
0.7051783018221357
0.7049990818243332
0.704811823621524
0.704631247014271
nan
nan
nan
nan
nan
nan
nan
nan
nan
nan
nan
nan
nan
nan
nan
nan
nan
nan
nan
nan
nan
nan
nan
nan
nan
nan
nan
nan
nan
nan
nan
nan
nan
nan
nan
nan
nan
nan
nan
nan
nan
nan
nan
0.7040754274198662
0.8819219959908552
0.8819249943126186
0.8820957582297597
0.8821747909890243
0.8822092177277651
0.8821833733268415
0.7052575486283772
0.8819619431181317
0.8798053816385729
0.8788648787631727
0.8780756584655467
0.8773365647037804
0.8766267254577031
0.8759472469626846
0.8752798949060625
0.8746269633026712
0.8738806321826762
0.8733771325382107
0.8727617415578008
0.8721834311266063
0.8719215676404178
0.8708900458291009
0.8703247946186796
0.8697612649968325
0.7057688988529122
0.705794831048535
0.705796108339284
0.7057915332378084
0.7058004696610056
0.7057536244758861
0.7057548106881008
0.7057536628383239
0.7057110774061618
0.7056775912435972
0.705645404646549
0.7056094484759429
0.7055718652189954
0.7055227693022679
0.705465679022884
0.705418176719145
0.7053078236055091
0.7051649196802048
0.7052422674402259
0.7070684055811773
0.7071977510927738
0.7072896167258781
0.7072596232100299
0.7071795274157033
0.7070508299412428
0.7069417550669941
0.7068158596523177
0.7066494393939753
0.706488680458035
0.7063159022646361
0.7061089731230987
0.7060332983022448
nan
nan
nan
nan
nan
nan
nan
nan
nan
nan
nan
nan
nan
nan
nan
nan
nan
nan
nan
nan
nan
nan
nan
nan
nan
nan
nan
nan
nan
nan
nan
nan
nan
nan
nan
nan
nan
nan
nan
nan
nan
nan
nan
nan
nan
nan
nan
nan
nan
nan
nan
nan
nan
nan
nan
nan
nan
nan
nan
nan
nan
nan
nan
nan
nan
nan
nan
nan
nan
nan
nan
nan
nan
nan
nan
nan
nan
nan
nan
nan
nan
nan
nan
nan
nan
nan
nan
nan
nan
nan
nan
nan
nan
nan
nan
nan
nan
nan
nan
nan
nan
nan
nan
nan
nan
nan
nan
nan
nan
nan
nan
nan
nan
nan
nan
nan
nan
nan
nan
nan
nan
nan
nan
nan
nan
nan
nan
nan
nan
nan
nan
nan
nan
nan
nan
nan
nan
nan
nan
nan
nan
nan
nan
nan
nan
nan
nan
nan
nan
nan
nan
nan
nan
nan
nan
nan
nan
nan
nan
nan
nan
nan
nan
nan
nan
nan
nan
nan
nan
nan
nan
nan
nan
nan
nan
nan
nan
nan
nan
nan
nan
nan
nan
nan
nan
nan
nan
nan
nan
nan
nan
nan
nan
nan
nan
nan
nan
nan
nan
nan
