nan
nan
nan
nan
nan
nan
nan
nan
nan
nan
nan
nan
nan
nan
nan
nan
nan
nan
nan
nan
nan
nan
nan
nan
nan
nan
nan
nan
nan
nan
nan
nan
nan
nan
nan
nan
nan
nan
nan
nan
nan
nan
nan
nan
nan
nan
nan
nan
nan
nan
nan
nan
nan
nan
nan
nan
nan
nan
nan
nan
nan
nan
nan
nan
nan
nan
nan
nan
nan
nan
nan
nan
nan
nan
nan
nan
nan
nan
nan
nan
nan
nan
nan
nan
nan
nan
nan
nan
nan
nan
nan
nan
nan
nan
nan
nan
nan
nan
nan
nan
0.08416820703926278
0.08419580527660564
0.08422242479287093
0.08424817990701841
0.08427301098782278
0.0842968620782146
0.08431991167497055
0.08434215805449355
0.08436354794579258
0.08438419040565245
0.08440410040229836
0.0844232266568641
0.08444161447307723
0.08445932228910125
0.08447635985998739
0.08449273477306535
0.08450846861656464
0.08452358132892247
0.08453808996416519
0.08455201171275474
0.0845653633702157
0.08457816084875935
0.08459041954710407
0.08460215438736318
0.08461337968522231
0.08462410917424976
0.08463435605543085
0.08464413298780335
0.08465345207523317
0.08466232487172225
0.08467076238957101
0.0846787751003411
0.08468637293511126
0.08469356528551591
0.08470036100541668
0.08470676841217922
0.08471279528728906
0.08471844887691737
0.08472373589248723
0.08472866251107608
0.08473323437570685
0.08473745659552953
0.08474133374587649
0.08474486986821797
0.0847480684698707
0.08475093252380603
0.08475346446826346
0.08475566620620595
0.08475753910475817
0.08475908399450538
0.0847603011687732
0.0847611903827761
0.08476175085240645
0.0847619812535592
0.08476187972082452
0.08476144384633144
0.08476067067839671
0.08475955672020215
0.08475809792833355
0.08475628971109694
0.08475412692708117
0.08475160388322578
0.08474871433309189
0.08474545147503315
0.08474180795001925
0.08473777583970105
0.08473334666401278
0.08472851137902257
0.08472326037449061
0.08471758347145364
0.08471146991948342
0.08470490839288507
0.0846978869883416
0.08469039322246597
0.0846824140285714
0.08467393574951543
0.08466494413456196
0.08465542434736609
0.08464536096344456
0.08463473792956253
0.08462353856091064
0.08461174564724039
0.084599341373403
0.08458630700759473
0.08457262344071628
0.08455827169155437
0.08454322929174246
0.08452747303036472
0.08451099481028324
0.0844937808017473
0.0844757642381378
0.08445690311534582
0.08443725733501743
0.08441679592633253
0.08439540392896172
0.0843731537944234
0.08435001854989202
0.08432581144871747
0.08430062523838187
0.0842744961943929
0.08321700221529443
0.0832490272867763
0.083280115871466
0.0833102991470678
0.0833396086648383
0.08336807323271786
0.08339571728621159
0.08342256659717145
0.08344864171882388
0.08347394633787204
0.08349851920559574
0.08352237223736883
0.08354546139448099
0.08356781779011532
0.08358949204262564
0.08361046605708664
0.08363074979976876
0.08365038481842839
0.08366938737980988
0.08368775955794296
0.08370552693774061
0.08372272474407129
0.08373937638667112
0.08375549819828104
0.08377110724980087
0.08378622040493894
0.08380085193530323
0.08381501358743368
0.0838287153612142
0.08384196588063503
0.08385477262915025
0.08386714226063144
0.0838790808960194
0.08389059433465046
0.08390168818968413
0.08391236797030635
0.08392263911763786
0.08393250700231936
0.08394197689271188
0.08395105390499719
0.08395974294475052
0.08396804864628779
0.08397597531461667
0.08398352687352621
0.08399070682131629
0.08399751819564326
0.08400396354773168
0.08401004492588182
0.08401576386765139
0.08402112140074113
0.08402611805136101
0.0840307538589003
0.08403502839569095
0.0840389407896685
0.08404248974751412
0.0840456735737815
0.08404849018213001
0.08405093709361447
0.08405301141660051
0.0840547098045279
0.08405602838875254
0.08405696268684415
0.08405750749256578
0.08405765675723775
0.08405740347900903
0.08405673962078582
0.08405565607983823
0.08405414272795872
0.08405218853611932
0.08404978178130906
0.0840469103159173
0.08404356186022115
0.08403972426734876
0.08403538570670452
0.0840305347158556
0.08402516006784565
0.08401925043758815
0.08401279398163364
0.0840057780252943
0.0839981886843987
0.08399000998922102
0.08398122378833608
0.08397181303049855
0.08396176379508813
0.08395105523168829
0.08393965011564192
0.08392752175444546
0.08391467873367203
0.08390111279992235
0.08388676720765198
0.08387162024431634
0.08385570113496685
0.08383894111525621
0.08382126613978921
0.0838027249028401
0.0837833083827473
0.08376294160560188
0.0837416071418673
0.08371928386651714
0.08369594145122448
0.08150133442732985
0.08154201630483013
0.08158177706764866
0.08162063858126273
0.0816586217825522
0.08169574712337596
0.08173203437327892
0.08176750269543714
0.08180217064386008
0.08183605627223199
0.08186917683079117
0.0819015499240943
0.08193319151364246
0.08196411687041756
0.08199434274340694
0.0820238836122473
0.08205275390936423
0.08208096832099329
0.0821085399522414
0.08213548211887423
0.08216180837052045
0.08218752996974599
0.0822126591185254
0.08223721069054099
0.08226119474551916
0.08228461789484458
0.0823074908986822
0.08232982772892694
0.08235163876067259
0.08237293115555525
0.08239371310006192
0.08241399385617211
0.08243378218967788
0.08245308562884299
0.08247191090349776
0.08249026466728329
0.08250815356855488
0.08252558393094914
0.0825425615440114
0.08255909165864755
0.08257517906500952
0.08259082815004445
0.08260604290897647
0.08262082692844257
0.08263518336451517
0.08264911493048956
0.08266262389471796
0.08267571208385732
0.08268838088442193
0.08270063124029714
0.08271246364636317
0.08272387814137427
0.08273487430188038
0.08274545123763612
0.08275560758928885
0.08276534152549295
0.0827746507407952
0.08278353245305142
0.0827919834000539
0.08279999983633576
0.08280757752904502
0.0828147117546705
0.08282139729476468
0.08282762843153177
0.0828333989429508
0.08283870209819189
0.08284353065611506
0.08284787687108448
0.08285173250873967
0.0828550888614927
0.08285793673057226
0.08286026632421706
0.08286206708209473
0.08286332760029455
0.08286403598520431
0.08286418069342327
0.08286375094865599
0.08286273541198755
0.08286111996689538
0.08285888727324567
0.08285601922564247
0.08285250159256219
0.08284832060429966
0.08284345298231284
0.08283787965723721
0.08283160791019974
0.08282466692059931
0.08281708783529601
0.08280889694536114
0.08280010565705118
0.08279066724150518
0.08278043020787548
0.0827691217340352
0.08275636249062618
0.08274173266957915
0.0827248766479155
0.08270560568711961
0.08268396412792425
0.08266024406551425
0.08263496145024672
0.07882122397236781
0.07887415977081624
0.07892618884045464
0.07897736783075017
0.07902771219033544
0.07907718069135747
0.07912587044542055
0.0791737567203287
0.07922085842456003
0.07926719667074694
0.0793127802621805
0.07935762665878995
0.07940174510316565
0.07944514885251361
0.07948785086999859
0.07952985983215752
0.07957119501440524
0.07961185150754838
0.07965184959203962
0.07969119801827132
0.07972990308914482
0.07976797518798807
0.0798054216549271
0.07984225208221493
0.07987847296559915
0.07991409176693043
0.0799491161967327
0.07998355262733214
0.08001740775896732
0.08005068795178663
0.08008339914593204
0.08011554710996818
0.08014713726959566
0.08017817477746572
0.08020866456136205
0.08023861121516271
0.08026801905814779
0.08029689214051812
0.08032523424693139
0.08035304887416218
0.0803803391922684
0.08040710802524256
0.08043335786946385
0.08045909093474027
0.08048430915799722
0.08050901417699266
0.08053320728651828
0.08055688941551442
0.08058006113208518
0.08060272265320897
0.08062487384532593
0.08064651421490329
0.08066764289795975
0.08068825865168573
0.08070835984757344
0.08072794446440168
0.08074701008099064
0.08076555386918949
0.08078357258641908
0.08080106256862254
0.08081801972263737
0.08083443951939395
0.08085031698586106
0.08086564669833374
0.08088042277417365
0.08089463886404655
0.08090828814355638
0.08092136330488395
0.08093385655050597
0.0809457595867017
0.08095706361750743
0.08096775933633533
0.0809778369130558
0.08098728598179313
0.08099609563463772
0.08100425442047787
0.08101175033835674
0.0810185708189323
0.08102470274087534
0.08103013233018797
0.08103484511554748
0.08103882647751884
0.08104206083574411
0.08104453184422439
0.08104622276731474
0.08104711614631037
0.0810471938154978
0.08104643729488478
0.0810448267154969
0.08104234139075496
0.08103896196835969
0.0810346652448238
0.08102943046639886
0.08102323283499344
0.08101604844698862
0.08100785435989233
0.08099862301073738
0.08098832914158402
0.08097694505872377
0.08096444259071578
0.07395438906054438
0.07013834514454878
0.07382985416696912
nan
0.07385133816390567
0.07387758991815901
0.06851112731081647
0.07370364071156535
0.0696732962153109
0.07324891522960436
0.06978805868298447
0.06977041375813411
nan
nan
0.0732988850764193
0.07252460411799508
0.07371604398038208
0.07366841031351337
0.07026721203146757
0.07571964053852415
0.07587913756796963
0.07599789630592298
0.076113707520898
0.07618939816367963
0.07626246480765328
0.07632916802741675
0.07639133398282622
0.07644969825606185
0.07650479441851747
0.07655718225630134
0.07660722526850085
0.07665522103682829
0.07670142293356932
0.07674594084878503
0.07678925373910674
0.07683115624151787
0.0768716733705303
0.07691300049470967
0.07695266872809357
0.07698840850734749
0.07702373484182955
0.07705998646724846
0.07709538759670936
0.07712961774742282
0.07716315227404777
0.07719601569178833
0.07722818179657763
0.07725967854850549
0.0772905162178967
0.07732070619039766
0.07735025764722989
0.07737917631042945
0.07740746685476388
0.0774351315598882
0.07746217102922565
0.07748858438999492
0.07751436914473293
0.07753952135871968
0.07756403606941843
0.0775879078819604
0.07761112685614546
0.0776336805771054
0.07765556408371835
0.0776767713261205
0.07769728618273206
0.07771709209720246
0.07773617588526655
0.07775452295792151
0.07777211656119909
0.07778893883540797
0.07780497078009488
0.07782019210317127
0.0778345811736187
0.07784811493451632
0.07786076877707376
0.0778725165247984
0.07788333033104972
0.07789318038637733
0.07790203478312464
0.07790985940198547
0.07791661771711758
0.0779222705521698
0.0779267756091869
0.07793008694858186
0.07793215528785244
0.07793292739968312
0.07793234397459366
0.07793033887507143
0.07792684704764208
0.07792178422967469
0.07791506244015091
0.07790659098988945
0.0778962464871289
0.0778839316040561
0.077869483193724
0.07785273890212888
0.07783352021937094
0.0778115971865026
0.07778671586287433
0.07775854064884014
nan
nan
nan
nan
nan
nan
nan
nan
nan
nan
nan
nan
nan
nan
nan
nan
nan
nan
nan
nan
0.06553316266436025
nan
0.06576033986709401
0.06573956110309917
0.06565261994686045
0.06580729868875979
0.06669614644578464
0.06667271000657202
0.06675146531687277
0.06707248495101314
0.06656451454683948
0.06739509021139238
0.0675357793043325
0.06804070270760475
0.06809057723771167
0.06812027532364809
0.06834147565204807
0.06849841634792567
0.06870169315587629
0.06883668443255572
0.06909513269344464
0.0690201429626563
0.06929074294894941
0.06945528051563948
0.06959402046057803
0.06978911803976846
0.06992017973533163
0.0700679422179877
0.07022061549864458
0.07035635478385358
0.0704987919119272
0.07064568518961098
0.0707777506233756
0.07091555449737283
0.07105438101349809
0.07118325019040658
0.07131356155200698
0.07144195427454642
0.07156393593640092
0.07168204125758476
0.07179432276816095
0.07189998417494199
0.0719991715129486
0.07209016504959945
0.07217561281487106
0.07225427995391116
0.07232746665166495
0.072395607141775
0.07245903637600173
0.07251910683828977
0.07257604718456495
0.072630030300115
0.07268164139788968
0.07273132568691493
0.07277925507395835
0.07282970533245814
0.07286991078071087
0.07291373012966573
0.07295693847009636
0.07299929537368774
0.07304131819967404
0.07308252213507499
0.07312308369430887
0.07316293449274305
0.07320330951687087
0.0732284884316571
0.07329732354531356
0.07335234655749381
0.07337339248580801
0.07341377865619825
0.07345357209501224
0.07349445409105715
0.07353556577075956
0.07357693787037912
0.07361916167478741
0.073662207831307
0.07370545347976011
0.0737502011367469
0.07379719052256195
0.07384104472869348
nan
nan
nan
nan
nan
nan
nan
nan
nan
nan
nan
nan
nan
nan
nan
nan
nan
nan
nan
nan
nan
nan
nan
nan
nan
nan
nan
nan
nan
nan
nan
nan
nan
nan
nan
nan
nan
nan
nan
nan
nan
nan
nan
0.0575951017989423
0.05903567097950797
0.05903801242788918
0.05895224972232012
0.05891262755529069
0.05889513435167598
0.05890819217654989
0.05894917690217853
0.059019290929382844
0.06009731274008468
0.060567560248145365
0.06096216808644886
0.06133172571493707
0.061686747390935895
0.062026373779675736
0.062360051678441844
0.06268651590853061
0.06305917552906523
0.06331143150814095
0.06361911888954905
0.06390826066471908
0.0640401839266628
0.06455497417568665
0.06483760442346101
0.06511927835675418
0.06533058604075703
0.06569764142861786
0.06598027761739864
0.0662541944718866
0.06673132780059465
0.06660948487883467
0.06706867564350233
0.06738501394003593
0.06762912494726722
0.06787145585586242
0.06809041951905262
0.06847786172257
0.06879123633809406
0.06908980783135159
0.06943600079560333
0.06984329977460887
0.07029910855083768
0.07087190550536113
0.07362794281384491
0.07323153881795272
0.07320018102607441
0.07317776572087345
0.07318565265023645
0.07320508938579806
0.07323847396835993
0.07326370786835054
0.0732959110738898
0.07333765918822716
0.07337790116043975
0.07342068851362454
0.07347330077794828
0.07348990440053622
nan
nan
nan
nan
nan
nan
nan
nan
nan
nan
nan
nan
nan
nan
nan
nan
nan
nan
nan
nan
nan
nan
nan
nan
nan
nan
nan
nan
nan
nan
nan
nan
nan
nan
nan
nan
nan
nan
nan
nan
nan
nan
nan
nan
nan
nan
nan
nan
nan
nan
nan
nan
nan
nan
nan
nan
nan
nan
nan
nan
nan
nan
nan
nan
nan
nan
nan
nan
nan
nan
nan
nan
nan
nan
nan
nan
nan
nan
nan
nan
nan
nan
nan
nan
nan
nan
nan
nan
nan
nan
nan
nan
nan
nan
nan
nan
nan
nan
nan
nan
nan
nan
nan
nan
nan
nan
nan
nan
nan
nan
nan
nan
nan
nan
nan
nan
nan
nan
nan
nan
nan
nan
nan
nan
nan
nan
nan
nan
nan
nan
nan
nan
nan
nan
nan
nan
nan
nan
nan
nan
nan
nan
nan
nan
nan
nan
nan
nan
nan
nan
nan
nan
nan
nan
nan
nan
nan
nan
nan
nan
nan
nan
nan
nan
nan
nan
nan
nan
nan
nan
nan
nan
nan
nan
nan
nan
nan
nan
nan
nan
nan
nan
nan
nan
nan
nan
nan
nan
nan
nan
nan
nan
nan
nan
nan
nan
nan
nan
nan
nan
