0.7058732275710219
0.7059603446951874
0.7060459957866051
0.7061298494916621
0.7062118021881578
0.7062920790699689
0.7063705680510937
0.7064473095296094
0.706522292758754
0.7065955105878533
0.7066669695140898
0.7067366631858527
0.7068045919443657
0.7068707545059693
0.7069351493040607
0.7069977752402526
0.7070586310583762
0.7071177155761034
0.7071750275946885
0.7072305659411732
0.7072843294592391
0.7073363169980857
0.7073865274177686
0.7074349595881824
0.7074816123847192
0.7075264846913454
0.7075695753951374
0.707610883389709
0.7076504075706487
0.7076881468377866
0.7077241000915698
0.7077582662339086
0.7077906441685966
0.7078212327973555
0.7078500310227366
0.7078770377444237
0.7079022518618978
0.7079256722701469
0.7079472978634271
0.7079671275310653
0.7079851601598484
0.7080013946311603
0.7080158298232876
0.7080284646088463
0.7080392978559936
0.7080483284281419
0.7080555551820863
0.7080609769708534
0.7080645926406288
0.7080664010360112
0.7080664009854176
0.7080645913253985
0.7080609708772521
0.7080555384608966
0.7080482928884946
0.7080392329698729
0.7080283575087891
0.7080156653031879
0.7080011551490122
0.7079848258357244
0.7079666761508684
0.7079467048778391
0.707924910797732
0.7079012926893316
0.7078758493292583
0.7078485794928733
0.7078194819564197
0.7077885554934968
0.7077557988805945
0.7077212108957408
0.7076847903179234
0.707646535930195
0.7076064465195898
0.707564520877199
0.707520757801529
0.7074751560957695
0.70742771457337
0.7073784320539654
0.7073273073701103
0.707274339364287
0.7072195268899858
0.7071628688171608
0.7071043640284
0.7070440114234873
0.7069818099241179
0.7069177584627477
0.7068518560060111
0.7067841014872585
0.7067144940447851
0.706643032573753
0.7065697159158324
0.7064945443615972
0.7064175144248447
0.7063386290602665
0.7062578843783501
0.7061752791159683
0.70609082719223
0.7060044751934397
0.7059162845614968
0.7058262522416706
0.7059204835222206
0.7060240198927953
0.7061076284574297
0.7061978211318422
0.7062798378032331
0.7063641535327552
0.7064441176240506
0.7065234039988175
0.7066004636880552
0.7066757031731556
0.7067491499461533
0.706820731554299
0.7068904754564656
0.7069583795145273
0.7070244487925501
0.7070886768029339
0.7071510672746222
0.7072116186171318
0.7072703320400474
0.7073272067639795
0.7073822422966382
0.7074354387707266
0.7074867956656942
0.7075363127597687
0.7075839897469371
0.7076298261166087
0.7076738214803684
0.7077159754511602
0.707756287554904
0.707794757318375
0.7078313842744597
0.707866167923661
0.7078991077396354
0.7079302031892658
0.7079594537340658
0.7079868588201164
0.7080124178780274
0.7080361303263383
0.7080579955719889
0.7080780130125709
0.7080961820334928
0.70811250201123
0.7081269723112071
0.708139592289456
0.708150361293094
0.7081592786606127
0.7081663437213079
0.7081715557982604
0.7081749142059216
nan
nan
0.7081738604600771
0.7081697972060306
0.7081638767621846
0.7081560984080664
0.7081464614208306
0.7081349650742345
0.7081216086403793
0.7081063913886556
0.708089312588878
0.7080703715103384
0.7080495674233114
0.7080268995996
0.7080023673151592
0.7079759698500401
0.7079477064909029
0.7079175765276331
0.7078855792568948
0.7078517139869495
0.7078159800475856
0.7077783767770827
0.7077389035116167
0.7076975596125796
0.7076543444898826
0.7076092575321699
0.7075622981254732
0.7075134658169413
0.7074627601234939
0.7074101804425428
0.7073557265203165
0.7072993977802888
0.7072411937907159
0.7071811151100158
0.7071191605437541
0.7070553311184946
0.7069896245316769
0.7069220436587038
0.7068525904262987
0.7067812624666391
0.7067080516459356
0.7066329663445655
0.706556136268901
0.7064769961257059
0.7063969954461126
0.7063134786074324
0.7062303880922131
0.706143102500898
0.7060561499635254
0.7059671208403034
0.7058431322970762
0.706137237465668
0.7062342897938177
0.7063289245882683
0.7064213988329783
0.7065118733521092
0.7066004087110996
0.7066881870577763
0.7067685847128862
0.7068520116963641
0.7069324491508746
0.7070106242183958
0.7070866981302144
0.7071607445214572
0.7072327755351441
0.7073027907425324
0.7073707976099773
0.7074367995501798
0.7075007978487658
0.7075628061875889
0.7076228093533886
0.7076808293572471
0.707736871237525
0.707790889591533
0.7078429744952108
0.7078931390549659
0.7079412325154524
0.707987280931706
0.7080314172278449
0.7080736224378732
0.7081138326599665
0.7081520640388614
0.7081883421964099
0.7082226579383716
0.7082550028134343
0.7082853836049499
0.7083138065779909
0.7083402712169946
0.7083647760979241
0.7083873223589199
0.7084079122484437
0.708426547364793
0.7084432285206403
0.7084579563197249
0.7084707314940195
0.7084815549031802
0.7084904274223024
0.708497349871379
0.7085023229978323
nan
nan
nan
nan
nan
0.7084912622066406
0.7084826074251469
0.7084720079281899
0.7084594641715917
0.7084449765912529
0.708428545604932
0.7084101716120241
0.7083898549973803
0.7083675961366698
0.7083433954062891
0.7083172531934633
0.7082891698960923
0.7082591458894154
0.7082271814618404
0.7081932767989044
0.7081574321319581
0.7081196480390746
0.708079925469081
0.7080382649983343
0.7079946659589644
0.7079491275682233
0.7079016518977621
0.7078522426443513
0.7078008977337723
0.7077476111344264
0.7076923893135543
0.7076352447519985
0.7075761614208707
0.7075151170752774
0.7074521489220058
0.7073872984413948
0.7073205182999163
0.7072517720942109
0.7071811020741438
0.7071085210009731
0.7070340087738984
0.7069575800797794
0.7068792356618187
0.7067989816733912
0.7067168077668586
0.7066327165621837
0.7065468322009281
0.7064598473523142
0.7063684276252222
0.7062772682656078
0.7061838610112765
0.7060891328138863
0.7064854077297713
0.7065936956218978
0.7066993803619506
0.7068027549735962
0.7069032614795018
0.707001431019374
0.7070971378181865
0.7071904110914999
0.7072812718113317
0.7073697436883312
0.7074558619615142
0.7075397057513686
0.7076214312470867
0.7077012016085829
0.7077793479802073
0.7078447331545261
0.7079219412375728
0.7079910855350772
0.7080584886629441
0.7081240002708831
0.7081871229535868
0.7082478859793543
0.7083063985085307
0.7083626685669152
0.708416710569726
0.7084685345397573
0.7085181503473735
0.7085655663931492
0.7086107906930607
0.7086538306453094
0.708694693248702
0.7087333851606679
0.7087699126729679
0.7088042818006416
0.7088364983048517
0.7088665676781293
0.7088944952299174
0.7089202860189936
0.7089439448975848
0.7089654765865561
0.7089848855416936
0.7090021760860455
0.7090173525062909
0.7090304188288252
0.7090413788173335
0.7090502362281959
nan
nan
nan
nan
nan
nan
nan
nan
nan
nan
nan
0.7089937355728272
0.708975550876747
0.7089553052758064
0.708933001169462
0.7089086409085912
0.7088822268003955
0.7088537611182004
0.7088232461097688
0.7087906840097479
0.7087560770381048
0.7087194273937756
0.7086807372509536
0.7086400087615055
0.7085972440857881
0.7085524454161671
0.708505614970444
0.7084567549704475
0.7084058676967141
0.7083529554730401
0.7082980206863556
0.7082410658310873
0.7081820934909846
0.7081211063580126
0.708058107383797
0.7079930996906012
0.7079260868941978
0.7078570732850528
0.7077860633025312
0.7077130684986117
0.7076380981521599
0.7075610480479354
0.7074821188283703
0.7074020906126204
0.7073220675207068
0.7072287070422348
0.7071454726689523
0.7070566946362867
0.7069657832834165
0.7068730153968447
0.7067783247241435
0.7066816810907057
0.7065831068933792
0.7064825229536162
0.7068731443591059
0.7070109676556023
0.7071391065190025
0.707264180645004
0.7073849563999854
0.7075030623006854
0.7076169137627167
0.7077274598404484
0.7078346715895589
0.7079386251381312
0.7080393699019755
0.7081370707986993
0.7082314283089695
0.7083232942433122
0.708411604933078
0.7084969418211051
0.7085807403591482
0.7086598675591538
0.7087357583202805
0.7088126609756615
0.7088880561217382
0.7089575394301654
0.7090220743272153
0.7090833689535279
0.7091423906354941
0.7091932627370343
0.7092527676696059
0.7093068567759055
0.7093576264395345
0.709405137288559
0.7094506000369154
0.7094934469319654
0.7095338485567091
0.7095717803766224
0.7096072522415894
0.7096402722364911
0.7096708551076197
0.709699016949674
0.7097247715361886
0.7097481332177261
0.709769114904766
0.7097877286954661
0.709803985949234
nan
nan
nan
nan
nan
nan
nan
nan
nan
nan
nan
nan
nan
nan
nan
nan
nan
nan
nan
0.7096476636600493
0.7096163354925614
0.7095828021119969
0.7095470875463721
0.7095091948781119
0.7094691100680182
0.7094268569982362
0.7093824412707703
0.7093358536885693
0.7092871120185178
0.7092362180037497
0.7091831754931758
0.7091279915502283
0.7090706722540046
0.709011222198543
0.7089496505663239
0.70888596551823
0.7088201877924752
0.7087522955590541
0.7086822322991394
0.7086108279460641
0.7085361999049535
0.7084592807941352
0.7083946364115671
0.7082901074553898
0.7082161183079682
0.7081317056628963
0.7080446425526677
0.7079560108766491
0.7078653286695225
0.7077725183519047
0.7076776452931797
0.7075807322866474
0.7074817921543579
0.7073808385876006
0.7072778820841557
0.7071729356835808
0.7070660030759679
0.706607677499406
0.7070247553225386
0.7072313647745461
0.7074290517442837
0.7076122367915283
0.7077879386076799
0.7079540783285613
0.7081083170450394
0.7082624533818371
0.7084069031294374
0.7085454237738141
0.7086782089429785
0.7088131703213343
0.7089544541364733
0.7090412423431666
0.7091476236510915
0.7092625490506195
0.7093586596040977
0.7094577773720957
0.7095525291361172
0.7096430985989397
0.7097297399955618
0.7098125295933331
0.709891557296117
0.7099669620558142
0.7100388657859396
0.7101073217403591
0.7101723768248174
0.7102341007709644
0.7102925591106601
0.7103481722118214
0.710400545542856
0.7104477705418929
0.7105073439518728
0.7105299038600128
0.7105760565881779
0.7106109802269122
0.7106465037103411
0.7106770841234213
0.7107056060572892
0.8162541758722738
0.8163136711979095
0.8163715813964345
0.816427869360564
0.8164825092252843
0.8165354756428449
0.8165867454176543
nan
nan
nan
nan
nan
nan
nan
nan
nan
nan
nan
nan
nan
nan
nan
nan
nan
0.8172046388229122
0.8172217700670508
0.8172371197747257
0.8172507000367245
0.7103787606496227
0.71033045712531
0.7102798113893537
0.7102268314874427
0.7101715435910543
0.710113886304657
0.710054135122625
0.7099916255325252
0.7099279477691307
0.7098599634069513
0.7097938184610724
0.7097203299069433
0.7096629913315884
0.70956042322932
0.7094910860749287
0.7094098078553648
0.7093271040639936
0.7092428917114402
0.7091558302419587
0.7090669935538674
0.7089755210206049
0.708882715404996
0.7087875738860823
0.7086878458835363
0.7085988477693436
0.7084712371270524
0.7083801352100277
0.7082731377097945
0.7081644722510478
0.7080543415289506
0.7079417868849462
0.7078270621075484
nan
nan
nan
nan
nan
nan
0.7067153990689139
0.7072436844892555
0.7075537872296184
0.7078353389741796
0.7081153853766725
0.7084061561359278
0.7086500290372376
0.7088829732919899
0.7090980816565966
0.7093530036405047
0.7093656650818108
0.7096185192712888
0.7098017343355099
0.7099619413345939
0.7101065217566563
0.7102424669350481
0.7103723964497288
0.7104943745025041
0.7106095135622645
0.7107168301692915
0.7108156360728157
0.7108746717991585
0.7110037455881831
0.7110857951213136
0.711165279620684
0.7112407335346922
0.7113118348333237
0.7113783932935469
0.711440420630366
0.7114981243466091
0.7115515919959123
0.8132114332386158
0.8132793238454166
0.8133463707789522
0.8134127805649098
0.8134779360553539
0.8135426854573775
0.8136050718768906
0.813667406851877
0.8137288632582758
0.8137885278840753
nan
nan
nan
nan
nan
nan
0.8141682000976828
0.8142164875255891
0.8142631987995865
0.8143083103040396
0.8143518025180674
0.814393657261452
0.8144338604482315
0.8144724037627583
0.8145092445118769
0.8145444436766821
0.8145779374532789
0.8146097298193684
0.8146398274374973
0.8146682342495242
0.8146949490788884
0.8147199573337152
0.814743290073346
0.8147650165426068
0.8147849259835651
nan
nan
0.7111344763111399
0.7110647979789376
0.7109872820215863
0.7109186645201058
0.7108430161406121
0.710766652737822
0.7106871523631582
0.7106052570796102
0.7105208553747672
0.7104340068140098
0.7103446822234951
0.7102529174555839
0.7101587047686662
0.710062077454073
0.7099631774323832
0.7098614739653455
0.7097577338439804
0.7096515758048358
0.7095430241108658
0.7094321497907052
0.7093192715168387
0.7092040160648382
0.7090855093118701
0.7089651732572282
0.7088426954249929
0.7087164783698506
nan
nan
nan
nan
nan
nan
nan
nan
nan
nan
nan
nan
nan
nan
nan
nan
nan
nan
nan
nan
0.7090528561204512
0.7091648738014225
0.7096785087323243
0.7099551753179829
0.710141092770046
0.7104268956056676
0.7106515568855215
0.7108383766978823
0.7110165192479474
0.711181912484866
0.7113368079883315
0.7114820845381751
0.7116184685671505
0.7117465876691149
0.8105366337101795
0.8105642297390547
0.8105440710680187
0.8106684095884399
0.8106819092319276
0.8107249727679987
0.8107754924147259
0.8108257031718694
0.810874574928241
0.8109174404970693
0.8109887279282981
nan
0.8110931092390089
0.8111466496689657
0.8112022384940375
0.8112572354168492
0.8113122849508512
0.8113666013043357
0.8114200639777469
0.8114725397653595
0.8115241473931136
0.8115749437938018
0.8116248215679003
0.8116735764091676
0.811721080873453
0.8117673892502235
0.8118126421203882
0.8118568804366035
0.8118999885288212
0.8119418342000363
nan
nan
nan
0.8120973162354472
0.8121330961238151
0.81216765628001
0.812201139253105
0.8122334494234782
0.8122645122029233
0.8122943623314842
0.8123230084216468
0.8123504989627902
0.8123768163001814
0.8124019349394109
0.8124259078569552
0.8124487860972077
0.8124706130490879
0.7116522917399587
0.7115622126112457
0.7114688249854664
0.7113728682452602
0.7112735067991547
0.7111726166372
0.7110614513956096
0.7109704176513154
0.7107619497846233
0.7107301588160161
0.7106350184671484
0.7105166108010713
0.7103859640090306
0.7102664246760444
0.7101375951538876
0.7100071986207873
0.7098753755486711
0.7097399673003262
0.7096021147107436
nan
nan
nan
nan
nan
nan
nan
nan
nan
nan
nan
nan
nan
nan
nan
nan
nan
nan
nan
nan
nan
nan
nan
nan
nan
nan
nan
nan
nan
nan
nan
nan
nan
nan
nan
nan
nan
nan
nan
nan
nan
nan
nan
nan
nan
nan
nan
0.8094645253641184
nan
nan
nan
nan
nan
nan
nan
nan
nan
nan
nan
nan
nan
0.8095464521020914
0.8095849977641889
0.80960756173213
0.8096280370279727
0.8096558570410064
0.8096570177956013
0.8096975096319123
0.8096829943527227
0.8096947766913365
0.8097116115778241
0.8097265132281621
0.8097394789183046
0.8097694625433177
0.8098201698345922
0.809844027007991
0.80987017181687
0.8099109754270876
0.8099432639006192
0.8099801801694857
0.7117435711761914
0.7117117760149829
0.7116702700050983
0.7116227915909525
0.7115706142295299
0.7115068053226944
0.8103055099238474
0.7113543504546239
0.7112717618828378
0.711183427013657
0.7110873712296342
0.7109872818369467
0.7108770189365183
0.71076446062578
0.7106392142348503
0.7105435408820153
0.7104057474615396
0.7102730433804112
0.7101529863598877
0.7099819789193536
nan
nan
nan
nan
nan
nan
nan
nan
nan
nan
nan
nan
nan
nan
nan
nan
nan
nan
nan
nan
nan
nan
nan
nan
nan
nan
nan
nan
nan
nan
nan
nan
nan
nan
nan
nan
nan
nan
nan
nan
nan
nan
nan
nan
nan
nan
nan
nan
nan
nan
nan
nan
nan
nan
nan
nan
nan
nan
nan
nan
nan
nan
nan
nan
nan
nan
nan
nan
nan
nan
nan
nan
nan
nan
nan
nan
nan
nan
nan
nan
nan
nan
nan
nan
nan
nan
nan
nan
nan
nan
nan
nan
nan
nan
nan
nan
nan
nan
nan
nan
