3.0925393678899363e-09
2.9688504144961147e-09
2.847685725457268e-09
2.729045300773397e-09
2.6129291404445028e-09
2.4993372444705835e-09
2.388269612851641e-09
2.2797262455876734e-09
2.1737071426786834e-09
2.0702123041246686e-09
1.969241729925629e-09
1.870795420081567e-09
1.7748733745924803e-09
1.681475593458369e-09
1.590602076679234e-09
1.5022528242550748e-09
1.416427836185892e-09
1.3331271124716848e-09
1.2523506531124537e-09
1.1740984581081987e-09
1.0983705274589194e-09
1.0251668611646167e-09
9.544874592252892e-10
8.863323216409379e-10
8.20701448411563e-10
7.575948395371635e-10
6.970124950177403e-10
6.389544148532929e-10
5.834205990438215e-10
5.30411047589326e-10
4.799257604898066e-10
4.3196473774526317e-10
3.8652797935569564e-10
3.436154853211041e-10
3.0322725564148856e-10
2.653632903168489e-10
2.300235893471854e-10
1.9720815273249777e-10
1.6691698047278608e-10
1.391500725680504e-10
1.1390742901829066e-10
9.118904982350702e-11
7.099493498369925e-11
5.332508449886742e-11
3.8179498369011597e-11
2.5558176594131726e-11
1.5461119174227793e-11
7.888326109299883e-12
2.8397973993479884e-12
3.155330443720032e-13
3.155330443719903e-13
2.839797399347951e-12
7.888326109299883e-12
1.5461119174227793e-11
2.5558176594131665e-11
3.8179498369011525e-11
5.332508449886735e-11
7.099493498369913e-11
9.118904982350691e-11
1.1390742901829066e-10
1.391500725680504e-10
1.6691698047278608e-10
1.9720815273249777e-10
2.300235893471854e-10
2.653632903168489e-10
3.0322725564148856e-10
3.436154853211041e-10
3.8652797935569564e-10
4.3196473774526317e-10
4.799257604898066e-10
5.30411047589326e-10
5.834205990438215e-10
6.389544148532929e-10
6.970124950177403e-10
7.575948395371635e-10
8.20701448411563e-10
8.863323216409382e-10
9.544874592252892e-10
1.0251668611646167e-09
1.0983705274589199e-09
1.1740984581081991e-09
1.2523506531124535e-09
1.3331271124716844e-09
1.4164278361858916e-09
1.5022528242550746e-09
1.5906020766792336e-09
1.6814755934583686e-09
1.7748733745924795e-09
1.8707954200815667e-09
1.969241729925629e-09
2.0702123041246686e-09
2.1737071426786834e-09
2.2797262455876755e-09
2.388269612851641e-09
2.4993372444705848e-09
2.6129291404445028e-09
2.729045300773396e-09
2.847685725457268e-09
2.9688504144961126e-09
3.0925393678899363e-09
9.107866586638428e-07
9.129293748278131e-07
9.150746152561382e-07
9.172223799488186e-07
9.193726689058536e-07
9.215254821272438e-07
9.236808196129888e-07
9.25838681363089e-07
9.279990673775438e-07
9.301619776563541e-07
9.323274121995189e-07
9.344953710070387e-07
9.366658540789138e-07
9.388388614151436e-07
9.410143930157287e-07
9.431924488806685e-07
9.453730290099634e-07
9.475561334036132e-07
9.497417620616181e-07
9.519299149839778e-07
9.541205921706927e-07
9.563137936217622e-07
9.585095193371872e-07
9.607077693169666e-07
9.629085435611016e-07
9.65111842069591e-07
9.673176648424358e-07
9.695260118796353e-07
9.717368831811899e-07
9.739502787470993e-07
9.761661985773642e-07
9.783846426719834e-07
9.806056110309581e-07
9.828291036542874e-07
9.85055120541972e-07
9.872836616940111e-07
9.895147271104056e-07
9.91748316791155e-07
9.939844307362592e-07
9.962230689457186e-07
9.984642314195327e-07
1.0007079181577022e-06
1.0029541291602264e-06
1.0052028644271057e-06
1.0074541239583397e-06
1.0097079077539288e-06
1.0119642158138728e-06
1.0142230481381722e-06
1.016484404726826e-06
1.0187482855798354e-06
1.0210146906971991e-06
1.0232836200789184e-06
1.0255550737249922e-06
1.0278290516354214e-06
1.030105553810205e-06
1.0323845802493443e-06
1.034666130952838e-06
1.036950205920687e-06
1.0392368051528906e-06
1.0415259286494497e-06
1.0438175764103634e-06
1.0461117484356323e-06
1.048408444725256e-06
1.0507076652792345e-06
1.0530094100975684e-06
1.055313679180257e-06
1.0576204725273006e-06
1.0599297901386992e-06
1.062241632014453e-06
1.0645559981545615e-06
1.0668728885590252e-06
1.0691923032278434e-06
1.0715142421610172e-06
1.0738387053585456e-06
1.0761656928204291e-06
1.0784952045466675e-06
1.080827240537261e-06
1.0831618007922091e-06
1.0854988853115128e-06
1.087838494095171e-06
1.0901806271431844e-06
1.0925252844555525e-06
1.094872466032276e-06
1.0972221718733542e-06
1.0995744019787875e-06
1.1019291563485755e-06
1.1042864349827186e-06
1.106646237881217e-06
1.1090085650440698e-06
1.1113734164712783e-06
1.113740792162841e-06
1.1161106921187593e-06
1.1184831163390325e-06
1.1208580648236604e-06
1.1232355375726431e-06
1.1256155345859813e-06
1.127998055863674e-06
1.1303831014057222e-06
1.132770671212125e-06
1.1351607652828828e-06
3.858243123170741e-06
3.862652244452075e-06
3.867063889997766e-06
3.87147805980781e-06
3.875894753882208e-06
3.880313972220962e-06
3.884735714824072e-06
3.889159981691537e-06
3.893586772823355e-06
3.898016088219529e-06
3.902447927880059e-06
3.906882291804943e-06
3.911319179994181e-06
3.915758592447775e-06
3.920200529165723e-06
3.924644990148028e-06
3.929091975394687e-06
3.9335414849057e-06
3.937993518681069e-06
3.942448076720794e-06
3.946905159024872e-06
3.951364765593306e-06
3.955826896426094e-06
3.960291551523239e-06
3.964758730884737e-06
3.96922843451059e-06
3.973700662400799e-06
3.978175414555363e-06
3.982652690974282e-06
3.987132491657556e-06
3.9916148166051834e-06
3.996099665817168e-06
4.000587039293506e-06
4.0050769370341995e-06
4.009569359039247e-06
4.014064305308652e-06
4.01856177584241e-06
4.0230617706405234e-06
4.027564289702991e-06
4.032069333029814e-06
4.036576900620994e-06
4.041086992476527e-06
4.045599608596415e-06
4.050114748980658e-06
4.054632413629256e-06
4.059152602542209e-06
4.063675315719517e-06
4.06820055316118e-06
4.0727283148672e-06
4.077258600837572e-06
4.081791411072299e-06
4.086326745571382e-06
4.090864604334822e-06
4.095404987362614e-06
4.099947894654762e-06
4.104493326211265e-06
4.109041282032123e-06
4.1135917621173355e-06
4.118144766466904e-06
4.122700295080827e-06
4.127258347959106e-06
4.131818925101737e-06
4.136382026508725e-06
4.1409476521800674e-06
4.145515802115765e-06
4.150086476315819e-06
4.154659674780226e-06
4.159235397508988e-06
4.163813644502106e-06
4.168394415759579e-06
4.172977711281406e-06
4.1775635310675886e-06
4.182151875118127e-06
4.18674274343302e-06
4.191336136012267e-06
4.195932052855869e-06
4.200530493963826e-06
4.2051314593361404e-06
4.209734948972807e-06
4.214340962873829e-06
4.218949501039205e-06
4.223560563468939e-06
4.228174150163026e-06
4.232790261121468e-06
4.237408896344265e-06
4.242030055831418e-06
4.246653739582925e-06
4.2512799475987876e-06
4.255908679879004e-06
4.260539936423576e-06
4.265173717232504e-06
4.269810022305786e-06
4.274448851643423e-06
4.2790902052454144e-06
4.283734083111762e-06
4.288380485242464e-06
4.2930294116375205e-06
4.297680862296932e-06
4.3023348372207e-06
4.306991336408822e-06
8.845461932888583e-06
8.85213745928728e-06
8.858815509950335e-06
8.865496084877742e-06
8.872179184069508e-06
8.878864807525627e-06
8.8855529552461e-06
8.892243627230927e-06
8.89893682348011e-06
8.905632543993647e-06
8.91233078877154e-06
8.919031557813787e-06
8.925734851120389e-06
8.932440668691352e-06
8.939149010526662e-06
8.94585987662633e-06
8.952573266990352e-06
8.959289181618732e-06
8.966007620511463e-06
8.972728583668552e-06
8.979452071089993e-06
8.986178082775794e-06
8.992906618725948e-06
8.999637678940454e-06
9.006371263419316e-06
9.013107372162534e-06
9.019846005170107e-06
9.026587162442033e-06
9.033330843978315e-06
9.040077049778956e-06
9.046825779843947e-06
9.053577034173295e-06
9.060330812766998e-06
9.067087115625055e-06
9.073845942747466e-06
9.080607294134234e-06
9.087371169785355e-06
9.094137569700836e-06
9.100906493880667e-06
9.107677942324855e-06
9.114451915033398e-06
9.121228412006294e-06
9.128007433243546e-06
9.134788978745152e-06
9.141573048511114e-06
9.148359642541431e-06
9.155148760836108e-06
9.161940403395134e-06
9.168734570218515e-06
9.175531261306251e-06
9.182330476658344e-06
9.18913221627479e-06
9.195936480155591e-06
9.202743268300749e-06
9.209552580710264e-06
9.21636441738413e-06
9.223178778322351e-06
9.229995663524929e-06
9.236815072991858e-06
9.243637006723146e-06
9.250461464718788e-06
9.257288446978784e-06
9.264117953503137e-06
9.270949984291845e-06
9.277784539344908e-06
9.284621618662324e-06
9.291461222244095e-06
9.298303350090222e-06
9.305148002200701e-06
9.311995178575538e-06
9.31884487921473e-06
9.32569710411828e-06
9.33255185328618e-06
9.339409126718437e-06
9.346268924415048e-06
9.353131246376013e-06
9.359996092601334e-06
9.36686346309101e-06
9.373733357845042e-06
9.380605776863432e-06
9.387480720146171e-06
9.394358187693268e-06
9.40123817950472e-06
9.408120695580526e-06
9.415005735920686e-06
9.421893300525202e-06
9.428783389394072e-06
9.435676002527298e-06
9.442571139924883e-06
9.449468801586818e-06
9.45636898751311e-06
9.463271697703755e-06
9.470176932158756e-06
9.477084690878111e-06
9.483994973861823e-06
9.490907781109887e-06
9.497823112622312e-06
9.504740968399087e-06
9.511661348440217e-06
9.518584252745704e-06
1.587244308781738e-05
1.5881385019333438e-05
1.5890329475113854e-05
1.5899276455158626e-05
1.5908225959467758e-05
1.5917177988041237e-05
1.5926132540879076e-05
1.5935089617981268e-05
1.5944049219347814e-05
1.5953011344978716e-05
1.5961975994873972e-05
1.5970943169033584e-05
1.597991286745755e-05
1.598888509014588e-05
1.5997859837098554e-05
1.6006837108315587e-05
1.601581690379697e-05
1.602479922354271e-05
1.6033784067552807e-05
1.604277143582726e-05
1.6051761328366065e-05
1.606075374516923e-05
1.606974868623675e-05
1.607874615156862e-05
1.608774614116485e-05
1.6096748655025427e-05
1.6105753693150363e-05
1.6114761255539652e-05
1.61237713421933e-05
1.6132783953111307e-05
1.6141799088293663e-05
1.6150816747740372e-05
1.6159836931451438e-05
1.616885963942686e-05
1.6177884871666637e-05
1.6186912628170766e-05
1.6195942908939255e-05
1.6204975713972098e-05
1.6214011043269293e-05
1.6223048896830846e-05
1.6232089274656752e-05
1.6241132176747015e-05
1.625017760310163e-05
1.62592255537206e-05
1.6268276028603922e-05
1.6277329027751608e-05
1.6286384551163648e-05
1.6295442598840037e-05
1.6304503170780783e-05
1.6313566266985882e-05
1.6322631887455338e-05
1.633170003218915e-05
1.6340770701187317e-05
1.6349843894449836e-05
1.6358919611976716e-05
1.6367997853767945e-05
1.637707861982353e-05
1.6386161910143474e-05
1.6395247724727767e-05
1.640433606357642e-05
1.6413426926689425e-05
1.642252031406678e-05
1.6431616225708504e-05
1.6440714661614574e-05
1.6449815621785e-05
1.645891910621978e-05
1.6468025114918912e-05
1.6477133647882405e-05
1.6486244705110248e-05
1.649535828660245e-05
1.6504474392359003e-05
1.651359302237992e-05
1.6522714176665186e-05
1.6531837855214805e-05
1.654096405802878e-05
1.655009278510711e-05
1.6559224036449798e-05
1.6568357812056837e-05
1.657749411192823e-05
1.6586632936063986e-05
1.659577428446409e-05
1.6604918157128552e-05
1.6614064554057362e-05
1.6623213475250535e-05
1.6632364920708058e-05
1.664151889042994e-05
1.6650675384416174e-05
1.6659834402666763e-05
1.6668995945181713e-05
1.667816001196101e-05
1.668732660300467e-05
1.6696495718312676e-05
1.6705667357885042e-05
1.6714841521721758e-05
1.6724018209822835e-05
1.6733197422188264e-05
1.6742379158818054e-05
1.6751563419712194e-05
1.6760750204870687e-05
1.6769939514293537e-05
2.4939186587957114e-05
2.4950394924590538e-05
2.4961605785488318e-05
2.4972819170650455e-05
2.498403508007695e-05
2.4995253513767793e-05
2.5006474471722993e-05
2.5017697953942554e-05
2.5028923960426464e-05
2.5040152491174728e-05
2.5051383546187345e-05
2.5062617125464322e-05
2.5073853229005652e-05
2.5085091856811343e-05
2.5096333008881387e-05
2.510757668521578e-05
2.511882288581453e-05
2.513007161067764e-05
2.5141322859805096e-05
2.5152576633196913e-05
2.516383293085308e-05
2.5175091752773614e-05
2.518635309895849e-05
2.519761696940773e-05
2.5208883364121316e-05
2.5220152283099263e-05
2.5231423726341564e-05
2.5242697693848218e-05
2.525397418561923e-05
2.52652532016546e-05
2.527653474195432e-05
2.5287818806518394e-05
2.5299105395346824e-05
2.531039450843961e-05
2.532168614579675e-05
2.5332980307418243e-05
2.5344276993304094e-05
2.5355576203454298e-05
2.5366877937868865e-05
2.537818219654778e-05
2.538948897949105e-05
2.5400798286698674e-05
2.541211011817065e-05
2.542342447390699e-05
2.5434741353907676e-05
2.5446060758172724e-05
2.5457382686702128e-05
2.5468707139495882e-05
2.5480034116553993e-05
2.5491363617876457e-05
2.5502695643463278e-05
2.5514030193314452e-05
2.552536726742998e-05
2.5536706865809864e-05
2.5548048988454108e-05
2.5559393635362706e-05
2.5570740806535653e-05
2.5582090501972958e-05
2.559344272167462e-05
2.560479746564063e-05
2.5616154733871e-05
2.5627514526365725e-05
2.563887684312481e-05
2.5650241684148243e-05
2.5661609049436034e-05
2.567297893898818e-05
2.5684351352804676e-05
2.569572629088553e-05
2.570710375323074e-05
2.5718483739840302e-05
2.5729866250714223e-05
2.57412512858525e-05
2.5752638845255132e-05
2.5764028928922117e-05
2.5775421536853454e-05
2.578681666904915e-05
2.57982143255092e-05
2.58096145062336e-05
2.582101721122236e-05
2.583242244047548e-05
2.5843830193992947e-05
2.585524047177477e-05
2.586665327382095e-05
2.5878068600131484e-05
2.5889486450706372e-05
2.5900906825545616e-05
2.5912329724649218e-05
2.592375514801717e-05
2.5935183095649483e-05
2.5946613567546148e-05
2.5958046563707162e-05
2.596948208413254e-05
2.5980920128822268e-05
2.5992360697776353e-05
2.600380379099479e-05
2.6015249408477585e-05
2.6026697550224736e-05
2.603814821623624e-05
2.60496014065121e-05
2.6061057121052314e-05
3.604569243330779e-05
3.605916717505858e-05
3.607264444107373e-05
3.6086124231353225e-05
3.609960654589708e-05
3.611309138470529e-05
3.612657874777786e-05
3.614006863511477e-05
3.615356104671605e-05
3.6167055982581676e-05
3.6180553442711665e-05
3.6194053427105994e-05
3.620755593576469e-05
3.6221060968687744e-05
3.6234568525875146e-05
3.62480786073269e-05
3.626159121304302e-05
3.62751063430235e-05
3.6288623997268335e-05
3.630214417577751e-05
3.631566687855104e-05
3.632919210558893e-05
3.6342719856891176e-05
3.635625013245777e-05
3.636978293228873e-05
3.6383318256384036e-05
3.63968561047437e-05
3.641039647736772e-05
3.6423939374256096e-05
3.6437484795408824e-05
3.6451032740825906e-05
3.646458321050735e-05
3.647813620445314e-05
3.64916917226633e-05
3.650524976513781e-05
3.6518810331876664e-05
3.653237342287988e-05
3.654593903814745e-05
3.655950717767937e-05
3.6573077841475646e-05
3.658665102953628e-05
3.660022674186127e-05
3.661380497845062e-05
3.6627385739304315e-05
3.6640969024422364e-05
3.665455483380478e-05
3.666814316745154e-05
3.668173402536265e-05
3.6695327407538134e-05
3.6708923313977956e-05
3.672252174468216e-05
3.67361226996507e-05
3.674972617888359e-05
3.676333218238084e-05
3.677694071014244e-05
3.6790551762168404e-05
3.680416533845871e-05
3.6817781439013375e-05
3.6831400063832404e-05
3.684502121291578e-05
3.685864488626351e-05
3.6872271083875605e-05
3.688589980575205e-05
3.689953105189284e-05
3.6913164822298e-05
3.69268011169675e-05
3.694043993590137e-05
3.69540812790996e-05
3.696772514656217e-05
3.6981371538289105e-05
3.699502045428038e-05
3.700867189453602e-05
3.702232585905601e-05
3.703598234784036e-05
3.704964136088907e-05
3.706330289820212e-05
3.7076966959779536e-05
3.7090633545621305e-05
3.710430265572743e-05
3.71179742900979e-05
3.713164844873274e-05
3.714532513163193e-05
3.715900433879547e-05
3.717268607022338e-05
3.718637032591563e-05
3.720005710587224e-05
3.72137464100932e-05
3.722743823857852e-05
3.7241132591328194e-05
3.725482946834222e-05
3.72685288696206e-05
3.728223079516334e-05
3.729593524497043e-05
3.730964221904188e-05
3.732335171737768e-05
3.733706373997784e-05
3.7350778286842356e-05
3.736449535797122e-05
3.737821495336444e-05
3.739193707302202e-05
4.919196062386942e-05
4.9207701770737575e-05
4.922344544187008e-05
4.923919163726694e-05
4.925494035692816e-05
4.9270691600853735e-05
4.928644536904366e-05
4.930220166149794e-05
4.931796047821658e-05
4.9333721819199576e-05
4.934948568444692e-05
4.936525207395863e-05
4.938102098773468e-05
4.9396792425775096e-05
4.941256638807986e-05
4.942834287464899e-05
4.944412188548247e-05
4.945990342058032e-05
4.9475687479942504e-05
4.949147406356905e-05
4.950726317145995e-05
4.9523054803615205e-05
4.953884896003481e-05
4.955464564071877e-05
4.957044484566709e-05
4.9586246574879766e-05
4.960205082835679e-05
4.961785760609817e-05
4.963366690810391e-05
4.9649478734374e-05
4.9665293084908454e-05
4.9681109959707254e-05
4.969692935877041e-05
4.971275128209794e-05
4.972857572968981e-05
4.9744402701546036e-05
4.976023219766661e-05
4.9776064218051543e-05
4.979189876270083e-05
4.980773583161447e-05
4.982357542479247e-05
4.9839417542234825e-05
4.985526218394153e-05
4.9871109349912586e-05
4.9886959040148006e-05
4.990281125464778e-05
4.991866599341191e-05
4.993452325644039e-05
4.995038304373322e-05
4.996624535529042e-05
4.998211019111198e-05
4.999797755119789e-05
5.0013847435548144e-05
5.002971984416276e-05
5.0045594777041725e-05
5.0061472234185045e-05
5.0077352215592726e-05
5.009323472126475e-05
5.010911975120114e-05
5.012500730540188e-05
5.014089738386698e-05
5.0156789986596435e-05
5.017268511359024e-05
5.0188582764848396e-05
5.020448294037092e-05
5.022038564015779e-05
5.023629086420902e-05
5.025219861252462e-05
5.026810888510455e-05
5.028402168194885e-05
5.0299937003057495e-05
5.0315854848430495e-05
5.033177521806785e-05
5.034769811196956e-05
5.036362353013563e-05
5.037955147256605e-05
5.0395481939260826e-05
5.041141493021996e-05
5.042735044544344e-05
5.044328848493129e-05
5.045922904868348e-05
5.0475172136700036e-05
5.049111774898094e-05
5.050706588552622e-05
5.052301654633584e-05
5.053896973140981e-05
5.0554925440748134e-05
5.0570883674350814e-05
5.058684443221785e-05
5.060280771434924e-05
5.061877352074499e-05
5.063474185140509e-05
5.0650712706329545e-05
5.066668608551835e-05
5.068266198897152e-05
5.069864041668905e-05
5.071462136867092e-05
5.073060484491715e-05
5.0746590845427744e-05
5.076257937020268e-05
6.437799115964202e-05
6.439599871162751e-05
6.44140087878774e-05
6.443202138839162e-05
6.445003651317021e-05
6.446805416221315e-05
6.448607433552044e-05
6.450409703309208e-05
6.45221222549281e-05
6.454015000102845e-05
6.455818027139315e-05
6.457621306602222e-05
6.459424838491565e-05
6.461228622807343e-05
6.463032659549554e-05
6.464836948718203e-05
6.466641490313288e-05
6.46844628433481e-05
6.470251330782764e-05
6.472056629657156e-05
6.473862180957982e-05
6.475667984685244e-05
6.477474040838941e-05
6.479280349419074e-05
6.481086910425642e-05
6.482893723858645e-05
6.484700789718085e-05
6.486508108003958e-05
6.488315678716269e-05
6.490123501855015e-05
6.491931577420196e-05
6.493739905411812e-05
6.495548485829864e-05
6.497357318674356e-05
6.499166403945278e-05
6.500975741642636e-05
6.50278533176643e-05
6.50459517431666e-05
6.506405269293325e-05
6.508215616696426e-05
6.510026216525962e-05
6.511837068781933e-05
6.513648173464341e-05
6.515459530573183e-05
6.517271140108461e-05
6.519083002070175e-05
6.520895116458324e-05
6.522707483272909e-05
6.524520102513929e-05
6.526332974181385e-05
6.528146098275277e-05
6.529959474795604e-05
6.531773103742367e-05
6.533586985115565e-05
6.535401118915197e-05
6.537215505141265e-05
6.53903014379377e-05
6.54084503487271e-05
6.542660178378084e-05
6.544475574309895e-05
6.546291222668142e-05
6.548107123452822e-05
6.549923276663941e-05
6.551739682301492e-05
6.553556340365481e-05
6.555373250855905e-05
6.557190413772764e-05
6.55900782911606e-05
6.56082549688579e-05
6.562643417081956e-05
6.564461589704557e-05
6.566280014753593e-05
6.568098692229064e-05
6.569917622130972e-05
6.571736804459316e-05
6.573556239214095e-05
6.575375926395308e-05
6.577195866002958e-05
6.579016058037043e-05
6.580836502497564e-05
6.58265719938452e-05
6.584478148697911e-05
6.586299350437739e-05
6.588120804604002e-05
6.5899425111967e-05
6.591764470215834e-05
6.593586681661402e-05
6.595409145533408e-05
6.597231861831847e-05
6.599054830556723e-05
6.600878051708034e-05
6.602701525285781e-05
6.604525251289962e-05
6.60634922972058e-05
6.608173460577633e-05
6.609997943861122e-05
6.611822679571046e-05
6.613647667707405e-05
6.6154729082702e-05
6.61729840125943e-05
8.16037840406255e-05
8.16240579977284e-05
8.164433447909562e-05
8.166461348472721e-05
8.168489501462315e-05
8.170517906878346e-05
8.172546564720811e-05
8.174575474989713e-05
8.17660463768505e-05
8.17863405280682e-05
8.18066372035503e-05
8.182693640329671e-05
8.184723812730751e-05
8.186754237558265e-05
8.188784914812214e-05
8.190815844492599e-05
8.19284702659942e-05
8.194878461132678e-05
8.19691014809237e-05
8.198942087478498e-05
8.20097427929106e-05
8.203006723530058e-05
8.205039420195491e-05
8.20707236928736e-05
8.209105570805665e-05
8.211139024750404e-05
8.213172731121581e-05
8.215206689919191e-05
8.217240901143237e-05
8.219275364793719e-05
8.221310080870637e-05
8.22334504937399e-05
8.225380270303779e-05
8.227415743660004e-05
8.229451469442665e-05
8.231487447651759e-05
8.233523678287291e-05
8.235560161349256e-05
8.237596896837657e-05
8.239633884752495e-05
8.241671125093768e-05
8.243708617861476e-05
8.245746363055619e-05
8.247784360676198e-05
8.249822610723214e-05
8.251861113196663e-05
8.253899868096548e-05
8.255938875422869e-05
8.257978135175626e-05
8.260017647354818e-05
8.262057411960447e-05
8.26409742899251e-05
8.26613769845101e-05
8.268178220335943e-05
8.270218994647312e-05
8.272260021385117e-05
8.274301300549358e-05
8.276342832140033e-05
8.278384616157144e-05
8.280426652600693e-05
8.282468941470675e-05
8.284511482767093e-05
8.286554276489946e-05
8.288597322639236e-05
8.29064062121496e-05
8.29268417221712e-05
8.294727975645715e-05
8.296772031500749e-05
8.298816339782215e-05
8.300860900490116e-05
8.302905713624455e-05
8.304950779185227e-05
8.306996097172436e-05
8.30904166758608e-05
8.311087490426158e-05
8.313133565692673e-05
8.315179893385624e-05
8.317226473505011e-05
8.319273306050832e-05
8.321320391023088e-05
8.323367728421781e-05
8.32541531824691e-05
8.327463160498472e-05
8.329511255176474e-05
8.331559602280908e-05
8.333608201811778e-05
8.335657053769084e-05
8.337706158152825e-05
8.339755514963e-05
8.341805124199613e-05
8.34385498586266e-05
8.345905099952142e-05
8.347955466468062e-05
8.350006085410416e-05
8.352056956779205e-05
8.35410808057443e-05
8.35615945679609e-05
8.358211085444186e-05
8.360262966518718e-05
8.362315100019684e-05
