6.719631005012624e-07
6.450873189079051e-07
6.187600226531878e-07
5.929812117371103e-07
5.677508861596729e-07
5.430690459208754e-07
5.189356910207178e-07
4.953508214592001e-07
4.723144372363225e-07
4.4982653835208474e-07
4.2788712480648696e-07
4.064961965995292e-07
3.856537537312113e-07
3.653597962015333e-07
3.456143240104953e-07
3.264173371580973e-07
3.0776883564433915e-07
2.896688194692208e-07
2.721172886327426e-07
2.5511424313490434e-07
2.38659682975706e-07
2.2275360815514768e-07
2.073960186732292e-07
1.9258691452995062e-07
1.7832629572531213e-07
1.646141622593135e-07
1.5145051413195482e-07
1.3883535134323603e-07
1.2676867389315725e-07
1.1525048178171844e-07
1.0428077500891953e-07
9.385955357476057e-08
8.398681747924156e-08
7.46625667223625e-08
6.588680130412337e-08
5.7659521224524206e-08
4.998072648356497e-08
4.285041708124569e-08
3.626859301756634e-08
3.023525429252695e-08
2.47504009061275e-08
1.9814032858368023e-08
1.542615014924846e-08
1.1586752778768843e-08
8.295840746929171e-09
5.553414053729445e-09
3.3594726991696544e-09
1.7140166832498217e-09
6.170460059699424e-10
6.856066732999458e-11
6.856066732999176e-11
6.170460059699341e-10
1.7140166832498217e-09
3.3594726991696544e-09
5.553414053729433e-09
8.295840746929155e-09
1.1586752778768823e-08
1.542615014924844e-08
1.9814032858368e-08
2.47504009061275e-08
3.023525429252695e-08
3.626859301756634e-08
4.285041708124569e-08
4.998072648356497e-08
5.7659521224524206e-08
6.588680130412337e-08
7.46625667223625e-08
8.398681747924156e-08
9.385955357476057e-08
1.0428077500891953e-07
1.1525048178171844e-07
1.2676867389315725e-07
1.3883535134323603e-07
1.5145051413195482e-07
1.646141622593135e-07
1.7832629572531213e-07
1.9258691452995067e-07
2.073960186732292e-07
2.2275360815514768e-07
2.386596829757061e-07
2.5511424313490445e-07
2.7211728863274255e-07
2.8966881946922076e-07
3.0776883564433904e-07
3.264173371580971e-07
3.4561432401049516e-07
3.6535979620153316e-07
3.856537537312111e-07
4.0649619659952903e-07
4.2788712480648696e-07
4.4982653835208474e-07
4.723144372363225e-07
4.953508214592003e-07
5.189356910207178e-07
5.430690459208757e-07
5.677508861596729e-07
5.929812117371101e-07
6.187600226531878e-07
6.450873189079049e-07
6.719631005012624e-07
6.503693725586226e-07
6.239336203969432e-07
5.980463535739037e-07
5.727075720895043e-07
5.479172759437447e-07
5.236754651366249e-07
4.999821396681452e-07
4.768372995383056e-07
4.542409447471058e-07
4.321930752945459e-07
4.1069369118062605e-07
3.897427924053462e-07
3.693403789687061e-07
3.4948645087070606e-07
3.3018100811134593e-07
3.1142405069062577e-07
2.9321557860854555e-07
2.755555918651052e-07
2.584440904603049e-07
2.418810743941445e-07
2.2586654366662406e-07
2.1040049827774365e-07
1.95482938227503e-07
1.8111386351590235e-07
1.6729327414294176e-07
1.5402117010862105e-07
1.4129755141294025e-07
1.2912241805589937e-07
1.1749577003749849e-07
1.0641760735773756e-07
9.588793001661655e-08
8.590673801413549e-08
7.647403135029439e-08
6.75898100250932e-08
5.9254074038531985e-08
5.146682339061072e-08
4.422805808132937e-08
3.753777811068799e-08
3.1395983478686545e-08
2.5802674185325053e-08
2.0757850230603504e-08
1.6261511614521923e-08
1.2313658337080254e-08
8.914290398278536e-09
6.063407798116762e-09
3.761010536594933e-09
2.0070986137130426e-09
8.016720294711073e-10
1.4473078386912096e-10
3.6274876907070483e-11
4.763043085849653e-10
1.4648190789028053e-09
3.0018191878605898e-09
5.087304635458321e-09
7.721275421695996e-09
1.0903731546573619e-08
1.463467301009118e-08
1.8914099812248697e-08
2.374201195304615e-08
2.9118409432483546e-08
3.50432922505609e-08
4.151666040727818e-08
4.8538513902635435e-08
5.6108852736632614e-08
6.422767690926975e-08
7.289498642054682e-08
8.211078127046383e-08
9.18750614590208e-08
1.021878269862177e-07
1.1304907785205458e-07
1.2445881405653135e-07
1.3641703559964807e-07
1.4892374248140478e-07
1.6197893470180144e-07
1.7558261226083804e-07
1.8973477515851454e-07
2.0443542339483098e-07
2.196845569697874e-07
2.354821758833838e-07
2.518282801356201e-07
2.6872286972649637e-07
2.8616594465601233e-07
3.0415750492416847e-07
3.226975505309646e-07
3.417860814764006e-07
3.614230977604766e-07
3.816085993831925e-07
4.0234258634454833e-07
4.2362505864454407e-07
4.454560162831799e-07
4.678354592604556e-07
4.907633875763713e-07
5.142398012309271e-07
5.382647002241223e-07
5.62838084555958e-07
5.879599542264332e-07
6.136303092355483e-07
6.398491495833038e-07
6.666164752696988e-07
6.939322862947342e-07
6.291511024668147e-07
6.031553797368132e-07
5.777081423454516e-07
5.528093902927299e-07
5.284591235786484e-07
5.046573422032067e-07
4.814040461664048e-07
4.586992354682429e-07
4.3654291010872106e-07
4.149350700878391e-07
3.9387571540559717e-07
3.733648460619952e-07
3.5340246205703307e-07
3.339885633907109e-07
3.1512315006302865e-07
2.968062220739864e-07
2.7903777942358406e-07
2.618178221118216e-07
2.451463501386992e-07
2.2902336350421668e-07
2.1344886220837418e-07
1.9842284625117163e-07
1.8394531563260891e-07
1.7001627035268615e-07
1.5663571041140343e-07
1.4380363580876062e-07
1.3152004654475774e-07
1.1978494261939476e-07
1.0859832403267177e-07
9.796019078458874e-08
8.787054287514564e-08
7.832938030434249e-08
6.933670307217928e-08
6.089251117865598e-08
5.2996804623772657e-08
4.564958340752928e-08
3.885084752992585e-08
3.260059699096236e-08
2.689883179063881e-08
2.1745551928955215e-08
1.714075740591156e-08
1.3084448221507871e-08
9.576624375744104e-09
6.617285868620283e-09
4.2064327001364066e-09
2.344064870292475e-09
1.0301823790884843e-09
2.647852265244465e-10
4.787341260035333e-11
3.7944693731620034e-10
1.2595058006719927e-09
2.68805000266773e-09
4.665079543303413e-09
7.190594422579041e-09
1.0264594640494613e-08
1.3887080197050131e-08
1.8058051092245595e-08
2.277750732608101e-08
2.804544889855636e-08
3.386187580967165e-08
4.022678805942691e-08
4.7140185647822094e-08
5.460206857485722e-08
6.261243684053229e-08
7.117129044484735e-08
8.027862938780231e-08
8.993445366939721e-08
1.0013876328963207e-07
1.1089155824850686e-07
1.2219283854602167e-07
1.3404260418217635e-07
1.46440855156971e-07
1.5938759147040554e-07
1.7288281312248015e-07
1.869265201131946e-07
2.0151871244254902e-07
2.1665939011054338e-07
2.3234855311717767e-07
2.48586201462452e-07
2.653723351463662e-07
2.8270695416892027e-07
3.005900585301142e-07
3.1902164822994827e-07
3.380017232684223e-07
3.5753028364553616e-07
3.7760732936129e-07
3.982328604156838e-07
4.194068768087176e-07
4.4112937854039124e-07
4.63400365610705e-07
4.862198380196585e-07
5.095877957672521e-07
5.335042388534856e-07
5.579691672783588e-07
5.829825810418726e-07
6.085444801440257e-07
6.346548645848188e-07
6.613137343642522e-07
6.88521089482325e-07
7.162769299390384e-07
6.08308290225839e-07
5.827525969275154e-07
5.577453889678318e-07
5.33286666346788e-07
5.093764290643841e-07
4.860146771206203e-07
4.6320141051549636e-07
4.409366292490124e-07
4.192203333211685e-07
3.980525227319644e-07
3.7743319748140034e-07
3.573623575694763e-07
3.37840002996192e-07
3.1886613376154773e-07
3.004407498655434e-07
2.8256385130817907e-07
2.6523543808945465e-07
2.484555102093701e-07
2.3222406766792553e-07
2.1654111046512094e-07
2.014066386009563e-07
1.8682065207543168e-07
1.7278315088854686e-07
1.59294135040302e-07
1.463536045306972e-07
1.339615593597323e-07
1.2211799952740732e-07
1.1082292503372221e-07
1.0007633587867713e-07
8.987823206227198e-08
8.022861358450678e-08
7.112748044538151e-08
6.25748326448962e-08
5.4570670183050815e-08
4.7114993059845395e-08
4.0207801275279915e-08
3.384909482935436e-08
2.8038873722068773e-08
2.277713795342312e-08
1.8063887523417425e-08
1.3899122432051667e-08
1.0282842679325874e-08
7.215048265240006e-09
4.6957391897940826e-09
2.7249154529881047e-09
1.3025770548220708e-09
4.2872399529597986e-10
1.0335627440983971e-10
3.264738921636398e-10
1.0980768485573842e-09
2.4181651435910743e-09
4.28673877726471e-09
6.70379774957829e-09
9.669342060531815e-09
1.3183371710125285e-08
1.7245886698358705e-08
2.1856887025232065e-08
2.7016372690745374e-08
3.2724343694898626e-08
3.8980800037691814e-08
4.5785741719124954e-08
5.3139168739198034e-08
6.104108109791108e-08
6.949147879526404e-08
7.849036183125698e-08
8.803773020588984e-08
9.813358391916265e-08
1.0877792297107542e-07
1.199707473616281e-07
1.3171205709082078e-07
1.4400185215865336e-07
1.568401325651259e-07
1.702268983102384e-07
1.8416214939399088e-07
1.9864588581638324e-07
2.1367810757741554e-07
2.292588146770878e-07
2.453880071154e-07
2.620656848923522e-07
2.792918480079443e-07
2.970664964621763e-07
3.1538963025504813e-07
3.3426124938656006e-07
3.53681353856712e-07
3.7364994366550375e-07
3.9416701881293555e-07
4.152325792990072e-07
4.3684662512371883e-07
4.590091562870704e-07
4.817201727890621e-07
5.049796746296936e-07
5.28787661808965e-07
5.531441343268766e-07
5.780490921834276e-07
6.035025353786192e-07
6.295044639124501e-07
6.56054877784921e-07
6.831537769960323e-07
7.10801161545783e-07
7.389970314341743e-07
5.878409358356952e-07
5.627252719690494e-07
5.381580934410436e-07
5.141394002516778e-07
4.90669192400952e-07
4.6774746988886607e-07
4.453742327154201e-07
4.2354948088061407e-07
4.02273214384448e-07
3.8154543322692185e-07
3.6136613740803565e-07
3.417353269277894e-07
3.226530017861831e-07
3.0411916198321676e-07
2.8613380751889035e-07
2.6869693839320384e-07
2.518085546061573e-07
2.3546865615775062e-07
2.1967724304798396e-07
2.0443431527685727e-07
1.8973987284437053e-07
1.7559391575052383e-07
1.6199644399531685e-07
1.4894745757874996e-07
1.36446956500823e-07
1.2449494076153598e-07
1.1309141036088889e-07
1.0223636529888171e-07
9.192980557551452e-08
8.217173119078728e-08
7.296214214469998e-08
6.430103843725259e-08
5.618842006844518e-08
4.862428703827769e-08
4.160863934675017e-08
3.514147699386259e-08
2.9222799979614943e-08
2.3852608304007248e-08
1.9030901967039495e-08
1.4757680968711696e-08
1.1032945309023835e-08
7.856694987975938e-09
5.228930005567965e-09
3.1496503617999385e-09
1.6188560566718574e-09
6.365470901837212e-10
2.0272346233552968e-10
3.1738517312728686e-10
9.805322225589799e-10
2.192164610630622e-09
3.952282337342209e-09
6.260885402693742e-09
9.11797380668522e-09
1.252354754931664e-08
1.647760663058801e-08
2.0980151050499322e-08
2.603118080905058e-08
3.163069590624179e-08
3.777869634207293e-08
4.4475182116544016e-08
5.172015322965507e-08
5.951360968140604e-08
6.785555147179699e-08
7.674597860082784e-08
8.618489106849868e-08
9.617228887480944e-08
1.0670817201976015e-07
1.1779254050335082e-07
1.2942539432558142e-07
1.4160673348645194e-07
1.5433655798596244e-07
1.6761486782411285e-07
1.8144166300090321e-07
1.9581694351633365e-07
2.1074070937040393e-07
2.2621296056311412e-07
2.422336970944643e-07
2.588029189644544e-07
2.759206261730844e-07
2.9358681872035443e-07
3.118014966062643e-07
3.30564659830814e-07
3.4987630839400384e-07
3.6973644229583376e-07
3.901450615363034e-07
4.111021661154131e-07
4.326077560331627e-07
4.5466183128955217e-07
4.772643918845817e-07
5.004154378182512e-07
5.241149690905605e-07
5.483629857015098e-07
5.731594876510993e-07
5.985044749393283e-07
6.243979475661979e-07
6.508399055317067e-07
6.778303488358555e-07
7.053692774786448e-07
7.334566914600734e-07
7.620925907801425e-07
5.677490392963836e-07
5.430734048614158e-07
5.189462557650878e-07
4.953675920073999e-07
4.72337413588352e-07
4.4985572050794397e-07
4.279225127661758e-07
4.0653779036304765e-07
3.8570155329855946e-07
3.6541380157271123e-07
3.456745351855029e-07
3.264837541369347e-07
3.078414584270062e-07
2.897476480557177e-07
2.722023230230692e-07
2.5520548332906065e-07
2.3875712897369197e-07
2.2285725995696322e-07
2.0750587627887449e-07
1.9270297793942568e-07
1.7844856493861684e-07
1.64742637276448e-07
1.5158519495291898e-07
1.389762379680299e-07
1.2691576632178088e-07
1.1540378001417174e-07
1.0444027904520256e-07
9.402526341487327e-08
8.415873312318397e-08
7.484068817013461e-08
6.607112855572521e-08
5.785005427995573e-08
5.0177465342826215e-08
4.305336174433663e-08
3.6477743484487e-08
3.0450610563277314e-08
2.4971962980707566e-08
2.0041800736777773e-08
1.5660123831487916e-08
1.1826932264838014e-08
8.542226036828053e-09
5.806005147458051e-09
3.6182695967279763e-09
1.9790193846378468e-09
8.882545111876635e-10
3.459749763774248e-10
3.521807802071332e-10
9.06871922676788e-10
2.0100484037863734e-09
3.6617102235359137e-09
5.8618573819253995e-09
8.610489878954826e-09
1.1907607714624203e-08
1.5753210888933523e-08
2.014729940188279e-08
2.5089873253472003e-08
3.0580932443701155e-08
3.6620476972570264e-08
4.320850684007931e-08
5.034502204622829e-08
5.803002259101724e-08
6.626350847444611e-08
7.504547969651495e-08
8.437593625722372e-08
9.425487815657245e-08
1.0468230539456111e-07
1.156582179711897e-07
1.2718261588645827e-07
1.3925549914036675e-07
1.518768677329152e-07
1.6504672166410356e-07
1.787650609339319e-07
1.9303188554240015e-07
2.0784719548950843e-07
2.2321099077525658e-07
2.391232713996447e-07
2.555840373626727e-07
2.7259328866434075e-07
2.9015102530464874e-07
3.0825724728359664e-07
3.2691195460118444e-07
3.46115147257412e-07
3.658668252522797e-07
3.8616698858578745e-07
4.070156372579351e-07
4.284127712687226e-07
4.503583906181501e-07
4.7285249530621755e-07
4.958950853329249e-07
5.194861606982723e-07
5.436257214022598e-07
5.68313767444887e-07
5.935502988261543e-07
6.193353155460612e-07
6.456688176046084e-07
6.725508050017952e-07
6.999812777376218e-07
7.27960235812089e-07
7.564876792251955e-07
7.855636079769427e-07
5.480326006079039e-07
5.23796995604614e-07
5.00109875939964e-07
4.76971241613954e-07
4.5438109262658395e-07
4.323394289778538e-07
4.108462506677635e-07
3.899015576963133e-07
3.69505350063503e-07
3.496576277693327e-07
3.303583908138023e-07
3.1160763919691195e-07
2.934053729186613e-07
2.7575159197905073e-07
2.586462963780801e-07
2.4208948611574944e-07
2.260811611920587e-07
2.1062132160700786e-07
1.95709967360597e-07
1.8134709845282612e-07
1.6753271488369517e-07
1.542668166532042e-07
1.415494037613531e-07
1.293804762081419e-07
1.1776003399357076e-07
1.0668807711763953e-07
9.616460558034825e-08
8.618961938169686e-08
7.676311852168546e-08
6.7885103000314e-08
5.95555728175825e-08
5.177452797349092e-08
4.4541968468039304e-08
3.7857894301227614e-08
3.172230547305588e-08
2.6135201983524098e-08
2.109658383263225e-08
1.6606451020380352e-08
1.2664803546768391e-08
9.271641411796388e-09
6.426964615464324e-09
4.130773157772217e-09
2.3830670387200403e-09
1.1838462583078092e-09
5.331108165355234e-10
4.3086071340318276e-10
8.770959489107913e-10
1.8718165230583436e-09
3.4150224358458226e-09
5.50671368727326e-09
8.146890277340644e-09
1.1335552206047968e-08
1.507269947339524e-08
1.9358332079382462e-08
2.4192450024009626e-08
2.9575053307276738e-08
3.5506141929183783e-08
4.1985715889730794e-08
4.901377518891773e-08
5.6590319826744614e-08
6.471534980321146e-08
7.338886511831823e-08
8.261086577206497e-08
9.238135176445163e-08
1.0270032309547826e-07
1.1356777976514481e-07
1.249837217734513e-07
1.369481491203978e-07
1.4946106180598414e-07
1.625224598302105e-07
1.7613234319307677e-07
1.9029071189458297e-07
2.0499756593472913e-07
2.2025290531351533e-07
2.3605673003094135e-07
2.5240904008700736e-07
2.6930983548171336e-07
2.867591162150592e-07
3.047568822870451e-07
3.233031336976709e-07
3.423978704469366e-07
3.620410925348421e-07
3.822327999613877e-07
4.0297299272657334e-07
4.242616708303988e-07
4.4609883427286426e-07
4.684844830539697e-07
4.91418617173715e-07
5.149012366321002e-07
5.389323414291256e-07
5.635119315647907e-07
5.886400070390959e-07
6.143165678520412e-07
6.40541614003626e-07
6.673151454938514e-07
6.94637162322716e-07
7.225076644902206e-07
7.509266519963656e-07
7.7989412484115e-07
8.09410083024575e-07
5.286916197702563e-07
5.048960441986443e-07
4.816489539656723e-07
4.5895034907134014e-07
4.368002295156479e-07
4.151985952985957e-07
3.9414544642018336e-07
3.73640782880411e-07
3.536846046792786e-07
3.3427691181678616e-07
3.154177042929337e-07
2.971069821077212e-07
2.793447452611485e-07
2.621309937532158e-07
2.454657275839231e-07
2.2934894675327033e-07
2.137806512612575e-07
1.9876084110788454e-07
1.842895162931516e-07
1.703666768170586e-07
1.5699232267960554e-07
1.4416645388079248e-07
1.3188907042061926e-07
1.2016017229908598e-07
1.0897975951619276e-07
9.834783207193942e-08
8.826438996632602e-08
7.872943319935254e-08
6.974296177101903e-08
6.130497568132548e-08
5.341547493027186e-08
4.6074459517858166e-08
3.9281929444084446e-08
3.303788470895066e-08
2.7342325312456828e-08
2.2195251254602935e-08
1.7596662535388986e-08
1.3546559154814988e-08
1.0044941112880925e-08
7.091808409586818e-09
4.68716104493265e-09
2.8309990189184382e-09
1.5233223315441598e-09
7.64130982809826e-10
5.534249727154377e-10
8.912043012609947e-10
1.777468968446503e-09
3.2122189742719524e-09
5.1954543187373254e-09
7.727175001842659e-09
1.080738102358794e-08
1.4436072383973165e-08
1.861324908299834e-08
2.3338911120663456e-08
2.8613058496968512e-08
3.443569121191351e-08
4.080680926549847e-08
4.772641265772338e-08
5.519450138858822e-08
6.3211075458093e-08
7.177613486623772e-08
8.088967961302239e-08
9.055170969844704e-08
1.0076222512251161e-07
1.1152122588521611e-07
1.2282871198656056e-07
1.3468468342654494e-07
1.4708914020516936e-07
1.6004208232243363e-07
1.7354350977833786e-07
1.8759342257288203e-07
2.0219182070606615e-07
2.173387041778902e-07
2.3303407298835427e-07
2.492779271374582e-07
2.660702666252021e-07
2.8341109145158594e-07
3.0130040161660976e-07
3.1973819712027354e-07
3.3872447796257723e-07
3.5825924414352083e-07
3.783424956631042e-07
3.9897423252132774e-07
4.201544547181912e-07
4.4188316225369465e-07
4.64160355127838e-07
4.869860333406213e-07
5.103601968920445e-07
5.342828457821077e-07
5.58753980010811e-07
5.837735995781541e-07
6.09341704484137e-07
6.354582947287604e-07
6.62123370312023e-07
6.893369312339261e-07
7.170989774944686e-07
7.45409509093651e-07
7.74268526031474e-07
8.036760283079363e-07
8.336320159230392e-07
5.097260967834408e-07
4.863705506435066e-07
4.635634898422125e-07
4.4130491437955827e-07
4.19594824255544e-07
3.984332194701697e-07
3.778201000234352e-07
3.5775546591534076e-07
3.382393171458863e-07
3.1927165371507177e-07
3.008524756228971e-07
2.8298178286936255e-07
2.6565957545446775e-07
2.4888585337821296e-07
2.3266061664059816e-07
2.1698386524162326e-07
2.0185559918128832e-07
1.8727581845959326e-07
1.7324452307653822e-07
1.597617130321231e-07
1.4682738832634795e-07
1.3444154895921278e-07
1.226041949307175e-07
1.113153262408621e-07
1.0057494288964676e-07
9.038304487707133e-08
8.073963220313583e-08
7.164470486784025e-08
6.309826287118463e-08
5.510030621316898e-08
4.765083489379326e-08
4.074984891305749e-08
3.4397348270961656e-08
2.8593332967505762e-08
2.3337803002689826e-08
1.8630758376513833e-08
1.447219908897778e-08
1.0862125140081677e-08
7.800536529825513e-09
5.287433258209302e-09
3.322815325233032e-09
1.9066827308967145e-09
1.0390354752003332e-09
7.198735581438969e-10
9.491969797274055e-10
1.7270057399508597e-09
3.0532998388142675e-09
4.928079276317614e-09
7.351344052460881e-09
1.032309416724411e-08
1.3843329620667289e-08
1.7912050412730414e-08
2.252925654343348e-08
2.769494801277649e-08
3.340912482075946e-08
3.967178696738236e-08
4.6482934452645194e-08
5.3842567276548e-08
6.175068543909075e-08
7.020728894027343e-08
7.921237778009605e-08
8.876595195855861e-08
9.886801147566115e-08
1.095185563314036e-07
1.2071758652578603e-07
1.3246510205880837e-07
1.4476110293047065e-07
1.5760558914077296e-07
1.7099856068971516e-07
1.8494001757729726e-07
1.9942995980351932e-07
2.1446838736838134e-07
2.300553002718833e-07
2.461906985140253e-07
2.628745820948071e-07
2.801069510142289e-07
2.9788780527229066e-07
3.162171448689923e-07
3.3509496980433406e-07
3.545212800783156e-07
3.7449607569093714e-07
3.950193566421984e-07
4.160911229320998e-07
4.3771137456064124e-07
4.5988011152782254e-07
4.825973338336438e-07
5.05863041478105e-07
5.296772344612059e-07
5.54039912782947e-07
5.789510764433282e-07
6.044107254423492e-07
6.304188597800101e-07
6.569754794563113e-07
6.840805844712518e-07
7.117341748248327e-07
7.399362505170535e-07
7.686868115479135e-07
7.979858579174147e-07
8.278333896255546e-07
8.582294066723356e-07
4.911360316474574e-07
4.6822051493920104e-07
4.4585348356958484e-07
4.2403493753860854e-07
4.027648768462721e-07
3.8204330149257566e-07
3.618702114775191e-07
3.4224560680110257e-07
3.2316948746332596e-07
3.0464185346418936e-07
2.866627048036926e-07
2.6923204148183594e-07
2.5234986349861906e-07
2.360161708540422e-07
2.2023096354810523e-07
2.0499424158080823e-07
1.9030600495215122e-07
1.7616625366213405e-07
1.6257498771075693e-07
1.4953220709801969e-07
1.3703791182392243e-07
1.2509210188846518e-07
1.1369477729164775e-07
1.0284593803347026e-07
9.254558411393284e-08
8.279371553303528e-08
7.359033229077769e-08
6.493543438716e-08
5.682902182218229e-08
4.9271094595844534e-08
4.226165270814672e-08
3.580069615908884e-08
2.988822494867091e-08
2.4524239076892918e-08
1.9708738543754876e-08
1.5441723349256782e-08
1.1723193493398625e-08
8.55314897618042e-09
5.931589797602154e-09
3.85851595766384e-09
2.3339274563654675e-09
1.3578242937070437e-09
9.302064696885599e-10
1.0510739843100206e-09
1.7204268375714267e-09
2.9382650294727783e-09
4.704588560014085e-09
7.019397429195329e-09
9.882691637016489e-09
1.3294471183477616e-08
1.725473606857869e-08
2.1763486292319713e-08
2.6820721854700676e-08
3.2426442755721595e-08
3.8580648995382443e-08
4.528334057368325e-08
5.253451749062399e-08
6.033417974620468e-08
6.868232734042531e-08
7.75789602732859e-08
8.702407854478644e-08
9.701768215492689e-08
1.0755977110370731e-07
1.1865034539112767e-07
1.3028940501718802e-07
1.4247694998188825e-07
1.5521298028522843e-07
1.6849749592720859e-07
1.8233049690782865e-07
1.9671198322708873e-07
2.116419548849887e-07
2.2712041188152862e-07
2.4314735421670844e-07
2.597227818905284e-07
2.7684669490298807e-07
2.9451909325408777e-07
3.127399769438274e-07
3.31509345972207e-07
3.5082720033922656e-07
3.7069354004488605e-07
3.911083650891855e-07
4.120716754721246e-07
4.33583471193704e-07
4.556437522539233e-07
4.782525186527824e-07
5.014097703902816e-07
5.251155074664207e-07
5.493697298811997e-07
5.741724376346187e-07
5.995236307266776e-07
6.254233091573764e-07
6.518714729267152e-07
6.788681220346942e-07
7.064132564813126e-07
7.345068762665718e-07
7.631489813904701e-07
7.923395718530083e-07
8.220786476541871e-07
8.523662087940052e-07
8.832022552724639e-07
