0.08802476266569166
0.08799952123043045
0.08797511882532114
0.08795307624563165
0.08793246147746178
0.0879115135387928
0.08788958629498334
0.08786724669893026
0.08784524325586957
0.08782384881178859
0.0878029415824753
0.0877823439499374
0.08776199634669396
0.08774193198132804
0.08772220042181382
0.08770283218556914
0.08768384253871375
0.08766524364271253
0.08764704959944257
0.08762927564169053
0.08761193647250043
0.08759504579413958
0.08757861660162022
0.08756266147852036
0.08754719265405596
0.08753222193767551
0.08751776066250658
0.08750381967648659
0.08749040936062309
0.08747753964365407
0.08746522001114845
0.08745345950531772
0.08744226672568847
0.08743164982913373
0.08742161653142719
0.0874121741100268
0.0874033294055848
0.08739508882463566
0.08738745833980799
0.0873804434923961
0.08737404939277074
0.0873682807206212
0.08736314172669259
0.08735863623245416
0.0873547676311249
0.08735153888759664
0.08734895253880486
0.08734701069101596
0.0873457150256704
0.08734506679019699
0.08734506680660184
0.08734571546394684
0.0873470127172721
0.0873489580935063
0.08735155068249986
0.08735478913785732
0.08735867167617664
0.08736319607610211
0.08736835967336634
0.08737415936004372
0.0873805915831877
0.08738765233953119
0.08739533717618857
0.08740364118430564
0.08741255899917821
0.08742208479401957
0.08743221227792491
0.08744293469178978
0.08745424480460467
0.08746613490643669
0.08747859680664594
0.08749162183027226
0.08750520081547847
0.08751932411340593
0.0875339815757985
0.08754916253888839
0.08756485579765029
0.08758104960888974
0.08759773174710553
0.08761488958719396
0.08763251006407227
0.08765057934210974
0.0876690824266587
0.08768800363751322
0.08770732865008402
0.0877270458314853
0.08774714041576703
0.08776757872054519
0.08778830075289712
0.08780926205581194
0.08783053233181795
0.08785233599119611
0.08787483988091702
0.08789772664751508
0.08792009700365018
0.08794130032547198
0.41218162438255807
0.4120089664476262
0.4118325915514561
nan
0.08829818273528023
0.08827009306975274
0.08824472614076095
0.08822110096971428
0.08819765287589397
0.08817403508956331
0.0881505849947119
0.08812752136837587
0.08810480109499066
0.0880823376493555
0.08806012177060049
0.08803818991792271
0.08801657421485813
0.08799529302123824
0.08797436112866389
0.08795379528316775
0.08793361306620232
0.0879138311148512
0.08789446499894002
0.08787552975818697
0.08785704012576045
0.0878390104271637
0.08782145446069878
0.08780438548234042
0.08778781624403162
0.08777175902320425
0.08775622562633281
0.08774122738318713
0.08772677514277447
0.08771287927556357
0.08769954967851196
0.08768679577890165
0.08767462653748226
0.08766305045094677
0.0876520755534058
0.0876417094185029
0.08763195916074942
0.08762283143772115
0.08761433245147791
0.08760646794998467
0.08759924322844498
0.0875926631302702
0.08758673204793119
0.08758145392395755
0.08757683225118272
0.08757287007339906
0.08756956998541399
0.0875669341333066
0.08756496421426452
0.08756366147625633
0.0875630267178166
0.08756306028734365
0.08756376208248542
0.08756513154916724
0.08756716768044324
0.0875698690153781
0.08757323363760337
0.08757725917368506
0.08758194279148554
0.08758728119818565
0.0875932706381855
0.08759990689077314
0.08760718526771194
0.08761510061064416
0.08762364728801227
0.08763281919221409
0.08764260973605928
0.08765301184932223
0.0876640179754376
0.0876756200675387
0.08768780958501066
0.08770057748868261
0.08771391423509242
0.08772780976935893
0.08774225351802094
0.08775723438763863
0.08777274076754164
0.08778876053047012
0.08780528101053861
0.08782228895394702
0.0878397704896153
0.08785771120368954
0.0878760962925525
0.08789491049707403
0.087914137541969
0.08793375970014067
0.08795375908879538
0.08797412018304401
0.08799482706599698
0.08801584991980241
0.08803713851584155
0.08805866427100606
0.08808049902148207
0.08810277878682259
0.0881254247926314
0.0881479451457717
0.0881700076368235
0.08819260975982365
0.08821781552741825
0.0882456532527792
0.08912357172697088
0.08909397889137008
0.08906458792309521
0.0890353959891527
0.08900639962661577
0.08897769951890519
0.08894912120576973
0.08892046261842487
0.0888924217829973
0.08886490831346067
0.08883754724383684
0.08881049414808556
0.08878381748274379
0.08875751533442096
0.0887316090016255
0.08870611715967697
0.08868105790434622
0.0886564478166663
0.08863230253555343
0.08860863840457571
0.08858547339281476
0.08856282546749136
0.08854070952676762
0.0885191359386471
0.08849811225604606
0.08847764673330286
0.08845775084844817
0.0884384392479784
0.08841972768663965
0.08840163068361269
0.08838416025105683
0.08836732595554318
0.08835113576089607
0.08833559694616089
0.08832071667604752
0.08830650216341829
0.08829296056758965
0.0882800988067966
0.08826792339814094
0.08825644036594446
0.08824565520997164
0.08823557290771661
0.08822619793119987
0.08821753426292414
0.08820958540833067
0.08820235440222751
0.0881958438123313
0.08819005574012412
0.08818499182089928
0.08818065322351769
0.0881770406497501
0.0881741543340043
0.08817199404256408
0.08817055907315459
0.08816984825400148
0.08816985994316469
0.08817059202736424
0.08817204192065603
0.08817420656315805
0.08817708241926876
0.08818066547555602
0.08818495123888144
0.08818993473398067
0.08819561050169433
0.08820197259779586
0.08820901459341918
0.0882167295780395
0.0882251101640313
0.08823414849153671
0.08824383622816587
0.08825416455452637
0.08826512412429277
0.08827670499392204
0.08828889653075805
0.08830168734107259
0.08831506528493333
0.08832901765136063
0.08834353150867297
0.08835859411870572
0.08837419315817693
0.08839031645498821
0.08840695115433324
0.08842408263512075
0.0884416938407103
0.08845976562185226
0.08847827803813017
0.08849721192714033
0.08851654949190324
0.08853627348180346
0.08855636518028769
0.0885768045955384
0.08859756913915212
0.08861862206140636
0.08863999768455214
0.0886616889582531
0.08868341036347914
0.08870525804678558
0.08872746364524542
0.088749819919797
0.08877216931901769
0.09039004062381684
0.09035321258514532
0.09031648417850918
0.09027988033076037
0.09024344417541585
0.09020719974882353
0.09017117934598723
0.09013541207017034
0.09009992702363719
0.09006475221038393
0.09002991542294198
0.08999545004102907
0.08996137740210008
0.0899279528644131
0.08989487262215434
0.08986116150916441
0.08982811897739476
0.08979660924906722
0.08976555429001304
0.08973472751565585
0.08970444554052578
0.0896747391832016
0.08964560358575095
0.089617060305321
0.08958912551210688
0.08956181459923934
0.08953514203891398
0.08950912146707717
0.08948376586985832
0.08945908753616544
0.08943509813713219
0.08941180874110274
0.08938922981840133
0.08936737125337826
0.08934624235979904
0.08932585189478073
0.08930620806421505
0.08928731852419172
0.0892691903841343
0.0892518302156273
0.08923524406121308
0.08921943743995911
0.08920441534855125
0.08919018226176714
0.08917674213444522
0.08916409840659276
0.08915225400638443
0.08914121135350814
0.0891309723612715
0.08912153843703396
0.08911291048328329
0.08910508889879998
0.08909807357890512
0.08909186391718801
0.08908645880530425
0.08908185663422552
0.08907805529394144
0.08907505217309572
0.08907284415930514
0.08907142763866424
0.08907079849450224
0.08907095210745108
0.08907188335440736
0.08907358660693915
0.08907605573155852
0.0890792840874184
0.0890832645258062
0.08908798938784922
0.08909345050205107
0.08909963918140747
0.08910654621986139
0.08911416189017286
0.0891224759407136
0.08913147759678991
0.08914115555875271
0.0891514980024489
0.08916249257144096
0.08917412637526091
0.08918638599106854
0.08919925744680293
0.08921272627090704
0.08922677746719525
0.08924139550879115
0.08925656470129174
0.08927226817785996
0.08928849249252122
0.0893052150492483
0.0893223819620348
0.08934011448125746
0.08935857664953327
0.0893771013242039
0.08939530869803879
0.08941428592518696
0.0894341127698575
0.0894541397466683
0.08947442735939706
0.08949497931279957
0.08951577470145723
0.08953678944830666
0.08955799500194897
0.09189366992264147
0.09185677783996513
0.09181720007528399
0.09177692377630299
0.09173630646565362
0.09169547740284426
0.09165447902536461
0.09161340631634994
0.0915723128483969
0.09153120836924213
0.09149018554463534
0.09144945976914523
0.09140915260767396
0.091369111723797
0.09132904665156241
0.0912888231209015
0.09124860238572907
0.09120873229722445
0.09116953633618463
0.09113118878011581
0.09109368816498428
0.09105688484401159
0.09102088819383072
0.09098538605965784
0.09094980796862814
0.09091501116567827
0.09088148773839719
0.09084836321037429
0.09081529503031632
0.09078280956348167
0.09075121077825006
0.09072042546814531
0.09069036232149127
0.09066102374710178
0.09063244278105528
0.09060463982716538
0.09057762515713241
0.09055140853613675
0.09052600043426423
0.09050141049320361
0.09047764736912445
0.09045471910253398
0.09043263314592423
0.09041139626537514
0.09039101454008316
0.09037149340363682
0.09035283765931207
0.09033505147775599
0.09031813840285759
0.09030210136658584
0.09028694270165953
0.09027266414965308
0.09025926685706066
0.09024675136739438
0.09023511760927092
0.09022436489548542
0.09021449194132383
0.09020549690840932
0.09019737745514994
0.0901901307583551
0.09018375346100638
0.09017824154539542
0.0901735902002141
0.0901697938077912
0.09016684614046364
0.09016474068667886
0.09016347085250025
0.09016302978720542
0.09016340988549672
0.09016460239083525
0.0901665975251199
0.09016938506534622
0.09017295476336733
0.090177296155619
0.09018239805189004
0.09018824849812365
0.09019483506723619
0.09020214458594086
0.0902101641102183
0.09021888370579326
0.090228286021031
0.09023832192585293
0.0902490180256354
0.0902606333667346
0.0902731219009025
0.09028556065277035
0.09029765341858101
0.09031073776472466
0.09032517091934657
0.09034006616020662
0.09035529147349386
0.09037098369390914
0.09038711505145795
0.09040366671795097
0.09042061485254338
0.09043793622015328
0.09045560531767255
0.0904735958467361
0.09049188172133052
0.09051043481195702
0.09329342802251361
0.09326928810728907
0.09324453249302199
0.09322046403794532
0.0931935459034057
0.09316460592219436
0.09313359859669543
0.09310104941564315
0.09306690015888813
0.09303158721738515
0.09299527608297575
0.09295800800503279
0.09292250051127124
0.09287793155720672
0.09283269995190896
0.09279959950404214
0.09275949747949486
0.09272004954657957
0.09267974016034664
0.0926393978337744
0.09259904834264476
0.09255878428436912
0.09251867514862079
0.09247878552365933
0.09243915834853692
0.09239983860325789
0.09236086931069512
0.09232229329017544
0.09228415252608216
0.0922464796261043
0.09220932631303226
0.09217284202281711
0.09213696784861944
0.09210143935301911
0.09206634444949717
0.09203199549008315
0.09199850733068698
0.09196580182956554
0.09193380885047037
0.09190253339114425
0.09187201033822262
0.09184226690837351
0.09181332012733316
0.09178518412930398
0.09175787248736322
0.09173139785664644
0.09170577178777187
0.091681004753627
0.09165710619349574
0.09163408455827693
0.09161194734479938
0.09159070112820344
0.09157035158385754
0.09155090350620922
0.09153236083223172
0.09151472666084304
0.09149800326619048
0.09148219211014892
0.09146729385804808
0.09145330839158133
0.09144023481995492
0.09142807148829574
0.09141681598665174
0.0914064651569102
0.09139701510129386
0.0913884611905576
0.0913807980733551
0.09137401968916338
0.09136811927461583
0.09136308934486946
0.09135892170149915
0.09135560770292761
0.09135313879649341
0.09135150538935602
0.09135069113912789
0.09135067186692188
0.09135145024264216
0.09135311433902518
0.09135576190305406
0.0913592092483928
0.09136294966172903
0.09136683972148246
0.09137154773464636
0.09137750141932677
0.09138427771739385
0.09139154814716006
0.09139939526591616
0.0914078185014553
0.09141685921807688
0.09142620827717714
0.09143528078574775
0.0914449185646899
0.09145788899380575
0.09147402143373204
0.09148817350781516
0.09149857022687397
0.0915095629873352
0.0915228492251376
0.09153654533970498
0.09155028225250547
nan
nan
nan
nan
nan
nan
0.09393312395829659
0.09399420909917752
0.09405287350839567
0.09407800027947287
0.09408901975756692
0.09410321985427633
0.09409958332968424
0.09409651346371552
0.09408652120699573
0.09407273555024473
0.09407706271020774
0.09405517791398653
0.09401067697703083
0.09398904461898575
0.09396242082187348
0.09393380136050682
0.09390437349333138
0.0938736095473852
0.09384170686886043
0.09381046278053032
0.0937780070882927
0.09373504862832116
0.09369865716044423
0.09366948887324322
0.09363543592628193
0.09360031375943628
0.0935654030739401
0.09353043244626269
0.0934955350658535
0.09346078999951975
0.09342626470782711
0.09339201500215408
0.09335808603286344
0.09332452591653849
0.09329141440666733
0.09325880932433485
0.09322670656560464
0.09319510029276765
0.09316401993865212
0.09313351557447114
0.09310363623697124
0.09307441471005111
0.09304587156718547
0.0930180241779644
0.09299088976782229
0.09296448548219505
0.09293882776077053
0.09291393190397099
0.09288981189216539
0.09286648038495363
0.09284394876843237
0.09282222689619915
0.09280132355337975
0.09278124746806088
0.09276200575114346
0.09274360171764814
0.09272603727584497
0.092709316476761
0.09269344406909365
0.09267842181218662
0.09266424794241415
0.09265091898219205
0.09263843100426628
0.09262678132839097
0.09261597316113462
0.09260602051054528
0.09259694181376205
0.09258873048163016
0.09258131789437014
0.09257458703592378
0.09256847887397508
0.09256309283194358
0.09255858528504424
0.09255495780148379
0.092552075961366
0.09254986695911173
0.09254834518827865
0.09254750852787344
0.09254733577288933
0.09254780238010125
0.09254886590127812
0.09255052244097688
0.09255289999719632
0.0925558533219198
0.09255907996701268
0.09256280467020639
0.09256709348104386
0.09257178364884473
0.09257703264116215
0.09258238402842259
0.09258798500579674
0.09259391821227284
0.09260037812436318
0.09260668591221133
nan
nan
nan
nan
nan
nan
nan
nan
nan
nan
nan
nan
nan
nan
nan
nan
nan
nan
nan
nan
0.09460211848637293
0.09467053001635135
0.09469338226729902
0.0947386276442944
0.0947310745229502
0.09475372315783503
0.09476444292999782
0.09476991905290924
0.09477255671813899
0.09477235612721413
0.09476887016058762
0.09476220368232197
0.09475339745037611
0.09474158534173899
0.09472948516483212
0.09472270426743329
0.0947118437834468
0.09468458021610873
0.09465333625699196
0.09462986622005441
0.09460793635095759
0.09458468864867807
0.09455996594400333
0.09453282604582111
0.09450433087306838
0.09447619888111505
0.09444875743187058
0.09442149692162985
0.09439411361496339
0.09436668146655502
0.0943393811407234
0.09431234832380599
0.09428566977027097
0.09425940793518392
0.09423361092598737
0.09420831327233345
0.09418353659326012
0.09415929252779273
0.09413558706794004
0.09411242499902972
0.09408981332342109
0.09406776285421248
0.09404628768770876
0.09402540286365767
0.09400512111540198
0.09398544986095442
0.0939663895772598
0.0939479341788321
0.09393007445908669
0.0939128037068599
0.0938961218707793
0.09388003644807447
0.09386455575076941
0.09384968161743444
0.09383540832304069
0.09382172768235039
0.09380863531959448
0.0937961203026396
0.09378417074988107
0.09377278173545138
0.09376194122315959
0.09375162628701034
0.09374179864785563
0.09373245549792664
0.09372375996006113
0.09371588557144965
0.0937082052056578
0.09369888982679092
0.09368726531074878
0.09367727817425761
0.0936736990773391
0.09367428174997249
0.09367231856794161
0.09366618890397975
0.09365978572566999
0.09365506948060232
0.09365039462062208
0.09364557774187565
0.09364100297409353
0.09363644653658808
nan
nan
nan
nan
nan
nan
nan
nan
nan
nan
nan
nan
nan
nan
nan
nan
nan
nan
nan
nan
nan
nan
nan
nan
nan
nan
nan
nan
nan
nan
nan
nan
nan
nan
nan
nan
nan
nan
nan
nan
nan
nan
nan
nan
nan
nan
nan
0.09527334573732885
nan
nan
nan
0.0952527935851832
nan
nan
nan
nan
nan
nan
nan
nan
0.09519870451986381
0.09520978555955566
0.09521121365312302
0.09520602485338064
0.09519487520982331
0.09517535584952255
0.09516204228262123
0.0951560833129353
0.09515329426249608
0.09514917920332298
0.09514163300541179
0.09513116356552942
0.09511912607150158
0.09510629665681733
0.09509241981815497
0.09507714534431583
0.09506063161063177
0.09504349026734552
0.09502590997980448
0.09500728522970847
0.09498768167007121
0.09496704395133002
0.09494554813997846
0.09492292594153529
0.09489880302594009
0.09487339880055348
0.09484747425681431
0.09482180706626288
0.09479683520081403
0.09477236500215763
0.09474816541222725
0.09472392132635572
0.09469970449410303
0.09467532219891732
0.09465071982421201
0.09462708016405105
0.09460279476086689
0.09457844373024851
0.09455605273732146
0.09452832230577217
nan
nan
nan
nan
nan
nan
nan
nan
nan
nan
nan
nan
nan
nan
nan
nan
nan
nan
nan
nan
nan
nan
nan
nan
nan
nan
nan
nan
nan
nan
nan
nan
nan
nan
nan
nan
nan
nan
nan
nan
nan
nan
nan
nan
nan
nan
nan
nan
nan
nan
nan
nan
nan
nan
nan
nan
nan
nan
nan
nan
nan
nan
nan
nan
nan
nan
nan
nan
nan
nan
nan
nan
nan
nan
nan
nan
nan
nan
nan
nan
nan
nan
nan
nan
nan
nan
nan
nan
nan
nan
nan
nan
nan
nan
nan
nan
nan
nan
nan
nan
