0.08802119849329662
0.08800219272680049
0.08797516127887349
0.08795717034212472
0.08793092312043979
0.08791159143452781
0.08788825193477748
0.08786666678912869
0.08784567894717635
0.08782380938052933
0.08780317883767594
0.08778239138097238
0.08776196386190663
0.08774193320963831
0.08772219886452112
0.08770283474711138
0.087683841167701
0.08766524272995924
0.08764704962659643
0.08762927540740342
0.08761193659456451
0.08759504571360595
0.08757861641596615
0.08756266144797699
0.08754719262676998
0.08753222189495267
0.08751776065528459
0.08750381966820829
0.08749040933347593
0.08747753962070796
0.08746522000049681
0.08745345949815453
0.08744226671715272
0.08743164982140314
0.08742161652592426
0.08741217410628796
0.08740332940222856
0.08739508882105028
0.08738745833644207
0.08738044348970989
0.08737404939026447
0.08736828071855096
0.08736314172513296
0.08735863623127044
0.08735476763036265
0.08735153888723943
0.087348952538452
0.08734701069119179
0.08734571502601043
0.08734506679045682
0.08734506680684759
0.08734571546243587
0.08734701271686263
0.08734895809291868
0.08735155068151843
0.08735478913632366
0.08735867167517328
0.08736319607455861
0.0873683596718064
0.08737415935808238
0.08738059158011294
0.0873876523361583
0.08739533717241285
0.08740364118062727
0.08741255899513661
0.08742208478866209
0.0874322122694983
0.08744293468269115
0.08745424479686464
0.08746613489550302
0.08747859678230453
0.08749162179928732
0.08750520080298027
0.08751932410204522
0.08753398152661004
0.08754916250559934
0.08756485575549242
0.08758104938848348
0.08759773163306145
0.0876148896487084
0.08763250974631578
0.08765057933167647
0.08766908101330227
0.08768800200943827
0.0877073304934803
0.0877270430740875
0.08774713884561333
0.08776752498280918
0.08778838109945644
0.08780948611145739
0.08783054444559077
0.08785300802188939
0.08787380591248739
0.08789695226068223
0.08791914582323364
0.0879405378322217
0.41218165939551954
0.41200895053942493
0.41183256429951676
nan
0.08829822648344092
0.08826845835091893
0.08824471496178177
0.08822123549353479
0.08819689929290148
0.08817412049193253
0.08815045869953625
0.0881276495177977
0.08810485563546261
0.08808233084652796
0.08806012309886974
0.08803819150816548
0.08801657582775751
0.08799529165667219
0.08797436085526182
0.0879537946265438
0.08793361292571181
0.08791383060056762
0.08789446452924107
0.08787552940654172
0.08785703976471809
0.08783901017498422
0.08782145421982245
0.08780438524845785
0.08778781606871233
0.0877717588818814
0.08775622551025708
0.0877412273035594
0.08772677509261456
0.08771287924554663
0.08769954966961288
0.08768679579271753
0.08767462657152056
0.08766305050187574
0.0876520756195211
0.08764170949864056
0.0876319592537178
0.08762283154189221
0.08761433256543275
0.08760646807235117
0.08759924335818767
0.08759266326632911
0.08758673218933247
0.08758145406973718
0.08757683240044548
0.08757287022532681
0.08756957013923203
0.08756693428827772
0.08756496436966388
0.0875636616313453
0.08756302687174419
0.08756306043928119
0.0875637622317024
0.08756513169501765
0.08756716782226384
0.0875698691524607
0.08757323376919507
0.08757725929907045
0.08758194290978852
0.08758728130865573
0.08759327073993248
0.0875999069829421
0.08760718534919396
0.08761510068007594
0.08762364734437622
0.08763281923470027
0.08764260976380928
0.08765301185998006
0.08766401796612655
0.08767562003869386
0.08768780953946845
0.08770057742142973
0.0877139141366219
0.08772780964670926
0.08774225337307665
0.08775723419066078
0.08777274054777237
0.08778876032439299
0.08780528071606006
0.087822288640931
0.08783977011887531
0.0878577106506091
0.0878760961400054
0.08789490997362721
0.08791413718053845
0.08793375834074113
0.08795375895220994
0.08797412253258996
0.08799482659800052
0.08801584125595588
0.08803715456565012
0.08805886361007534
0.08808042704447969
0.08810303138252416
0.08812464288613048
0.08814771272458219
0.08816982586309889
0.0881924063585211
0.08821423254696674
0.08826207738266233
0.08912357895213119
0.08909397363695726
0.08906458473366968
0.08903538766038244
0.08900639745400052
0.08897767340170602
0.08894967439386417
0.08891993719772182
0.08889243650710876
0.08886488215020089
0.08883754210844251
0.08881050108000348
0.0887838187311927
0.08875751686535785
0.08873161120984022
0.0887061195682782
0.08868106008469134
0.08865645050858673
0.08863230604848264
0.08860864232418236
0.08858547623557186
0.08856283173263603
0.08854068047788055
0.08851911490535624
0.08849818730306855
0.0884777154107275
0.08845771593645409
0.08843839103329712
0.08841972999520023
0.08840164189562195
0.0883841605452679
0.08836733356073766
0.08835115162298912
0.08833560871393006
0.08832072238545743
0.08830650711827827
0.08829296695044599
0.08828010537933767
0.08826792920032175
0.08825644569767574
0.08824566066021372
0.08823557869481896
0.08822620396096437
0.08821754037934118
0.08820959151678216
0.08820236047031507
0.08819584983526661
0.08819006171801902
0.08818499775082922
0.08818065909967715
0.08817704646514435
0.08817416008161753
0.08817199971564763
0.08817056466530787
0.08816985375943713
0.0881698653562616
0.08817059734310695
0.08817204713398533
0.08817421166832942
0.08817708740775651
0.0881806703343701
0.08818495595088077
0.08818993928789487
0.0881956149182592
0.0882019769630869
0.08820901905176354
0.08821673421006068
0.08822511475909707
0.08823415249194244
0.08824383925332438
0.08825416721677526
0.08826512753707451
0.08827670823810785
0.0882888960873271
0.08830168311407369
0.08831506475565247
0.08832902402150533
0.08834353437792783
0.08835859416715984
0.088374213189857
0.08839034477743632
0.08840693639685421
0.08842403980675495
0.08844168998504194
0.08845978810437122
0.08847828258178592
0.08849720900286755
0.08851654888488081
0.08853627224653865
0.0885563644013162
0.08857680231020296
0.08859756752308076
0.08861862184427896
0.08863994729180781
0.0886615813820395
0.08868379314394313
0.08870512628784595
0.08872746327635768
0.0887497616183521
0.08877208073106041
0.09039007990495089
0.09035325258874509
0.0903165247112015
0.09027991980110481
0.09024348547116895
0.09020724242609537
0.0901712228235184
0.09013545660357225
0.09009997299521347
0.09006480002051866
0.09002996382766651
0.08999549854459624
0.08996146864864346
0.08992796446385878
0.08989511335792734
0.08985996398752119
0.08982896708307372
0.08979689567572754
0.08976549806916691
0.08973474875302699
0.08970450702823461
0.08967479554356556
0.08964566058293295
0.08961711748585238
0.08958918311488714
0.08956187256019918
0.08953520033449594
0.08950918005332617
0.08948382469247093
0.08945914654964662
0.08943515728770947
0.08941186798712478
0.08938928910946828
0.0893674305409971
0.08934630160344344
0.08932591104275334
0.08930626708454667
0.0892873773673104
0.0892692490029982
0.08925188858104777
0.08923530212667408
0.08921949516344628
0.08920447270728729
0.08919023922161007
0.0891767986479883
0.089164154436872
0.08915230952776185
0.08914126633823308
0.08913102677696544
0.08912159225191915
0.08911296366908443
0.08910514142913757
0.08909812542751605
0.08909191505756131
0.08908650921176198
0.08908190628232834
0.08907810416105884
0.08907510023786139
0.08907289140205611
0.08907147404142052
0.08907084404063302
0.08907099678150146
0.08907192714068135
0.08907362948685621
0.08907609768219954
0.08907932508227065
0.08908330454083391
0.08908802840934366
0.08909348852708188
0.08909967620394779
0.08910658221684636
0.08911419683321281
0.08912250982272918
0.08913151042839168
0.08914118732823445
0.08915152867705692
0.08916252213931834
0.08917415484330259
0.08918641334084593
0.08919928366159921
0.08921275136006053
0.08922680138399444
0.08924141829596471
0.08925658625286867
0.08927228876428545
0.08928851146692837
0.08930523823768995
0.08932240369395189
0.08934006860557278
0.08935850395807382
0.08937797694815591
0.08939415252704908
0.08941452488818162
0.08943418033016469
0.0894541494554589
0.08947443517316925
0.08949498607352066
0.08951578020125518
0.08953679486508132
0.08955799844030407
0.0918944517166414
0.09185761690884953
0.09181736369513015
0.09177722586706774
0.09173664636376183
0.09169577484789837
0.09165477394529617
0.09161370070132385
0.09157260854104637
0.09153154026637246
0.09149067835433079
0.09144958582433113
0.09140960520481789
0.09136832208173876
0.09132884967401586
0.09128967406792579
0.09124828703246646
0.0912106699756006
0.09117381914699325
0.09113212557511774
0.09109031714815655
0.09105364325248813
0.09102073880545197
0.09098703325562932
0.09095090788759522
0.09091578864812312
0.09088342136172706
0.09084791080594984
0.09081545980018231
0.09078302521258008
0.09075159664738762
0.0907207638168448
0.09069067504636696
0.09066132440291055
0.09063273995884924
0.09060493225121397
0.09057791358218072
0.09055169495488001
0.09052628489679916
0.09050169306802622
0.09047792792875922
0.09045499737596935
0.09043290885712912
0.09041166919408533
0.09039128459178378
0.09037176058476723
0.09035310201297964
0.09033531302444314
0.09031839706288032
0.09030235701761441
0.09028719525015366
0.09027291355034259
0.09025951304761928
0.09024699424445842
0.09023535713110475
0.09022460103665442
0.09021472445820308
0.09020572564517801
0.09019760303357055
0.0901903536127317
0.09018397213598142
0.09017845496465617
0.09017380022455068
0.09017000042913748
0.09016704677940246
0.09016493830341024
0.0901636678948868
0.09016322164092631
0.09016359730810661
0.09016478702859439
0.09016677616468251
0.09016955950846936
0.09017312566863096
0.09017746296356094
0.09018256074446128
0.09018840696597047
0.09019498991988217
0.09020229475806762
0.09021031040969926
0.09021902514621066
0.09022841883703624
0.09023846071535066
0.09024932108759043
0.09026055639582452
0.09027234358646241
0.09028802537510917
0.09029570217166188
0.09031124425615344
0.09032547720223674
0.09034014626919801
0.09035538686713562
0.0903710789378939
0.09038720675682607
0.09040375481792146
0.09042069932915325
0.09043801708744945
0.09045568270776151
0.09047367079057374
0.09049195363328827
0.09051050310279707
0.09330697294897086
0.09326628994251548
0.09324677521294772
0.09322172696341627
0.09319494826547284
0.09316578081006707
0.09313475181009
0.09310203008949158
0.09306801475223261
0.09303264829495964
0.09299631413268968
0.09295908478671251
0.09292361453966144
0.09289208374611818
0.09284220310028563
0.09280036139970045
0.09275935026370782
0.09272097851903705
0.09268072393482286
0.09264037665339568
0.0926001174861783
0.0925598102716946
0.09251966242734559
0.09247982540873456
0.09244021861108354
0.09240084078098931
0.09236179649429124
0.09232317789639718
0.09228502568745217
0.09224737443780459
0.09221030151314998
0.09217368992661491
0.09213744200778681
0.09210336970045058
0.09206654358686639
0.09203303982477934
0.09199939745189416
0.09196678804184724
0.09193471703463345
0.09190344730268753
0.09187291321889252
0.09184316532280157
0.09181421015245034
0.09178606614517906
0.09175874624195013
0.09173226306938578
0.0917066281912367
0.09168185213520967
0.0916579443206739
0.0916349131948872
0.09161276627398302
0.09159151014557723
0.09157115049516105
0.09155169213330007
0.0915331390013421
0.09151549420804515
0.0914987600358401
0.09148293795620618
0.0914680286509476
0.09145403200882549
0.09144094714750274
0.09142877242564476
0.09141750543805352
0.09140714302893926
0.09139768131611775
0.09138911568977783
0.09138144080385335
0.09137465061447071
0.09136873834655303
0.09136369645384795
0.09135951696597457
0.09135619093431796
0.0913537099760503
0.09135205814345407
0.09135124821260343
0.09135120350096063
0.09135207945660413
0.09135350442556384
0.09135622250228856
0.09135903298654471
0.09136530133069307
0.0913657308285299
0.09137235949615549
0.09137810127471138
0.09138465927264325
0.09139196133673924
0.09139983770733323
0.09140818800368296
0.09141724490515385
0.09142643370112248
0.09143602999495064
0.0914477888782654
0.0914489782845671
0.09148613151402055
0.09148383938098709
0.09149742421445195
0.09151100209799397
0.09152340898814798
0.09153671467938304
0.09155056074494752
nan
nan
nan
nan
nan
nan
0.09392818443556472
0.09401383057740234
0.09404675646094662
0.09408104684150043
0.09409543006900406
0.09410327478733521
0.09410350909658975
0.0940990822329657
0.09408858903662236
0.09407543739856357
0.09405399424701885
0.09402710372454234
0.09401359342748733
0.09399178834574809
0.09396491679214591
0.09393653608590934
0.09390683367196728
0.09387605348333483
0.09384428963083805
0.09381122973784682
0.09377673783808538
0.09373221240874735
0.09370860539978593
0.09367296503753722
0.09363781846977674
0.09360276198263942
0.09356774356171776
0.09353275652435411
0.09349784438620085
0.09346308833684906
0.093428548461994
0.0933942855954935
0.09336034182894695
0.09332681529264822
0.0932936116669577
0.09326103461421026
0.09322866017020005
0.09319746842730567
0.0931663004723735
0.09313557144425091
0.09310573825454066
0.09307651400513287
0.09304794494781643
0.09302008131725702
0.09299292764195244
0.09296650116722227
0.09294082079450446
0.09291590198039676
0.09289175847387932
0.09286840301346394
0.09284584711695963
0.09282410064361157
0.09280317299058465
0.09278307140278122
0.09276380004469599
0.09274537983447834
0.09272778017307005
0.09271103312800094
0.09269513696021882
0.09268008824891105
0.09266588497169252
0.09265252726077222
0.09264002257117868
0.09262835607127368
0.09261749336218195
0.09260753831025731
0.09259835370022898
0.092589869331186
0.09258318068005505
0.09257623590300548
0.09256930604415467
0.0925645486634371
0.09255988408839894
0.09255631532836535
0.0925533191832601
0.09255108244702695
0.09254954524491919
0.0925486809535861
0.09254848223822534
0.09254892279917268
0.09254998752708732
0.09255164690045618
0.09255375748759162
0.09255684723411207
0.09256007763352361
0.09256382759919221
0.09256805531641957
0.09257271772764403
0.09257772748408388
0.0925830193060911
0.09258882948828921
0.0925949038426446
0.09260120015036294
0.0926070673321464
nan
nan
nan
nan
nan
nan
nan
nan
nan
nan
nan
nan
nan
nan
nan
nan
nan
nan
nan
nan
0.09461434440396874
0.09463979704902006
0.09469554068319544
0.09472519820245297
0.09473758979683693
0.09475749045767196
0.09476792933539974
0.09477302978307393
0.09477847209890825
0.09477583850375107
0.09477298811000821
0.09476649791344033
0.09475796062831449
0.09474739361322176
0.09473159363810255
0.09471797388823161
0.09472824813895409
0.09466596333172175
0.09465924240591223
0.09463774447078659
0.09461251187477299
0.0945874088968909
0.09456292717232093
0.09454146309340197
0.09450571851197556
0.09448075714099431
0.09445341267379997
0.09442659451931662
0.09439880056712457
0.09437131949124986
0.09434383588552514
0.09431670381485775
0.09428997831041593
0.09426372972547323
0.09423791913038139
0.09421253135335379
0.09418761219687743
0.09416324298581091
0.0941394768000247
0.09411629902631913
0.09409366163975744
0.09407155143196783
0.09405001197836338
0.0940290931335764
0.09400879365748878
0.09398907087326437
0.09396990845832348
0.09395135542089295
0.09393345649728577
0.09391616372962674
0.09389942187222608
0.09388327906081109
0.09386775378697226
0.09385282464737432
0.09383850002700332
0.0938247571205008
0.09381160112545053
0.09379903427231762
0.09378704030181001
0.09377560461453077
0.09376469931529392
0.0937543220185082
0.0937445181822201
0.09373513802791414
0.0937262963211985
0.09371783623443015
0.0937100834714743
0.09370091516127026
0.09369816040325121
0.09366366500577372
0.09368045341391655
0.09368035295742953
0.0936748648546132
0.09366657661340813
0.09366179416524695
0.09365728540504575
0.09365254694875387
0.09364758804708431
0.09364291634595492
0.09363835222623987
nan
nan
nan
nan
nan
nan
nan
nan
nan
nan
nan
nan
nan
nan
nan
nan
nan
nan
nan
nan
nan
nan
nan
nan
nan
nan
nan
nan
nan
nan
nan
nan
nan
nan
nan
nan
nan
nan
nan
nan
nan
nan
nan
nan
nan
nan
nan
0.09526935199842075
nan
nan
nan
nan
nan
nan
nan
nan
nan
nan
nan
nan
nan
0.0952257432314807
0.09520652802097312
0.09519525073694016
0.0951851921737968
0.09517102539460101
0.0951702232072747
0.09515052162915649
0.09515702106781737
0.09515111520843367
0.0951425859852793
0.09513503382980826
0.09512858286506982
0.09511379802813678
0.0950887534647995
0.09507727831073674
0.09506462327838829
0.09504466499078759
0.09502864921477411
0.09501004820338249
0.09499129581421634
0.09497033124099444
0.09494701404686479
0.09492390278768129
0.09490515534575567
0.09488002374666765
0.0948472819211643
0.09482354700585263
0.09480219729898257
0.09477682663675879
0.09475182745996828
0.09472803254648471
0.09470365102469772
0.09467886769541584
0.09465406701490661
0.09463047680320794
0.09460642469814026
0.09458244050894477
0.09455799697683676
0.09453159178245077
nan
nan
nan
nan
nan
nan
nan
nan
nan
nan
nan
nan
nan
nan
nan
nan
nan
nan
nan
nan
nan
nan
nan
nan
nan
nan
nan
nan
nan
nan
nan
nan
nan
nan
nan
nan
nan
nan
nan
nan
nan
nan
nan
nan
nan
nan
nan
nan
nan
nan
nan
nan
nan
nan
nan
nan
nan
nan
nan
nan
nan
nan
nan
nan
nan
nan
nan
nan
nan
nan
nan
nan
nan
nan
nan
nan
nan
nan
nan
nan
nan
nan
nan
nan
nan
nan
nan
nan
nan
nan
nan
nan
nan
nan
nan
nan
nan
nan
nan
nan
