0.7076190430112255
0.7077068853675204
0.7077929637038141
0.7078772773802765
0.707959825345276
0.7080406060785265
0.708119618104257
0.7081968600552523
0.7082723305870854
0.7083460283663203
0.7084179520839549
0.7084881004770082
0.7085564722601767
0.7086230661511145
0.7086878809909296
0.7087509155483037
0.708812168603558
0.7088716389735215
0.7089293254800759
0.7089852269541911
0.7090393422364492
0.7090916701742509
0.7091422096227824
0.7091909594420175
0.7092379184972055
0.7092830856581618
0.709326459796582
0.7093680397879105
0.7094078245077037
0.7094458128334133
0.7094820036423826
0.7095163958108045
0.7095489882143107
0.7095797797267536
0.7096087692183848
0.7096359555581143
0.7096613376098724
0.7096849142346862
0.7097066842890751
0.7097266466240167
0.7097448000863135
0.7097611435163449
0.7097756757491751
0.7097883956140115
0.7097993019331612
0.7098083935225861
0.709815669192262
0.7098211277446491
0.7098247679750654
0.7098265886754795
0.7098265886232527
0.709824766597266
0.7098211213661358
0.7098156516911287
0.7098083563275843
0.7097992340249331
0.7097882835264424
0.709775503569456
0.709760892886422
0.7097444502037304
0.7097261742439195
0.7097060637249873
0.7096841173608858
0.7096603338623411
0.7096347119377846
0.7096072502930969
0.7095779476326105
0.7095468026602517
0.7095138140794607
0.7094789805945829
0.7094423009112717
0.7094037737378335
0.709363397785467
0.7093211717700427
0.7092770944114739
0.7092311644372037
0.7091833805810573
0.7091337415852523
0.7090822462014836
0.709028893192662
0.7089736813324219
0.7089166094084897
0.7088576762224815
0.7087968805918881
0.7087342213518685
0.708669697360762
0.7086033074783096
0.7085350505888904
0.7084649256526465
0.7083929315906758
0.7083190673644644
0.7082433319763818
0.7081657244543407
0.708086243859129
0.7080048892810509
0.7079216598467398
0.7078365547518939
0.7077495732105707
0.7076607142914935
0.7075699770846835
0.7076691177648994
0.7077593926301514
0.7078478378794768
0.7079344516872317
0.7080192272840533
0.7081021684669029
0.708183276397778
0.7082625496043176
0.7083399876942544
0.7084155907279668
0.7084893580407821
0.7085612887950333
0.7086313834173422
0.7086996404181317
0.7087660589531779
0.7088306388336328
0.7088933792721126
0.7089542795931001
0.7090133390966475
0.7090705570708979
0.7091259327992268
0.7091794654985973
0.7092311544561642
0.7092809990292535
0.7093289983484451
0.7093751514403681
0.7094194576968378
0.7094619168182992
0.7095025282499625
0.7095412909455013
0.7095782036900844
0.7096132654813911
0.7096464755879608
0.7096778333821878
0.7097073381884155
0.7097349892417267
0.7097607857191592
0.7097847267779396
0.709806811574208
0.7098270392676463
0.7098454090172104
0.7098619199788705
0.7098765713027535
0.7098893621345959
0.7099002916138606
0.7099093588754845
0.709916563048964
0.7099219032600004
0.7099253786278914
nan
nan
0.7099246068159052
0.7099206139350325
0.7099147517534616
0.7099070193699617
0.7098974158812087
0.7098859403813977
0.7098725919639429
0.7098573697204564
0.7098402727427069
0.7098213001216928
0.709800450950054
0.7097777243235364
0.7097531193454748
0.709726635130749
0.709698270808226
0.7096680255022989
0.7096358982980182
0.7096018882025632
0.7095659941717424
0.7095282152522369
0.7094885507568278
0.7094470002423368
0.7094035631673351
0.7093582385680552
0.70931102524796
0.7092619222906242
0.7092109291265005
0.7091580451269677
0.709103269512537
0.7090466016039263
0.7089880408146066
0.7089275865487583
0.7088652382581335
0.7088009954244647
0.7087348576128425
0.708666824609744
0.7085968954663282
0.7085250702701503
0.7084513495480368
0.7083757325838249
0.7082982198306145
0.7082188114042294
0.7081375074600962
0.7080543097389587
0.707969220046996
0.7078822367765212
0.7077933643310186
0.707702620102037
0.7076099743213063
0.7078452847406473
0.7079417648558859
0.7080362068503853
0.7081286155325899
0.7082189981033666
0.7083073593507168
0.7083937032100794
0.7084780338506584
0.7085603557239931
0.7086406710985077
0.708718978822418
0.708795290671105
0.708869604680999
0.7089419226290816
0.7090122475595442
0.709080581611889
0.7091469268638544
0.7092112852306546
0.7092736585433614
0.709334048569157
0.7093924568948792
0.7094488852372851
0.7095033348838763
0.7095558068597185
0.7096063031968053
0.7096548252766435
0.7097013724585312
0.7097459453727504
0.7097885480471005
0.7098291844792555
0.709867855052823
0.7099045575975875
0.709939290623
0.7099720547106314
0.7100028516663558
0.7100316832465664
0.7100585506165569
0.7100834544594077
0.710106395248532
0.7101273734219644
0.7101463894279068
0.7101634437182887
0.7101785367266198
0.7101916688597018
0.7102028404923483
0.7102120519676492
0.7102193036011224
0.7102245956793269
nan
nan
nan
nan
nan
0.7102152105090485
0.7102067917600067
0.7101964149472382
0.7101840801774497
0.7101697875439819
0.7101535371271902
0.710135328995875
0.7101151632058642
0.7100930398030778
0.7100689588368346
0.7100429203860126
0.7100149246028831
0.7099849717200913
0.7099530619361201
0.7099191951089584
0.7098833704287321
0.7098455865932016
0.7098058429238561
0.7097641407290468
0.7097204829812452
0.709674871566084
0.7096273051324979
0.7095777810580357
0.7095262990160982
0.709472860490319
0.7094174658945104
0.7093601148869533
0.709300807906353
0.7092395454791439
0.7091763278837371
0.7091111556043165
0.7090440291450751
0.7089749490775534
0.7089039160918252
0.7088309310415146
0.7087559948397635
0.7086791074347917
0.7086002724291791
0.7085194904484177
0.7084367618824985
0.708352089533365
0.7082654760214631
0.7081769241268012
0.7080864365197633
0.707994018727251
0.7078996762974545
0.707803412163949
0.7081467466357847
0.7082542195409522
0.7083592028270209
0.7084617500520122
0.7085618994983117
0.7086596542840146
0.708755124967045
0.7088480223439985
0.7089386843595828
0.7090270507624947
0.7091130799142442
0.7091968015183612
0.7092782260065705
0.7093573651271303
0.7094342293011814
0.7095088223760055
0.70958116058686
0.7096512501455713
0.7097190989409538
0.709784714887868
0.7098481055379404
0.7099092779556422
0.7099682391671972
0.7100249958839547
0.7100795531215038
0.7101319183660487
0.7101820980959688
0.7102300911524696
0.7102759006655577
0.7103195437825685
0.7103610371598924
0.7104003820506163
0.7104375704191275
0.7104725987408183
0.7105054719511074
0.7105361985733017
0.7105647858769649
0.7105912387232717
0.7106155605437315
0.7106377543740192
0.710657823276354
0.7106757703634459
0.7106915987195767
0.7107053113470813
0.7107169111445002
nan
nan
nan
nan
nan
nan
nan
nan
nan
nan
nan
nan
0.710676595308257
0.7106588717536493
0.7106390694022722
0.7106171901036616
0.7105932356650204
0.7105672078428483
0.7105391083452768
0.7105089389010552
0.7104767014603768
0.7104423984549748
0.7104060327085884
0.7103676063337547
0.7103271187291842
0.7102845659826047
0.7102399449475962
0.710193260311663
0.7101445250216908
0.7100937486337296
0.7100409275989775
0.7099860539946115
0.7099291289568793
0.7098701582202208
0.7098091431176206
0.7097460844564771
0.7096809850266996
0.7096138467463788
0.7095446715450283
0.70947346160857
0.7094002190752258
0.7093249462616947
0.7092476455357952
0.7091683194538616
0.7090869706728286
0.709003601873546
0.7089182171929563
0.708830810588978
0.7087413951490422
0.7086500081100896
0.7085565864855164
0.7084611739092477
0.7083637698703615
0.708264380599638
0.7081630122142839
0.7084854704432193
0.7086180797165981
0.7087458840001835
0.7088703880634117
0.7089886748711492
0.7091032584617083
0.7092161548485973
0.7093253980924985
0.7094314061838027
0.7095342883199186
0.7096341090380325
0.7097309428418391
0.7098248358821283
0.7099158326393679
0.7100039715593701
0.7100892916618949
0.7101718188217345
0.7102515812547733
0.7103286678120797
0.7104030881664816
0.7104745229216949
0.710542696680796
0.7106082873950926
0.7106728017432231
0.7107369044836883
0.7107993669162364
0.710858019292467
0.7109115403130875
0.7109605143928244
0.7110067218289279
0.7110514465165676
0.7110947661507062
0.7111361270179262
0.7111750617211242
0.7112114283025017
0.711245288276913
0.7112767312159707
0.7113058006148572
0.711332502912359
0.7113568355954998
0.711378801323973
0.7113984080371945
nan
nan
nan
nan
nan
nan
nan
nan
nan
nan
nan
nan
nan
nan
nan
nan
nan
nan
nan
nan
0.7112777463232199
0.7112471402169215
0.7112143126721654
0.7111792683454994
0.7111420117092075
0.7111025468282528
0.7110608776049776
0.7110170091830259
0.7109709499507256
0.7109227099615127
0.7108722913381255
0.7108196791816979
0.7107648557578164
0.7107078348449103
0.710648661414996
0.7105873574758821
0.7105239013913747
0.7104582783985925
0.7103905002751695
0.7103205750851638
0.710248506212983
0.7101742957274638
0.7100979473754145
0.7100194751710356
0.7099388787012559
0.7098561599015897
0.7097713265256673
0.7096843820868869
0.7095953295620718
0.7095041739485655
0.7094109270577647
0.7093156090149634
0.709218237795676
0.709118805660849
0.7090172718078195
0.7089133533169909
0.7088075493788215
0.7086994928001661
0.7087804156622568
0.7088711410576441
0.7090853107201123
0.7095966279679491
0.7094332142363788
0.7091893255173018
0.7090929301418337
0.7096233284820824
0.7097845703381506
0.7099380448571321
0.7100830387651058
0.7102183816027673
0.7103419455682753
0.7104570482540309
0.7105692406064494
0.7106784236759587
0.7107835370198619
0.7108842263891147
0.7109809736179018
0.7110738790576423
0.7111630609003892
0.7112485954320019
0.7113305293365833
0.7114090053926683
0.7114840709516247
0.71155572010578
0.7116241889979023
0.7116899769480751
0.7117524685574237
0.7118108872130271
0.7118658967625816
0.7119183121980571
0.7119680664294377
0.7120148429250891
0.7120586063273382
0.7120994376562679
0.7121373854205091
0.7121724777910762
0.7122047394427808
0.7122341954150955
0.8203097973539465
nan
nan
nan
nan
nan
nan
nan
nan
nan
nan
nan
nan
nan
nan
nan
nan
nan
nan
nan
nan
nan
nan
nan
nan
nan
nan
nan
0.7119476769390367
0.7119004408740754
0.7118508149280682
0.711798807626792
0.7117444282882393
0.7116876868410185
0.711628590542106
0.7115671397633451
0.7115033396168221
0.7114372253852241
0.7113688377099903
0.7112981554161182
0.7112251395292161
0.7111498077692439
0.7110721458845114
0.7109922247204389
0.7109104931772143
0.7108271040873737
0.7107407805159174
0.7106501366775412
0.7105564704114178
0.7104623803284849
0.7103677813917786
0.7102707769150056
0.7101709419315445
0.7100688259056267
0.7099645629638479
0.7098581311608594
0.7097495509211844
0.7096388450473851
0.709526020436138
0.7094111115192894
nan
0.7071516611334633
0.7083118564739631
0.7081869696126277
0.708095453082224
0.708586146198233
0.7089399068338604
0.7092232135052913
0.709428524331089
0.7097080869815429
0.7100047122527235
0.7108036534853206
0.7105988158641069
0.7103661510700771
0.710147718178118
0.7107080239357076
0.7109363718229968
0.71111577366366
0.7112753813921601
0.7114227007167284
0.71156125771217
0.7116903685234726
0.7118131560380999
0.7119295396217132
0.7120396470143132
0.7121443126286651
0.7122424194164367
0.7123399711443107
0.7124399287676141
0.7125184402352205
0.7125863099170129
0.7126597928973388
0.7127322828630247
0.7127989179958969
0.7128610871727405
0.7129193193448613
0.7129736016291272
0.8173276149227668
0.8173919319665313
0.8174556535477788
0.8175186895528226
0.8175809672574005
0.8176425168438457
nan
nan
nan
nan
nan
nan
nan
nan
nan
0.8181853838977519
0.818216729051233
0.8182530122078248
0.8182965343639352
0.8183455668199857
0.8183954913857094
0.8184423729135949
0.818484907663821
nan
nan
nan
nan
nan
nan
nan
nan
nan
nan
nan
nan
nan
nan
0.7126268917455595
0.7125617200895151
0.7124939476235128
0.7124235833437199
0.7123506241685956
0.7122751455128121
0.7121971729883949
0.7121161444695971
0.712031959307321
0.7119467126410195
0.7118607331143458
0.7117709679675988
0.7116774110791972
0.7115818471788065
0.7114840492535008
0.7113838457038426
0.7112813116950538
0.7111764158672412
0.7110691527125743
0.710959614987609
0.7108478147555026
0.7107337782769382
0.7106175259242412
0.7104992141068105
0.7103786128340994
0.7102561790599142
nan
nan
nan
nan
nan
nan
nan
nan
nan
nan
nan
nan
nan
nan
nan
nan
nan
nan
nan
nan
nan
nan
nan
nan
nan
nan
0.7120862856053385
0.7122650630762852
0.7124305448663386
0.7125853490198236
0.7127264471483328
0.7128915143444735
0.713026645736699
0.7130979733541523
0.8148322461874644
nan
nan
nan
nan
0.8150483393502154
0.8150944246278078
0.8151414863144593
0.8151896383912209
0.8152386350754646
0.8152880761046536
0.8153377233218416
0.8153875040042824
0.8154373498814786
0.815487151688438
0.8155368009047169
0.8155862046531354
0.815635276806815
0.8156839372828705
0.8157321136327743
nan
nan
nan
nan
nan
nan
nan
nan
0.8161342174451232
0.8161742489951878
0.8162127978967636
0.8162501086512133
0.8162866994430658
0.8163228877742653
0.8163584995899598
0.816393053279806
0.8164261711272788
0.8164577833435744
0.8164880311686379
0.8165170783425593
0.8165450087372028
0.816571827957115
0.8165975096524876
0.8166220343069981
0.8166454023848371
0.816667627780356
0.8166887278439177
0.7130949378938325
0.7130082789461574
0.7129185543801857
0.712826078261211
0.7127311852360229
0.7126276105914402
0.7125196587320706
0.7124269310909104
0.71233149720551
0.7122188402335597
0.7121051950670243
0.7119906852793262
0.7118734395268868
0.7117537158419203
0.7116315323496811
0.7115072856675436
0.7113808461159846
0.7112488129994544
0.7111174201036842
nan
nan
nan
nan
nan
nan
nan
nan
nan
nan
nan
nan
nan
nan
nan
nan
nan
nan
nan
nan
nan
nan
nan
nan
nan
nan
nan
nan
nan
nan
nan
nan
nan
nan
nan
nan
nan
nan
nan
nan
nan
nan
nan
nan
nan
nan
nan
0.8136786949393968
0.813695450854298
0.8137142268464173
0.8137350404273545
0.8137576935241855
0.8137818827973575
0.8138074019120629
0.8138341265241976
0.813861952972734
nan
nan
nan
nan
nan
nan
0.8140784715977042
0.8141113967390452
0.8141445959524207
0.8141780134785119
0.8142116065027809
0.8142452747539721
0.8142788579256761
0.8143124466297247
0.8143464043957791
0.8143805696527868
0.8144142712690796
0.8144474903376544
0.8144806100943495
0.8145136575932218
0.8145466232465448
0.8145793509049273
0.8146116684960336
0.8146437601956285
0.8146756138917881
0.8147071381696522
0.8147383899111447
0.8147694537664106
0.8148001762852283
0.8148298418059488
0.814858469589188
nan
0.7131309541356546
0.7129884394899726
0.7128913065943535
0.712819685871099
0.7126999376044245
0.7125678324873052
0.7124422726211739
0.7123131140080702
0.7121813563223053
0.7120474264363226
0.7119109418580316
0.7117715428884518
nan
nan
nan
nan
nan
nan
nan
nan
nan
nan
nan
nan
nan
nan
nan
nan
nan
nan
nan
nan
nan
nan
nan
nan
nan
nan
nan
nan
nan
nan
nan
nan
nan
nan
nan
nan
nan
nan
nan
nan
nan
nan
nan
nan
nan
nan
nan
nan
nan
nan
nan
nan
nan
nan
nan
nan
nan
nan
nan
nan
nan
nan
nan
nan
nan
nan
nan
nan
nan
nan
nan
nan
nan
nan
nan
nan
nan
nan
nan
nan
nan
nan
nan
nan
nan
nan
nan
nan
nan
nan
nan
nan
nan
nan
nan
nan
nan
nan
nan
nan
