6.695090487288698e-07
6.427314191908924e-07
6.165002718883838e-07
5.908156068213443e-07
5.656774239897736e-07
5.410857233936721e-07
5.17040505033039e-07
4.935417689078751e-07
4.705895150181801e-07
4.4818374336395413e-07
4.2632445394519695e-07
4.05011646761909e-07
3.8424532181408965e-07
3.640254791017394e-07
3.44352118624858e-07
3.2522524038344546e-07
3.06644844377502e-07
2.8861093060702735e-07
2.7112349907202167e-07
2.541825497724849e-07
2.3778808270841703e-07
2.2194009787981825e-07
2.0663859528668827e-07
1.9188357492902716e-07
1.776750368068351e-07
1.640129809201119e-07
1.5089740726885763e-07
1.383283158530723e-07
1.2630570667275588e-07
1.148295797279084e-07
1.0389993501852985e-07
9.351677254462024e-08
8.368009230617954e-08
7.438989430320776e-08
6.56461785357049e-08
5.7448945003671e-08
4.9798193707106015e-08
4.2693924646009954e-08
3.613613782038283e-08
3.012483323022462e-08
2.466001087553534e-08
1.9741670756315017e-08
1.5369812872563597e-08
1.15444372242811e-08
8.265543811467534e-09
5.533132634122894e-09
3.347203692247173e-09
1.7077569858403926e-09
6.14792514902548e-10
6.831027943361733e-11
6.83102794336146e-11
6.147925149025398e-10
1.7077569858403926e-09
3.347203692247173e-09
5.533132634122883e-09
8.265543811467519e-09
1.154443722428108e-08
1.5369812872563577e-08
1.9741670756314997e-08
2.466001087553534e-08
3.012483323022462e-08
3.613613782038283e-08
4.2693924646009954e-08
4.9798193707106015e-08
5.7448945003671e-08
6.56461785357049e-08
7.438989430320776e-08
8.368009230617954e-08
9.351677254462024e-08
1.0389993501852985e-07
1.148295797279084e-07
1.2630570667275588e-07
1.383283158530723e-07
1.5089740726885763e-07
1.640129809201119e-07
1.776750368068351e-07
1.9188357492902726e-07
2.0663859528668827e-07
2.2194009787981825e-07
2.3778808270841713e-07
2.54182549772485e-07
2.711234990720216e-07
2.8861093060702725e-07
3.0664484437750193e-07
3.2522524038344536e-07
3.4435211862485784e-07
3.640254791017392e-07
3.842453218140896e-07
4.050116467619089e-07
4.2632445394519695e-07
4.4818374336395413e-07
4.705895150181801e-07
4.935417689078753e-07
5.17040505033039e-07
5.410857233936721e-07
5.656774239897736e-07
5.908156068213441e-07
6.165002718883838e-07
6.42731419190892e-07
6.695090487288698e-07
6.275907428917751e-07
6.016749653319298e-07
5.763056700075535e-07
5.514828569186463e-07
5.27206526065208e-07
5.034766774472387e-07
4.80293311064738e-07
4.576564269177063e-07
4.355660250061436e-07
4.140221053300499e-07
3.93024667889425e-07
3.7257371268426924e-07
3.5266923971458223e-07
3.3331124898036423e-07
3.1449974048161507e-07
2.9623471421833487e-07
2.785161701905236e-07
2.6134410839818125e-07
2.4471852884130784e-07
2.2863943151990333e-07
2.1310681643396775e-07
1.9812068358350122e-07
1.8368103296850348e-07
1.697878645889747e-07
1.5644117844491488e-07
1.4364097453632392e-07
1.3138725286320196e-07
1.1968001342554887e-07
1.0851925622336472e-07
9.790498125664953e-08
8.783718852540322e-08
7.83158780296259e-08
6.934104976931744e-08
6.091270374447794e-08
5.303083995510738e-08
4.5695458401205725e-08
3.8906559082773026e-08
3.266414199980923e-08
2.6968207152314375e-08
2.1818754540288435e-08
1.7215784163731426e-08
1.3159296022643368e-08
9.649290117024218e-09
6.685766446873992e-09
4.268725012192696e-09
2.3981658129803267e-09
1.0740888492368804e-09
2.9649412096237013e-10
6.538162815678694e-11
3.807513708201266e-10
1.2426033489523938e-09
2.6509375625535895e-09
4.6057540116237125e-09
7.107052696162763e-09
1.0154833616170745e-08
1.374909677164765e-08
1.7889842162593483e-08
2.257706978900825e-08
2.781077965089194e-08
3.3590971748244554e-08
3.9917646081066096e-08
4.6790802649356575e-08
5.4210441453115986e-08
6.21765624923443e-08
7.068916576704157e-08
7.974825127720774e-08
8.935381902284286e-08
9.950586900394693e-08
1.1020440122051986e-07
1.2144941567256178e-07
1.3324091236007256e-07
1.4557889128305235e-07
1.5846335244150098e-07
1.7189429583541862e-07
1.8587172146480513e-07
2.003956293296606e-07
2.1546601942998502e-07
2.310828917657783e-07
2.472462463370406e-07
2.6395608314377174e-07
2.8121240218597185e-07
2.990152034636407e-07
3.1736448697677865e-07
3.3626025272538555e-07
3.557025007094613e-07
3.7569123092900606e-07
3.962264433840197e-07
4.173081380745023e-07
4.3893631500045386e-07
4.6111097416187426e-07
4.838321155587638e-07
5.07099739191122e-07
5.309138450589495e-07
5.552744331622455e-07
5.801815035010109e-07
6.056350560752446e-07
6.316350908849473e-07
6.581816079301195e-07
6.852746072107598e-07
7.1291408872687e-07
5.871591712155859e-07
5.621052456338728e-07
5.375978022876288e-07
5.136368411768539e-07
4.902223623015475e-07
4.673543656617106e-07
4.450328512573422e-07
4.232578190884427e-07
4.020292691550124e-07
3.8134720145705095e-07
3.612116159945582e-07
3.4162251276753485e-07
3.2257989177597995e-07
3.040837530198943e-07
2.8613409649927745e-07
2.687309222141294e-07
2.518742301644504e-07
2.3556402035024042e-07
2.198002927714993e-07
2.04583047428227e-07
1.8991228432042373e-07
1.7578800344808945e-07
1.6221020481122401e-07
1.4917888840982745e-07
1.366940542438999e-07
1.2475570231344125e-07
1.1336383261845153e-07
1.0251844515893073e-07
9.221953993487886e-08
8.246711694629593e-08
7.326117619318192e-08
6.460171767553684e-08
5.648874139336068e-08
4.892224734665344e-08
4.190223553541514e-08
3.542870595964577e-08
2.950165861934532e-08
2.4121093514513803e-08
1.9287010645151216e-08
1.499941001125755e-08
1.1258291612832811e-08
8.06365544987702e-09
5.415501522390138e-09
3.3138298303721823e-09
1.7586403738231562e-09
7.499331527430571e-10
2.877081671318852e-10
3.719654169896449e-10
1.002704902316323e-09
2.1799266231119335e-09
3.90363057937647e-09
6.173816771109936e-09
8.99048519831233e-09
1.235363586098365e-08
1.62632687591239e-08
2.0719383892733076e-08
2.572198126181118e-08
3.127106086635822e-08
3.736662270637417e-08
4.4008666781859056e-08
5.119719309281289e-08
5.893220163923563e-08
6.72136924211273e-08
7.60416654384879e-08
8.541612069131742e-08
9.533705817961588e-08
1.0580447790338325e-07
1.1681837986261958e-07
1.283787640573248e-07
1.4048563048749897e-07
1.5313897915314203e-07
1.663388100542541e-07
1.8008512319083505e-07
1.943779185628849e-07
2.0921719617040366e-07
2.246029560133915e-07
2.405351980918481e-07
2.5701392240577366e-07
2.740391289551683e-07
2.9161081774003167e-07
3.09728988760364e-07
3.283936420161652e-07
3.476047775074354e-07
3.673623952341745e-07
3.8766649519638254e-07
4.085170773940596e-07
4.2991414182720555e-07
4.518576884958203e-07
4.743477173999043e-07
4.973842285394569e-07
5.209672219144785e-07
5.450966975249691e-07
5.697726553709289e-07
5.94995095452357e-07
6.207640177692546e-07
6.470794223216205e-07
6.739413091094557e-07
7.0134967813276e-07
7.293045293915327e-07
7.578058628857751e-07
5.482143337003016e-07
5.240222600967208e-07
5.003766687286091e-07
4.772775595959664e-07
4.547249326987924e-07
4.327187880370878e-07
4.112591256108516e-07
3.903459454200845e-07
3.6997924746478636e-07
3.501590317449572e-07
3.308852982605968e-07
3.121580470117056e-07
2.939772779982831e-07
2.763429912203297e-07
2.59255186677845e-07
2.4271386437082935e-07
2.2671902429928267e-07
2.1127066646320483e-07
1.96368790862596e-07
1.82013397497456e-07
1.68204486367785e-07
1.5494205747358298e-07
1.422261108148498e-07
1.3005664639158555e-07
1.1843366420379026e-07
1.0735716425146386e-07
9.682714653460643e-08
8.684361105321789e-08
7.740655780729831e-08
6.851598679684763e-08
6.017189802186591e-08
5.2374291482353076e-08
4.512316717830921e-08
3.841852510973423e-08
3.22603652766282e-08
2.6648687678991095e-08
2.158349231682292e-08
1.7064779190123672e-08
1.3092548298893355e-08
9.666799643131959e-09
6.787533222839492e-09
4.4547490380159655e-09
2.6684470886613545e-09
1.428627374775669e-09
7.352898963589129e-10
5.884346534110845e-10
9.880616459321872e-10
1.9341708739222168e-09
3.426762337381156e-09
5.465836036309037e-09
8.051391970705843e-09
1.118343014057158e-08
1.4861950545906244e-08
1.9086953186709834e-08
2.3858438062982357e-08
2.9176405174723802e-08
3.5040854521934174e-08
4.1451786104613477e-08
4.840919992276172e-08
5.5913095976378855e-08
6.396347426546496e-08
7.256033479001998e-08
8.170367755004391e-08
9.13935025455368e-08
1.0162980977649857e-07
1.1241259924292932e-07
1.2374187094482894e-07
1.3561762488219755e-07
1.4803986105503506e-07
1.610085794633415e-07
1.7452378010711685e-07
1.885854629863611e-07
2.0319362810107436e-07
2.1834827545125652e-07
2.3404940503690758e-07
2.5029701685802763e-07
2.6709111091461654e-07
2.844316872066744e-07
3.023187457342012e-07
3.207522864971969e-07
3.3973230949566155e-07
3.59258814729595e-07
3.793318021989974e-07
3.9995127190386884e-07
4.2111722384420914e-07
4.428296580200185e-07
4.650885744312966e-07
4.878939730780438e-07
5.112458539602599e-07
5.351442170779448e-07
5.595890624310987e-07
5.845803900197216e-07
6.101181998438135e-07
6.362024919033741e-07
6.62833266198404e-07
6.900105227289021e-07
7.177342614948696e-07
7.460044824963062e-07
7.748211857332112e-07
8.041843712055859e-07
5.107562303459228e-07
4.874260087204742e-07
4.6464226933049493e-07
4.4240501217598445e-07
4.2071423725694276e-07
3.9956994457337035e-07
3.7897213412526646e-07
3.5892080591263157e-07
3.3941595993546574e-07
3.204575961937688e-07
3.020457146875407e-07
2.8418031541678174e-07
2.6686139838149155e-07
2.5008896358167037e-07
2.33863011017318e-07
2.181835406884346e-07
2.0305055259502018e-07
1.8846404673707462e-07
1.7442402311459803e-07
1.6093048172759034e-07
1.4798342257605157e-07
1.3558284565998184e-07
1.2372875097938092e-07
1.1242113853424893e-07
1.0166000832458594e-07
9.144536035039179e-08
8.177719461166665e-08
7.265551110841037e-08
6.408030984062305e-08
5.605159080830465e-08
4.856935401145517e-08
4.163359945007464e-08
3.5244327124163016e-08
2.9401537033720314e-08
2.4105229178746557e-08
1.9355403559241724e-08
1.5152060175205822e-08
1.149519902663884e-08
8.384820113540792e-09
5.820923435911667e-09
3.8035089937514705e-09
2.33257678706021e-09
1.4081268158378684e-09
1.0301590800844534e-09
1.1986735797999674e-09
1.9136703149844092e-09
3.175149285637786e-09
4.983110491760086e-09
7.337553933351286e-09
1.0238479610411439e-08
1.3685887522940514e-08
1.7679777670938522e-08
2.2220150054405457e-08
2.7307004673341313e-08
3.29403415277461e-08
3.912016061761982e-08
4.5846461942962476e-08
5.3119245503774046e-08
6.093851130005454e-08
6.930425933180398e-08
7.821648959902231e-08
8.767520210170963e-08
9.768039683986582e-08
1.0823207381349097e-07
1.1933023302258504e-07
1.3097487446714803e-07
1.431659981471799e-07
1.5590360406268085e-07
1.691876922136506e-07
1.8301826260008928e-07
1.973953152219969e-07
2.123188500793735e-07
2.2778886717221895e-07
2.438053665005334e-07
2.6036834806431673e-07
2.77477811863569e-07
2.951337578982903e-07
3.1333618616848037e-07
3.3208509667413944e-07
3.5138048941526737e-07
3.712223643918643e-07
3.9161072160393e-07
4.125455610514647e-07
4.340268827344684e-07
4.5605468665294103e-07
4.786289728068825e-07
5.01749741196293e-07
5.254169918211724e-07
5.496307246815208e-07
5.74390939777338e-07
5.996976371086241e-07
6.255508166753794e-07
6.519504784776035e-07
6.788966225152963e-07
7.063892487884584e-07
7.344283572970889e-07
7.630139480411888e-07
7.921460210207577e-07
8.218245762357948e-07
8.520496136863016e-07
4.7478486115244933e-07
4.5231649150513307e-07
4.30394604093286e-07
4.0901919891690776e-07
3.8819027597599835e-07
3.679078352705582e-07
3.481718768005866e-07
3.28982400566084e-07
3.1033940656705036e-07
2.922428948034857e-07
2.7469286527538994e-07
2.5768931798276324e-07
2.4123225292560527e-07
2.2532167010391636e-07
2.099575695176963e-07
1.9513995116694513e-07
1.80868815051663e-07
1.671441611718497e-07
1.539659895275054e-07
1.4133430011862997e-07
1.2924909294522345e-07
1.1771036800728599e-07
1.0671812530481736e-07
9.627236483781763e-08
8.63730866062869e-08
7.702029061022504e-08
6.821397684963214e-08
5.995414532450813e-08
5.224079603485307e-08
4.5073928980666954e-08
3.845354416194975e-08
3.2379641578701477e-08
2.685222123092213e-08
2.18712831186117e-08
1.7436827241770213e-08
1.354885360039765e-08
1.0207362194494014e-08
7.412353024059305e-09
5.163826089093526e-09
3.461781389596671e-09
2.3062189255687462e-09
1.6971386970097508e-09
1.6345407039196791e-09
2.1184249462985352e-09
3.148791424146319e-09
4.725640137463031e-09
6.848971086248683e-09
9.518784270503252e-09
1.2735079690226712e-08
1.6497857345419137e-08
2.0807117236080483e-08
2.5662859362210758e-08
3.106508372380995e-08
3.7013790320878086e-08
4.3508979153415156e-08
5.0550650221421144e-08
5.8138803524896056e-08
6.627343906383991e-08
7.495455683825266e-08
8.418215684813437e-08
9.395623909348499e-08
1.0427680357430455e-07
1.1514385029059305e-07
1.2655737924235043e-07
1.3851739042957682e-07
1.5102388385227202e-07
1.6407685951043623e-07
1.7767631740406939e-07
1.9182225753317141e-07
2.0651467989774242e-07
2.2175358449778227e-07
2.3753897133329113e-07
2.538708404042689e-07
2.707491917107156e-07
2.8817402525263113e-07
3.0614534103001574e-07
3.2466313904286924e-07
3.4372741929119153e-07
3.6333818177498294e-07
3.834954264942431e-07
4.0419915344897233e-07
4.254493626391703e-07
4.4724605406483727e-07
4.695892277259733e-07
4.924788836225781e-07
5.159150217546519e-07
5.398976421221947e-07
5.644267447252064e-07
5.895023295636872e-07
6.151243966376366e-07
6.41292945947055e-07
6.680079774919423e-07
6.95269491272299e-07
7.23077487288124e-07
7.514319655394182e-07
7.80332926026181e-07
8.097803687484129e-07
8.397742937061142e-07
8.703147008992836e-07
9.014015903279229e-07
4.40300226119881e-07
4.186937084506971e-07
3.976336730169822e-07
3.7712011981873626e-07
3.571530488559591e-07
3.3773246012865125e-07
3.188583536368119e-07
3.005307293804417e-07
2.8274958735954023e-07
2.6551492757410785e-07
2.488267500241444e-07
2.3268505470964993e-07
2.1708984163062431e-07
2.0204111078706765e-07
1.875388621789798e-07
1.7358309580636097e-07
1.6017381166921108e-07
1.4731100976753006e-07
1.3499469010131802e-07
1.2322485267057485e-07
1.1200149747530063e-07
1.0132462451549543e-07
9.119423379115905e-08
8.16103253022916e-08
7.257289904889314e-08
6.408195503096355e-08
5.613749324850292e-08
4.873951370151119e-08
4.188801638998841e-08
3.558300131393455e-08
2.982446847334962e-08
2.4612417868233612e-08
1.9946849498586537e-08
1.5827763364408382e-08
1.2255159465699162e-08
9.229037802458869e-09
6.749398374687504e-09
4.8162411823850655e-09
3.4295662255515564e-09
2.5893735041869728e-09
2.295663018291318e-09
2.5484347678645894e-09
3.347688752906787e-09
4.693424973417915e-09
6.585643429397967e-09
9.024344120846952e-09
1.2009527047764877e-08
1.5541192210151715e-08
1.961933960800744e-08
2.4243969241332133e-08
2.941508111012575e-08
3.51326752143883e-08
4.139675155411977e-08
4.820731012932017e-08
5.55643509399895e-08
6.346787398612777e-08
7.191787926773493e-08
8.091436678481106e-08
9.04573365373561e-08
1.0054678852537006e-07
1.1118272274885298e-07
1.223651392078048e-07
1.3409403790222557e-07
1.4636941883211525e-07
1.5919128199747383e-07
1.7255962739830134e-07
1.8647445503459782e-07
2.0093576490636322e-07
2.1594355701359752e-07
2.3149783135630078e-07
2.47598587934473e-07
2.6424582674811406e-07
2.8143954779722403e-07
2.991797510818031e-07
3.1746643660185093e-07
3.362996043573677e-07
3.556792543483536e-07
3.756053865748082e-07
3.9607800103673173e-07
4.1709709773412425e-07
4.386626766669858e-07
4.607747378353159e-07
4.834332812391151e-07
5.066383068783835e-07
5.303898147531206e-07
5.546878048633267e-07
5.795322772090016e-07
6.049232317901457e-07
6.308606686067585e-07
6.573445876588402e-07
6.843749889463912e-07
7.119518724694108e-07
7.400752382278995e-07
7.687450862218569e-07
7.979614164512835e-07
8.277242289161785e-07
8.580335236165427e-07
8.888893005523761e-07
9.202915597236779e-07
9.522403011304496e-07
4.073023252482181e-07
3.865576595571665e-07
3.663594761015839e-07
3.4670777488147017e-07
3.276025558968253e-07
3.090438191476497e-07
2.9103156463394263e-07
2.735657923557046e-07
2.566465023129355e-07
2.402736945056354e-07
2.2444736893380415e-07
2.09167525597442e-07
1.9443416449654857e-07
1.8024728563112418e-07
1.6660688900116867e-07
1.5351297460668205e-07
1.4096554244766443e-07
1.289645925241157e-07
1.1751012483603593e-07
1.0660213938342505e-07
9.624063616628309e-08
8.642561518461016e-08
7.715707643840605e-08
6.843501992767086e-08
6.025944565240466e-08
5.263035361260735e-08
4.5547743808279006e-08
3.901161623941954e-08
3.302197090602903e-08
2.7578807808107442e-08
2.268212694565478e-08
1.833192831867105e-08
1.452821192715624e-08
1.1270977771110358e-08
8.56022585053341e-09
6.395956165425386e-09
4.778168715786293e-09
3.7068635016161244e-09
3.182040522914885e-09
3.2036997796825726e-09
3.77184127191919e-09
4.886464999624727e-09
6.5475709627991954e-09
8.755159161442594e-09
1.1509229595554918e-08
1.4809782265136174e-08
1.865681717018637e-08
2.305033431070548e-08
2.7990333686693466e-08
3.347681529815042e-08
3.950977914507633e-08
4.608922522747114e-08
5.321515354533488e-08
6.088756409866755e-08
6.910645688746915e-08
7.787183191173968e-08
8.718368917147915e-08
9.704202866668752e-08
1.0744685039736484e-07
1.1839815436351107e-07
1.2989594056512626e-07
1.4194020900221036e-07
1.5453095967476334e-07
1.676681925827853e-07
1.8135190772627623e-07
1.95582105105236e-07
2.1035878471966468e-07
2.2568194656956244e-07
2.41551590654929e-07
2.579677169757645e-07
2.7493032553206894e-07
2.9243941632384234e-07
3.1049498935108464e-07
3.290970446137959e-07
3.48245582111976e-07
3.679406018456251e-07
3.8818210381474313e-07
4.0897008801933e-07
4.303045544593859e-07
4.521855031349107e-07
4.7461293404590446e-07
4.97586847192367e-07
5.211072425742985e-07
5.45174120191699e-07
5.697874800445683e-07
5.949473221329067e-07
6.20653646456714e-07
6.469064530159901e-07
6.737057418107354e-07
7.010515128409494e-07
7.289437661066323e-07
7.573825016077845e-07
7.863677193444055e-07
8.158994193164949e-07
8.459776015240538e-07
8.766022659670811e-07
9.077734126455778e-07
9.394910415595436e-07
9.717551527089775e-07
1.0045657460938812e-06
3.757911585374605e-07
3.559083448245411e-07
3.365720133470908e-07
3.1778216410510937e-07
2.995387970985967e-07
2.818419123275534e-07
2.6469150979197866e-07
2.4808758949187286e-07
2.3203015142723605e-07
2.165191955980682e-07
2.0155472200436924e-07
1.871367306461393e-07
1.732652215233782e-07
1.5994019463608607e-07
1.4716164998426282e-07
1.3492958756790847e-07
1.2324400738702313e-07
1.1210490944160666e-07
1.0151229373165918e-07
9.146616025718056e-08
8.196650901817087e-08
7.301334001463019e-08
6.460665324655836e-08
5.6746448713955457e-08
4.943272641682152e-08
4.266548635515649e-08
3.644472852896039e-08
3.0770452938233205e-08
2.564265958297496e-08
2.1061348463185645e-08
1.702651957886525e-08
1.353817293001379e-08
1.0596308516631249e-08
8.200926338717638e-09
6.352026396272957e-09
5.049608689297205e-09
4.293673217790379e-09
4.0842199817524794e-09
4.421248981183509e-09
5.304760216083468e-09
6.734753686452355e-09
8.711229392290157e-09
1.1234187333596895e-08
1.4303627510372564e-08
1.7919549922617158e-08
2.2081954570330683e-08
2.6790841453513157e-08
3.204621057216454e-08
3.7848061926284776e-08
4.4196395515874006e-08
5.109121134093218e-08
5.8532509401459264e-08
6.652028969745527e-08
7.505455222892022e-08
8.413529699585408e-08
9.376252399825687e-08
1.0393623323612862e-07
1.1465642470946927e-07
1.2592309841827884e-07
1.3773625436255737e-07
1.500958925423048e-07
1.6300201295752118e-07
1.7645461560820648e-07
1.9045370049436066e-07
2.0499926761598378e-07
2.200913169730759e-07
2.3572984856563694e-07
2.519148623936668e-07
2.686463584571657e-07
2.859243367561335e-07
3.037487972905702e-07
3.221197400604758e-07
3.410371650658504e-07
3.6050107230669396e-07
3.805114617830063e-07
4.010683334947877e-07
4.2217168744203797e-07
4.4382152362475713e-07
4.6601784204294536e-07
4.887606426966024e-07
5.120499255857284e-07
5.358856907103232e-07
5.602679380703868e-07
5.851966676659196e-07
6.106718794969213e-07
6.366935735633919e-07
6.632617498653316e-07
6.903764084027401e-07
7.180375491756173e-07
7.462451721839638e-07
7.749992774277791e-07
8.042998649070631e-07
8.341469346218166e-07
8.645404865720385e-07
8.954805207577296e-07
9.269670371788893e-07
9.59000035835518e-07
9.915795167276159e-07
1.0247054798551822e-06
1.0583779252182183e-06
3.457667259876082e-07
3.2674576425282104e-07
3.0827128475350303e-07
2.9034328748965387e-07
2.729617724612735e-07
2.5612673966836245e-07
2.398381891109199e-07
2.2409612078894643e-07
2.0890053470244188e-07
1.9425143085140632e-07
1.801488092358396e-07
1.6659266985574193e-07
1.5358301271111311e-07
1.4111983780195325e-07
1.2920314512826227e-07
1.1783293469004023e-07
1.0700920648728713e-07
9.673196052000293e-08
8.700119678818771e-08
7.781691529184135e-08
6.917911603096394e-08
6.108779900555553e-08
5.3542964215615976e-08
4.654461166114533e-08
4.009274134214367e-08
3.41873532586109e-08
2.8828447410547074e-08
2.4016023797952165e-08
1.9750082420826186e-08
1.603062327916914e-08
1.2857646372981017e-08
1.023115170226182e-08
8.151139267011549e-09
6.61760906723021e-09
5.630561102917799e-09
5.189995374074317e-09
5.295911880699762e-09
5.948310622794132e-09
7.147191600357431e-09
8.89255481338966e-09
1.1184400261890818e-08
1.4022727945860884e-08
1.740753786529989e-08
2.133883002020783e-08
2.581660441058469e-08
3.0840861036430493e-08
3.641159989774523e-08
4.252882099452888e-08
4.919252432678139e-08
5.6402709894502886e-08
6.415937769769333e-08
7.246252773635268e-08
8.131216001048097e-08
9.070827452007817e-08
1.006508712651443e-07
1.1113995024567936e-07
1.2217551146168338e-07
1.3375755491315633e-07
1.4588608060009816e-07
1.5856108852250888e-07
1.717825786803886e-07
1.855505510737373e-07
1.9986500570255482e-07
2.1472594256684132e-07
2.3013336166659677e-07
2.460872630018211e-07
2.6258764657251434e-07
2.796345123786766e-07
2.972278604203077e-07
3.153676906974077e-07
3.340540032099767e-07
3.532867979580147e-07
3.730660749415215e-07
3.9339183416049727e-07
4.142640756149419e-07
4.356827993048556e-07
4.576480052302382e-07
4.801596933910896e-07
5.032178637874101e-07
5.268225164191993e-07
5.509736512864578e-07
5.756712683891847e-07
6.009153677273806e-07
6.267059493010456e-07
6.530430131101798e-07
6.799265591547825e-07
7.073565874348544e-07
7.353330979503953e-07
7.638560907014049e-07
7.929255656878834e-07
8.225415229098311e-07
8.527039623672473e-07
8.834128840601331e-07
9.146682879884874e-07
9.464701741523109e-07
9.788185425516027e-07
1.0117133931863633e-06
1.0451547260565937e-06
1.0791425411622922e-06
1.1136768385034608e-06
