6.072109462742634e-07
5.829249865824452e-07
5.59134658721072e-07
5.358399626901443e-07
5.130408984896617e-07
4.907374661196247e-07
4.6892966558003255e-07
4.4761749687088593e-07
4.268009599921845e-07
4.0648005494392834e-07
3.866547817261175e-07
3.67325140338752e-07
3.484911307818317e-07
3.3015275305535663e-07
3.123100071593268e-07
2.949628930937423e-07
2.78111410858603e-07
2.617555604539091e-07
2.458953418796604e-07
2.3053075513585694e-07
2.1566180022249883e-07
2.0128847713958598e-07
1.8741078588711843e-07
1.7402872646509599e-07
1.6114229887351898e-07
1.487515031123872e-07
1.3685633918170067e-07
1.254568070814594e-07
1.1455290681166343e-07
1.0414463837231272e-07
9.42320017634073e-08
8.481499698494711e-08
7.589362403693222e-08
6.74678829193626e-08
5.953777363223826e-08
5.210329617555917e-08
4.516445054932536e-08
3.872123675353684e-08
3.277365478819358e-08
2.7321704653295588e-08
2.2365386348842872e-08
1.7904699874835448e-08
1.3939645231273272e-08
1.0470222418156371e-08
7.496431435484738e-09
5.018272283258379e-09
3.0357449614772816e-09
1.5488494701414684e-09
5.575858092509345e-10
6.195397880566025e-11
6.195397880565773e-11
5.575858092509272e-10
1.5488494701414684e-09
3.0357449614772816e-09
5.018272283258367e-09
7.496431435484725e-09
1.0470222418156355e-08
1.3939645231273254e-08
1.790469987483543e-08
2.2365386348842872e-08
2.7321704653295588e-08
3.277365478819358e-08
3.872123675353684e-08
4.516445054932536e-08
5.210329617555917e-08
5.953777363223826e-08
6.74678829193626e-08
7.589362403693222e-08
8.481499698494711e-08
9.42320017634073e-08
1.0414463837231272e-07
1.1455290681166343e-07
1.254568070814594e-07
1.3685633918170067e-07
1.487515031123872e-07
1.6114229887351898e-07
1.7402872646509607e-07
1.8741078588711843e-07
2.0128847713958598e-07
2.156618002224989e-07
2.3053075513585702e-07
2.458953418796603e-07
2.6175556045390904e-07
2.781114108586029e-07
2.9496289309374225e-07
3.123100071593267e-07
3.301527530553565e-07
3.4849113078183157e-07
3.6732514033875187e-07
3.866547817261175e-07
4.0648005494392834e-07
4.268009599921845e-07
4.476174968708862e-07
4.6892966558003255e-07
4.907374661196249e-07
5.130408984896617e-07
5.358399626901441e-07
5.59134658721072e-07
5.829249865824449e-07
6.072109462742634e-07
5.790574045063834e-07
5.553479305700023e-07
5.321340884640662e-07
5.094158781885756e-07
4.871932997435302e-07
4.6546635312893017e-07
4.4423503834477514e-07
4.2349935539106557e-07
4.0325930426780126e-07
3.8351488497498215e-07
3.642660975126084e-07
3.4551294188068e-07
3.272554180791968e-07
3.094935261081588e-07
2.9222726596756605e-07
2.7545663765741873e-07
2.591816411777165e-07
2.434022765284597e-07
2.2811854370964806e-07
2.1333044272128168e-07
1.9903797356336065e-07
1.8524113623588494e-07
1.7193993073885445e-07
1.591343570722691e-07
1.4682441523612916e-07
1.3501010523043447e-07
1.23691427055185e-07
1.1286838071038085e-07
1.0254096619602197e-07
9.270918351210835e-08
8.337303265864002e-08
7.453251363561694e-08
6.618762644303913e-08
5.833837108090661e-08
5.098474754921935e-08
4.4126755847977356e-08
3.776439597718064e-08
3.1897667936829215e-08
2.6526571726923042e-08
2.1651107347462147e-08
1.727127479844652e-08
1.3387074079876183e-08
9.9985051917511e-09
7.105568134071287e-09
4.708262906836745e-09
2.806589510047478e-09
1.4005479437034754e-09
4.901382078047532e-10
7.536030235130493e-11
1.5621422734312177e-10
7.326999827802106e-10
1.804817568662571e-09
3.372566984990204e-09
5.435948231763108e-09
7.994961308981286e-09
1.1049606216644735e-08
1.4599882954753453e-08
1.8645791523307447e-08
2.318733192230671e-08
2.8224504151751243e-08
3.3757308211641056e-08
3.978574410197614e-08
4.630981182275649e-08
5.332951137398211e-08
6.0844842755653e-08
6.88558059677692e-08
7.736240101033063e-08
8.636462788333734e-08
9.58624865867893e-08
1.0585597712068659e-07
1.1634509948502911e-07
1.273298536798169e-07
1.3881023970504998e-07
1.5078625756072828e-07
1.6325790724685192e-07
1.7622518876342076e-07
1.8968810211043494e-07
2.0364664728789442e-07
2.1810082429579907e-07
2.3305063313414906e-07
2.484960738029443e-07
2.6443714630218464e-07
2.808738506318705e-07
2.978061867920015e-07
3.1523415478257785e-07
3.331577546035994e-07
3.515769862550663e-07
3.7049184973697845e-07
3.8990234504933586e-07
4.098084721921386e-07
4.3021023116538644e-07
4.511076219690797e-07
4.725006446032185e-07
4.94389299067802e-07
5.167735853628313e-07
5.396535034883054e-07
5.630290534442248e-07
5.8690023523059e-07
6.112670488473999e-07
6.361294942946555e-07
5.516688689910155e-07
5.285358808100713e-07
5.058985244595724e-07
4.837567999395188e-07
4.621107072499105e-07
4.409602463907476e-07
4.2030541736202965e-07
4.0014622016375724e-07
3.8048265479592994e-07
3.61314721258548e-07
3.426424195516113e-07
3.2446574967511997e-07
3.0678471162907383e-07
2.8959930541347296e-07
2.7290953102831734e-07
2.56715388473607e-07
2.4101687774934196e-07
2.2581399885552223e-07
2.1110675179214766e-07
1.968951365592184e-07
1.8317915315673447e-07
1.6995880158469582e-07
1.5723408184310242e-07
1.450049939319542e-07
1.3327153785125135e-07
1.220337136009938e-07
1.1129152118118142e-07
1.0104496059181435e-07
9.129403183289254e-08
8.203873490441603e-08
7.327906980638478e-08
6.501503653879878e-08
5.724663510165808e-08
4.997386549496264e-08
4.319672771871248e-08
3.6915221772907576e-08
3.1129347657547946e-08
2.5839105372633604e-08
2.104449491816453e-08
1.6745516294140715e-08
1.2942169500562185e-08
9.634454537428936e-09
6.822371404740944e-09
4.5059201024982245e-09
2.685100630700774e-09
1.3599129893485977e-09
5.303571784416892e-10
1.9643319798005842e-10
3.5814104796369556e-10
1.0154807283926034e-09
2.1684522392667833e-09
3.8170555805862355e-09
5.96129075235096e-09
8.601157754560953e-09
1.1736656587216226e-08
1.5367787250316762e-08
1.9494549743862576e-08
2.4116944067853658e-08
2.9234970222290017e-08
3.484862820717164e-08
4.095791802249854e-08
4.7562839668270706e-08
5.466339314448815e-08
6.225957845115086e-08
7.035139558825885e-08
7.893884455581211e-08
8.802192535381064e-08
9.760063798225445e-08
1.0767498244114351e-07
1.1824495873047788e-07
1.293105668502575e-07
1.408718068004824e-07
1.5292867858115254e-07
1.6548118219226798e-07
1.7852931763382873e-07
1.9207308490583468e-07
2.0611248400828594e-07
2.206475149411825e-07
2.3567817770452424e-07
2.5120447229831134e-07
2.672263987225436e-07
2.837439569772211e-07
3.0075714706234404e-07
3.182659689779121e-07
3.362704227239255e-07
3.5477050830038423e-07
3.737662257072882e-07
3.9325757494463746e-07
4.132445560124319e-07
4.3372716891067175e-07
4.5470541363935673e-07
4.761792901984871e-07
4.98148798588063e-07
5.206139388080836e-07
5.4357471085855e-07
5.670311147394611e-07
5.909831504508175e-07
6.154308179926196e-07
6.403741173648667e-07
6.658130485675595e-07
5.250453397281595e-07
5.024888373026526e-07
4.804279667075907e-07
4.588627279429742e-07
4.377931210088029e-07
4.1721914590507715e-07
3.971408026317963e-07
3.7755809118896094e-07
3.5847101157657074e-07
3.3987956379462585e-07
3.217837478431263e-07
3.0418356372207205e-07
2.87079011431463e-07
2.704700909712992e-07
2.5435680234158065e-07
2.3873914554230745e-07
2.2361712057347947e-07
2.0899072743509685e-07
1.948599661271594e-07
1.812248366496672e-07
1.6808533900262035e-07
1.5544147318601878e-07
1.4329323919986248e-07
1.3164063704415134e-07
1.2048366671888559e-07
1.0982232822406508e-07
9.965662155968982e-08
8.998654672575984e-08
8.081210372227514e-08
7.213329254923571e-08
6.395011320664155e-08
5.6262565694492646e-08
4.907065001278904e-08
4.237436616153069e-08
3.6173714140717615e-08
3.04686939503498e-08
2.5259305590427277e-08
2.0545549060950015e-08
1.632742436191803e-08
1.2604931493331314e-08
9.378070455189873e-09
6.646841247493712e-09
4.411243870242811e-09
2.6712783234371814e-09
1.4269446070768232e-09
6.782427211617374e-10
4.251726656919231e-10
6.677344406673836e-10
1.4059280460881063e-09
2.6397534819541053e-09
4.369210748265377e-09
6.594299845021921e-09
9.315020772223734e-09
1.253137352987082e-08
1.624335811796318e-08
2.0450974536500816e-08
2.5154222785483714e-08
3.035310286491189e-08
3.6047614774785334e-08
4.223775851510406e-08
4.892353408586803e-08
5.6104941487077306e-08
6.378198071873184e-08
7.195465178083165e-08
8.062295467337673e-08
8.978688939636709e-08
9.94464559498027e-08
1.096016543336836e-07
1.2025248454800977e-07
1.3139894659278122e-07
1.4304104046799788e-07
1.5517876617365987e-07
1.6781212370976717e-07
1.8094111307631967e-07
1.9456573427331748e-07
2.0868598730076051e-07
2.2330187215864888e-07
2.3841338884698253e-07
2.5402053736576136e-07
2.7012331771498554e-07
2.86721729894655e-07
3.0381577390476946e-07
3.214054497453295e-07
3.3949075741633466e-07
3.580716969177852e-07
3.7714826824968094e-07
3.9672047141202206e-07
4.167883064048084e-07
4.3735177322803997e-07
4.584108718817169e-07
4.799656023658389e-07
5.020159646804064e-07
5.245619588254194e-07
5.476035848008771e-07
5.711408426067807e-07
5.951737322431289e-07
6.197022537099223e-07
6.447264070071616e-07
6.702461921348458e-07
6.962616090929756e-07
4.991868167178156e-07
4.772068000477457e-07
4.557224152081209e-07
4.3473366219894154e-07
4.142405410202074e-07
3.9424305167191864e-07
3.747411941540749e-07
3.5573496846667666e-07
3.372243746097236e-07
3.1920941258321574e-07
3.0169008238715327e-07
2.846663840215361e-07
2.681383174863642e-07
2.521058827816375e-07
2.3656907990735604e-07
2.2152790886351992e-07
2.0698236965012903e-07
1.9293246226718347e-07
1.793781867146831e-07
1.6631954299262801e-07
1.5375653110101827e-07
1.4168915103985376e-07
1.3011740280913455e-07
1.1904128640886049e-07
1.0846080183903182e-07
9.837594909964842e-08
8.878672819071024e-08
7.969313911221736e-08
7.109518186416974e-08
6.299285644656741e-08
5.5386162859410344e-08
4.8275101102698526e-08
4.1659671176432e-08
3.553987308061075e-08
2.991570681523477e-08
2.4787172380304046e-08
2.0154269775818612e-08
1.6016999001778445e-08
1.2375360058183552e-08
9.229352945033929e-09
6.578977662329577e-09
4.424234210070507e-09
2.765122588256697e-09
1.6016427968881585e-09
9.33794835964892e-10
7.615787054868973e-10
1.0849944054541772e-09
1.9040419358667294e-09
3.2187212967245366e-09
5.029032488027628e-09
7.334975509775991e-09
1.0136550361969624e-08
1.3433757044608534e-08
1.722659555769271e-08
2.1515065901222157e-08
2.6299168075196885e-08
3.1578902079616885e-08
3.735426791448215e-08
4.362526557979268e-08
5.0391895075548485e-08
5.7654156401749565e-08
6.541204955839594e-08
7.366557454548756e-08
8.241473136302444e-08
9.165952001100662e-08
1.0139994048943408e-07
1.1163599279830679e-07
1.2236767693762475e-07
1.3359499290738799e-07
1.4531794070759655e-07
1.5753652033825035e-07
1.702507317993494e-07
1.8346057509089378e-07
1.9716605021288334e-07
2.1136715716531828e-07
2.260638959481984e-07
2.4125626656152385e-07
2.569442690052946e-07
2.7312790327951047e-07
2.898071693841718e-07
3.0698206731927826e-07
3.246525970848299e-07
3.42818758680827e-07
3.614805521072693e-07
3.8063797736415695e-07
4.002910344514897e-07
4.204397233692679e-07
4.4108404411749134e-07
4.6222399669616003e-07
4.83859581105274e-07
5.059907973448331e-07
5.286176454148377e-07
5.517401253152879e-07
5.753582370461826e-07
5.994719806075232e-07
6.240813559993084e-07
6.491863632215392e-07
6.747870022742155e-07
7.008832731573369e-07
7.274751758709038e-07
4.740932999599836e-07
4.526897690453508e-07
4.317818699611631e-07
4.1136960270742084e-07
3.914529672841238e-07
3.720319636912721e-07
3.531065919288655e-07
3.346768519969043e-07
3.167427438953883e-07
2.993042676243176e-07
2.8236142318369225e-07
2.6591421057351214e-07
2.4996262979377734e-07
2.345066808444877e-07
2.1954636372564335e-07
2.0508167843724432e-07
1.911126249792905e-07
1.7763920335178204e-07
1.646614135547188e-07
1.521792555881008e-07
1.4019272945192812e-07
1.2870183514620074e-07
1.1770657267091862e-07
1.0720694202608166e-07
9.720294321169008e-08
8.769457622774378e-08
7.868184107424268e-08
7.016473775118691e-08
6.214326625857637e-08
5.461742659641114e-08
4.758721876469115e-08
4.1052642763416424e-08
3.5013698592587004e-08
2.947038625220284e-08
2.442270574226395e-08
1.9870657062770322e-08
1.5814240213721976e-08
1.2253455195118902e-08
9.188302006961098e-09
6.618780649248564e-09
4.544891121981304e-09
2.966633425159323e-09
1.8840075587826034e-09
1.2970135228511561e-09
1.205651317364981e-09
1.609920942324077e-09
2.5098223977284515e-09
3.905355683578095e-09
5.79652079987299e-09
8.183317746613171e-09
1.1065746523798623e-08
1.4443807131429351e-08
1.8317499569505346e-08
2.2686823838026618e-08
2.7551779936993157e-08
3.2912367866404966e-08
3.876858762626207e-08
4.512043921656441e-08
5.1967922637312044e-08
5.931103788850495e-08
6.714978497014312e-08
7.548416388222657e-08
8.431417462475527e-08
9.363981719772927e-08
1.034610916011485e-07
1.1377799783501306e-07
1.245905358993229e-07
1.3589870579407794e-07
1.477025075192783e-07
1.6000194107492396e-07
1.7279700646101478e-07
1.86087703677551e-07
1.9987403272453239e-07
2.1415599360195913e-07
2.2893358630983114e-07
2.4420681084814834e-07
2.599756672169109e-07
2.762401554161187e-07
2.9300027544577177e-07
3.102560273058701e-07
3.280074109964137e-07
3.462544265174024e-07
3.649970738688366e-07
3.84235353050716e-07
4.039692640630407e-07
4.241988069058106e-07
4.449239815790259e-07
4.661447880826864e-07
4.878612264167922e-07
5.100732965813433e-07
5.327809985763394e-07
5.559843324017813e-07
5.796832980576682e-07
6.03877895544e-07
6.28568124860778e-07
6.537539860080003e-07
6.794354789856678e-07
7.056126037937813e-07
7.322853604323397e-07
7.594537489013437e-07
4.4976478945466376e-07
4.28937744295468e-07
4.086063309667174e-07
3.887705494684122e-07
3.694303998005523e-07
3.5058588196313777e-07
3.322369959561682e-07
3.1438374177964407e-07
2.970261194335652e-07
2.801641289179316e-07
2.637977702327433e-07
2.479270433780003e-07
2.3255194835370254e-07
2.1767248515985002e-07
2.0328865379644274e-07
1.8940045426348082e-07
1.7600788656096412e-07
1.6311095068889273e-07
1.5070964664726657e-07
1.3880397443608566e-07
1.2739393405535006e-07
1.1647952550505979e-07
1.0606074878521473e-07
9.613760389581487e-08
8.671009083686038e-08
7.777820960835116e-08
6.934196021028717e-08
6.140134264266847e-08
5.3956356905495033e-08
4.700700299876688e-08
4.055328092248399e-08
3.459519067664636e-08
2.9132732261254022e-08
2.416590567630695e-08
1.969471092180515e-08
1.5719147997748614e-08
1.2239216904137358e-08
9.254917640971375e-09
6.766250208250663e-09
4.773214605975221e-09
3.275810834145052e-09
2.2740388927601586e-09
1.7678987818205296e-09
1.7573905013261732e-09
2.2425140512770895e-09
3.2232694316732767e-09
4.6996566425147455e-09
6.671675683801479e-09
9.139326555533458e-09
1.2102609257710732e-08
1.5561523790333277e-08
1.9516070153401095e-08
2.396624834691418e-08
2.891205837087254e-08
3.435350022527618e-08
4.029057391012508e-08
4.6723279425419254e-08
5.3651616771158707e-08
6.107558594734342e-08
6.899518695397343e-08
7.741041979104868e-08
8.632128445856922e-08
9.572778095653503e-08
1.056299092849461e-07
1.1602766944380245e-07
1.2692106143310413e-07
1.38310085252851e-07
1.5019474090304312e-07
1.625750283836806e-07
1.754509476947633e-07
1.8882249883629125e-07
2.0268968180826455e-07
2.170524966106831e-07
2.3191094324354685e-07
2.4726502170685594e-07
2.631147320006102e-07
2.7946007412480993e-07
2.963010480794548e-07
3.1363765386454493e-07
3.314698914800804e-07
3.4979776092606106e-07
3.686212622024868e-07
3.879403953093581e-07
4.077551602466746e-07
4.2806555701443643e-07
4.488715856126434e-07
4.7017324604129577e-07
4.919705383003934e-07
5.142634623899362e-07
5.370520183099245e-07
5.603362060603579e-07
5.841160256412366e-07
6.083914770525608e-07
6.331625602943296e-07
6.584292753665443e-07
6.841916222692038e-07
7.104496010023087e-07
7.372032115658593e-07
7.644524539598548e-07
7.921973281842958e-07
4.262012852018559e-07
4.059507257980973e-07
3.8619579822478376e-07
3.669365024819157e-07
3.4817283856949275e-07
3.2990480648751534e-07
3.1213240623598287e-07
2.9485563781489587e-07
2.7807450122425406e-07
2.617889964640575e-07
2.459991235343063e-07
2.3070488243500044e-07
2.1590627316613978e-07
2.0160329572772433e-07
1.8779595011975415e-07
1.7448423634222931e-07
1.6166815439514968e-07
1.4934770427851542e-07
1.3752288599232632e-07
1.2619369953658253e-07
1.1536014491128404e-07
1.0502222211643083e-07
9.517993115202288e-08
8.58332720180601e-08
7.69822447145427e-08
6.862684924147057e-08
6.076708559884366e-08
5.340295378666204e-08
4.6534453804925716e-08
4.016158565363464e-08
3.428434933278885e-08
2.890274484238831e-08
2.401677218243306e-08
1.962643135292308e-08
1.5731722353858372e-08
1.2332645185238927e-08
9.429199847064762e-09
7.021386339335869e-09
5.109204662052248e-09
3.6926548152138966e-09
2.771736798820818e-09
2.3464506128730137e-09
2.4167962573704756e-09
2.9827737323132097e-09
4.044383037701218e-09
5.601624173534496e-09
7.654497139813058e-09
1.0203001936536885e-08
1.3247138563705949e-08
1.6786907021320312e-08
2.0822307309379943e-08
2.5353339427884855e-08
3.038000337683504e-08
3.590229915623049e-08
4.1920226766071216e-08
4.8433786206357204e-08
5.544297747708847e-08
6.294780057826502e-08
7.094825550988683e-08
7.944434227195391e-08
8.843606086446625e-08
9.792341128742388e-08
1.079063935408268e-07
1.1838500762467494e-07
1.293592535389684e-07
1.4082913128370714e-07
1.527946408588911e-07
1.6525578226452038e-07
1.7821255550059487e-07
1.916649605671147e-07
2.0561299746407981e-07
2.2005666619149012e-07
2.3499596674934575e-07
2.504308991376466e-07
2.663614633563928e-07
2.827876594055842e-07
2.997094872852209e-07
3.171269469953029e-07
3.350400385358301e-07
3.5344876190680265e-07
3.723531171082204e-07
3.9175310414008335e-07
4.116487230023917e-07
4.3203997369514523e-07
4.5292685621834413e-07
4.7430937057198823e-07
4.961875167560777e-07
5.185612947706125e-07
5.414307046155923e-07
5.647957462910178e-07
5.886564197968881e-07
6.130127251332039e-07
6.378646622999654e-07
6.632122312971714e-07
6.890554321248232e-07
7.153942647829198e-07
7.422287292714618e-07
7.695588255904493e-07
7.973845537398819e-07
8.2570591371976e-07
4.0340278720156e-07
3.8372871355323846e-07
3.64550271735362e-07
3.4586746174793106e-07
3.276802835909452e-07
3.099887372644049e-07
2.9279282276830953e-07
2.760925401026596e-07
2.598878892674549e-07
2.4417887026269545e-07
2.2896548308838137e-07
2.1424772774451254e-07
2.0002560423108897e-07
1.8629911254811063e-07
1.7306825269557754e-07
1.6033302467348978e-07
1.4809342848184726e-07
1.3634946412065006e-07
1.2510113158989807e-07
1.1434843088959136e-07
1.0409136201972997e-07
9.432992498031386e-08
8.506411977134299e-08
7.629394639281732e-08
6.801940484473702e-08
6.024049512710196e-08
5.295721723991216e-08
4.616957118316765e-08
3.9877556956868397e-08
3.4081174561014414e-08
2.878042399560572e-08
2.3975305260642274e-08
1.9665818356124117e-08
1.585196328205122e-08
1.2533740038423606e-08
9.711148625241255e-09
7.384189042504182e-09
5.552861290212383e-09
4.217165368365852e-09
3.3771012769645935e-09
3.0326690160086064e-09
3.1838685854978894e-09
3.830699985432444e-09
4.973163215812269e-09
6.611258276637369e-09
8.744985167907737e-09
1.1374343889623393e-08
1.4499334441784313e-08
1.8119956824390465e-08
2.223621103744192e-08
2.684809708093864e-08
3.195561495488064e-08
3.755876465926791e-08
4.3657546194100466e-08
5.025195955937828e-08
5.734200475510136e-08
6.492768178126974e-08
7.300899063788335e-08
8.158593132494226e-08
9.065850384244642e-08
1.0022670819039588e-07
1.102905443687906e-07
1.2085001237763057e-07
1.3190511221691585e-07
1.4345584388664637e-07
1.555022073868222e-07
1.680442027174433e-07
1.8108182987850959e-07
1.9461508887002126e-07
2.0864397969197817e-07
2.231685023443803e-07
2.3818865682722777e-07
2.537044431405204e-07
2.6971586128425846e-07
2.8622291125844177e-07
3.0322559306307023e-07
3.2072390669814405e-07
3.387178521636631e-07
3.572074294596274e-07
3.761926385860371e-07
3.956734795428919e-07
4.156499523301919e-07
4.3612205694793735e-07
4.57089793396128e-07
4.78553161674764e-07
5.005121617838452e-07
5.229667937233717e-07
5.459170574933436e-07
5.693629530937606e-07
5.933044805246228e-07
6.177416397859303e-07
6.426744308776835e-07
6.681028537998817e-07
6.940269085525248e-07
7.20446595135614e-07
7.473619135491476e-07
7.747728637931264e-07
8.026794458675511e-07
8.310816597724207e-07
8.59979505507736e-07
3.813692954537762e-07
3.622717075608918e-07
3.4366975149845237e-07
3.255634272664585e-07
3.0795273486490976e-07
2.908376742938065e-07
2.7421824555314826e-07
2.5809444864293543e-07
2.424662835631678e-07
2.2733375031384546e-07
2.1269684889496844e-07
1.9855557930653673e-07
1.8490994154855027e-07
1.71759935621009e-07
1.59105561523913e-07
1.4694681925726233e-07
1.352837088210569e-07
1.2411623021529678e-07
1.134443834399819e-07
1.0326816849511227e-07
9.358758538068797e-08
8.440263409670894e-08
7.571331464317516e-08
6.751962702008659e-08
5.982157122744338e-08
5.2619147265245416e-08
4.59123551334927e-08
3.970119483218527e-08
3.3985666361323116e-08
2.8765769720906224e-08
2.4041504910934613e-08
1.981287193140826e-08
1.6079870782327194e-08
1.2842501463691393e-08
1.0100763975500866e-08
7.854658317755607e-09
6.104184490455625e-09
4.849342493600916e-09
4.090132327191476e-09
3.826553991227309e-09
4.0586074857084125e-09
4.7862928106347845e-09
6.009609966006429e-09
7.728558951823346e-09
9.943139768085537e-09
1.2653352414792996e-08
1.5859196891945754e-08
1.9560673199543758e-08
2.3757781337586996e-08
2.8450521306075538e-08
3.3638893105009364e-08
3.932289673438845e-08
4.5502532194212807e-08
5.217779948448244e-08
5.934869860519736e-08
6.701522955635753e-08
7.517739233796299e-08
8.38351869500137e-08
9.298861339250969e-08
1.0263767166545098e-07
1.1278236176883748e-07
1.234226837026693e-07
1.3455863746694643e-07
1.4619022306166874e-07
1.5831744048683632e-07
1.7094028974244932e-07
1.8405877082850744e-07
1.9767288374501084e-07
2.117826284919596e-07
2.263880050693536e-07
2.414890134771928e-07
2.570856537154774e-07
2.731779257842072e-07
2.8976582968338225e-07
3.0684936541300257e-07
3.2442853297306814e-07
3.4250333236357907e-07
3.610737635845353e-07
3.801398266359367e-07
3.9970152151778343e-07
4.197588482300753e-07
4.403118067728124e-07
4.61360397145995e-07
4.829046193496227e-07
5.049444733836959e-07
5.27479959248214e-07
5.505110769431777e-07
5.740378264685867e-07
5.980602078244406e-07
6.225782210107401e-07
6.475918660274847e-07
6.731011428746747e-07
6.991060515523103e-07
7.256065920603906e-07
7.526027643989168e-07
7.800945685678874e-07
8.080820045673034e-07
8.365650723971652e-07
8.65543772057472e-07
8.950181035482243e-07
