nan
nan
nan
nan
nan
nan
nan
nan
nan
nan
nan
nan
nan
nan
nan
nan
nan
nan
nan
nan
nan
nan
nan
nan
nan
nan
nan
nan
nan
nan
nan
nan
nan
nan
nan
nan
nan
nan
nan
nan
nan
nan
nan
nan
nan
nan
nan
nan
0.08733064341668681
0.08733009396868871
0.08733009398561048
0.08733064389863857
0.08733174372407185
nan
nan
nan
nan
nan
nan
nan
nan
nan
nan
nan
nan
nan
nan
nan
nan
nan
nan
nan
nan
nan
nan
nan
nan
nan
nan
nan
nan
nan
nan
nan
nan
nan
nan
nan
nan
nan
nan
nan
nan
nan
nan
nan
nan
nan
nan
nan
0.08816302143085743
0.08814336304556124
0.08812371488050533
0.08810410088231038
0.08808454341884904
0.08806506457416585
0.08804568611240071
0.08802642906064329
0.0880073138234273
0.08798836034842795
0.08796958807206695
0.08795101586448115
0.08793266206143352
0.08791454449974734
0.08789668051300839
0.08787908692244323
0.08786178004388845
0.08784477569974888
0.08782808922433155
0.08781173546531656
0.08779572878618855
0.08778008307077904
0.08776481172808712
0.08774992769567146
0.0877354434429791
0.08772137097390992
0.08770772182967261
0.0876945070917825
0.08768173738473724
0.08766942287835366
0.0876575732901536
0.08764619788744264
0.08763530548924418
0.08762490446794662
0.08761500275132375
0.087605607823707
0.08759672672765367
0.08758836606500484
0.08758053199799554
0.08757323025013328
0.08756646610730986
0.0875602444180498
0.08755456959439287
0.0875494456120447
0.08754487601079042
0.08754086389454718
0.08753741193131749
0.08753452235303168
0.08753219695551082
0.08753043709770368
0.08752924370126874
0.0875286172498588
0.08752855778826504
0.0875290649214544
0.08753013781335947
0.08753177518568811
0.08753397531656903
0.08753673603893634
0.08754005473862632
0.08754392835274596
0.08754835336750237
0.0875533258161548
0.08755884127654
0.08756489486859934
0.08757148125176836
0.08757859462216876
0.08758622870925387
0.08759437677311474
0.08760303160076002
0.08761218550266008
0.08762183030904608
0.08763195736573381
0.08764255753044384
0.08765362116790773
0.08766513814590851
0.08767709783000409
0.08768948907868403
0.08770230023821216
0.08771551913707079
0.08772913308069893
0.0877431288459628
0.08775749267427696
0.08777221026404204
0.0877872667644854
0.08780264677085658
0.08781833431909968
0.08783431287394905
0.08785056531476843
0.08786707393376697
0.08788382044344373
0.08790078595901783
0.08791795094984206
0.08793529524878263
0.08795279812917253
0.08797043823427772
0.08798819336482064
0.08800604069811539
0.08802395717772994
0.08804191856819302
0.08805989884575864
0.08894720522056529
0.0889228715789589
0.0888980124970255
0.08887309059305401
0.08884830256615206
0.08882360245911036
0.08879902525233349
0.0887745935347802
0.0887503305799065
0.08872625810604803
0.08870239682743092
0.08867876638663671
0.08865538664177136
0.08863227814550614
0.0886094606670103
0.08858695079339024
0.08856476149705134
0.08854290479465096
0.08852139537781699
0.08850025196145964
0.08847949528699911
0.08845914463668955
0.08843921556894303
0.0884197200657113
0.08840066829866948
0.08838207044048109
0.08836393750839078
0.0883462812042266
0.08832911329879423
0.08831244508416569
0.08829628712389553
0.08828064925612605
0.0882655407058473
0.08825097019070938
0.0882369459787028
0.08822347590174884
0.08821056734839824
0.08819822725267762
0.0881864620878776
0.08817527786472687
0.0881646801324779
0.08815467398101126
0.0881452640428752
0.08813645449437202
0.08812824905631017
0.08812065099476572
0.0881136631213145
0.0881072877932399
0.08810152691373802
0.0880963819320508
0.08809185384301552
0.08808794318731367
0.08808465005074805
0.08808197406410301
0.08807991440239275
0.08807846978416474
0.08807763847058739
0.08807741826462753
0.08807780650976862
0.08807880008893008
0.0880803954229051
0.0880825884688228
0.0880853747184805
0.0880887491966715
0.08809270645887751
0.08809724058950488
0.08810234519927534
0.08810801342281022
0.08811423791592721
0.08812101085310114
0.08812832392432737
0.08813616833235899
0.08814453478941663
0.08815341351467634
0.08816279423063135
0.08817266615911877
0.08818301801402527
0.08819383799300098
0.08820511376854079
0.08821683248457526
0.08822898076085095
0.08824154471335367
0.0882545099825944
0.08826786174930848
0.0882815847044813
0.08829566294399582
0.08831007980589782
0.0883248177357939
0.08833985831241192
0.08835518250632934
0.0883707710971349
0.0883866050269547
0.08840266538459719
0.08841893287998667
0.08843538701183326
0.08845200564997968
0.08846876520957747
0.08848564133467357
0.0885026094476267
0.08851964572784397
0.09012689875592036
0.09009521089498844
0.09006351503030002
0.09003185237098144
0.09000027159726584
0.0899688194448702
0.08993834158920545
0.08990675138807686
0.08987181900787374
0.0898402364711143
0.08981137263568104
0.08978107596814211
0.089750704181639
0.08972072893345844
0.08969100908622843
0.08966159607601969
0.08963251378221904
0.08960378630752969
0.08957543425293288
0.0895474774193149
0.08951993439528479
0.0894928227093773
0.08946615914839673
0.08943996039582364
0.08941424166635076
0.08938901751037225
0.08936430223202046
0.08934010946251647
0.0893164521704623
0.08929334272850917
0.08927079293939037
0.08924881405962018
0.0892274167928176
0.08920661127392555
0.08918640707817327
0.08916681325539691
0.08914783834780435
0.08912949037740868
0.08911177682383589
0.08909470462297699
0.08907828019151331
0.08906250945237512
0.08904739784270735
0.08903295030300755
0.08901917126218463
0.08900606463436946
0.08899363382858734
0.088981881764151
0.08897081088253671
0.08896042314964717
0.08895072005087636
0.08894170258333624
0.0889333712504276
0.08892572606077359
0.08891876653152292
0.08891249169355037
0.08890690009685981
0.08890198981266029
0.08889775843411678
0.088894203073216
0.08889132035723757
0.08888910642403677
0.08888755691935918
0.08888666699454385
0.08888643130859727
0.08888684403100144
0.08888789884699913
0.08888958896314855
0.08889190711012789
0.08889484554199019
0.08889839602975488
0.08890254985002183
0.08890729777029363
0.08891263003797611
0.08891853637411443
0.08892500598129746
0.08893202755880758
0.08893958931232761
0.08894767895414943
0.0889562837559851
0.08896539049827752
0.08897498534633144
0.08898505396599593
0.08899558149208002
0.089006552511495
0.08901795112107001
0.08902976091459575
0.08904196496021274
0.08905454581371637
0.08906748547432919
0.08908076548288105
0.08909436682577539
0.08910827023617113
0.08912245580313807
0.08913690422106929
0.08915159432521333
0.08916651677308793
0.08918162488279383
0.0891967894519752
0.08921271263028302
0.0915105632503127
0.09147684906335365
0.09144260898918086
0.09140792441869516
0.09137286036321515
0.09133748591236683
0.09130187535487952
0.09126603286519383
0.09123000069939685
0.09119405718152418
0.09115841961648151
0.09112279870360915
0.09108659763077032
0.09104953960303949
0.09101201166063577
0.09097628303573169
0.09094206977978357
0.09090428382757929
0.0908677996579004
0.09083609690569096
0.09080370388997033
0.09077006829573264
0.0907368668057533
0.0907039879116566
0.090671370910652
0.09063913650388095
0.09060736325746199
0.0905760884500268
0.09054533356537026
0.09051511784281821
0.09048545736295283
0.0904563667884819
0.09042786062500544
0.09039995296311448
0.0903726573616736
0.09034598686803716
0.09031995392175837
0.09029457026906204
0.09026984696324941
0.09024579436913172
0.09022242215523216
0.0901997392993233
0.09017775410420356
0.09015647421001628
0.0901359066030941
0.09011605762542704
0.09009693298751273
0.09007853777761168
0.09006087646854691
0.09004395292535883
0.09002777041203934
0.09001233160132818
0.08999763857954435
0.08998369285291138
0.08997049535334112
0.08995804644373755
0.08994634592166628
0.08993539301900971
0.08992518639763385
0.08991572415579491
0.08990700385248937
0.08989902256561108
0.08989177696662935
0.08988526335567179
0.08987947756812764
0.08987441470985433
0.08987006881712942
0.08986643272551795
0.08986349844760547
0.08986125804026315
0.08985970438304283
0.08985883104167167
0.08985863099250677
0.08985909517133076
0.08986021231057621
0.08986197038168187
0.08986435811770008
0.08986736494110376
0.08987097963814687
0.08987518966168485
0.08987998172203157
0.08988534238662002
0.08989125783517019
0.08989771354605225
0.08990469485255526
0.08991218633076575
0.08992016974569146
0.08992863293411475
0.08993755862728056
0.08994693015223718
0.08995673094717159
0.08996695530519999
0.08997759573681632
0.08998842031129803
0.08999986901968693
0.09001336507579102
0.09002641297154763
0.09003544204867961
0.09004545572702759
0.09005881278395644
0.09269306065584534
0.09270351321264647
0.09272065249988404
0.09269324781453436
0.09266840366398171
0.09264645766687978
0.09262290339737304
0.09259506532487272
0.0925691479261535
0.0925420781546791
0.09251210944353658
0.09248135720643592
0.09244957788416344
0.09241690832335381
0.09238350711931764
0.09235011681000829
0.09231551209028344
0.09228064001577327
0.092245435585747
0.09220994327563525
0.09217424656682414
0.09213848838173011
0.09210277131760125
0.09206700088148209
0.0920320803942409
0.09199771086408914
0.09195994621695336
0.09192136411277511
0.0918864005464968
0.09185308907126219
0.09181899767242471
0.09178486793286827
0.0917511796257375
0.09171789769483901
0.09168504254180092
0.09165265356311651
0.0916207592877053
0.09158938644681358
0.09155855942741833
0.0915283006706528
0.09149863092457813
0.0914695693975334
0.09144113415580588
0.09141334181087296
0.09138620765356267
0.0913597458658243
0.09133396955915553
0.09130889075614589
0.09128452029657233
0.09126086805527926
0.0912379432622224
0.0912157540392401
0.09119430656360952
0.09117360579966677
0.09115365820881241
0.0911344734627349
0.09111606171119767
0.09109842698859766
0.09108156177516302
0.09106544780139889
0.09105006376175083
0.09103539572984526
0.09102144455376815
0.09100822674741696
0.09099576912764396
0.09098410022235494
0.09097324218872618
0.09096320586381335
0.09095398969415028
0.09094558170252004
0.09093796297499149
0.09093111127447667
0.09092500391478817
0.09091961959192674
0.09091493923481933
0.0909109461258099
0.09090762557227822
0.09090496437909254
0.09090295028727371
0.09090157143756938
0.09090081598169097
0.09090067195163824
0.09090112688556654
0.0909021678259408
0.09090378267144096
0.09090595691336559
0.09090868018640366
0.09091196442986227
0.09091571385715047
0.0909197661230679
0.09092481087180762
0.09093172430689725
0.0909385469704562
0.09094321578046768
0.09094935086402788
0.09095678080677463
0.09096305293309698
0.09097009556207886
0.09097843187226766
0.0909868832260658
nan
nan
nan
nan
nan
0.09289881537883848
0.09301487023980443
0.09319902255289243
0.0931932011811204
0.09316806371591708
0.09331079401216241
0.09334497950677934
0.09336592250235881
0.09338064536652502
0.0933871673910405
0.09338967249081476
0.09338667375089706
0.09337723110045529
0.09336757419025912
0.09335411711302352
0.0933356229793511
0.09331726392010428
0.09329893786212136
0.09327609529277436
0.09325210960576358
0.09322689758273334
0.09320047620722671
0.09317297393286919
0.09314461026578186
0.09311553834867033
0.09308586926975576
0.09305570258626036
0.09302502726458964
0.09299452009532054
0.09296430274966577
0.09293241672205785
0.09289929521692783
0.09286707821210907
0.09283602282061607
0.09280509639485873
0.09277402201015145
0.09274303777373352
0.09271228537893439
0.09268181932332335
0.09265167817234951
0.09262189489227853
0.09259250387882219
0.09256353964833668
0.09253503341408963
0.09250701364299313
0.09247950671136035
0.09245253698067621
0.09242612690375138
0.09240029714114437
0.0923750666478379
0.09235045274470767
0.09232647119349924
0.09230313626607486
0.09228046079923272
0.0922584562511328
0.09223713275620454
0.09221649916706533
0.09219656307599791
0.0921773308695857
0.09215880789523931
0.09214099853600308
0.0921239058681428
0.09210753121541365
0.09209187449433708
0.09207693546027339
0.09206271457354255
0.09204921225951765
0.09203642703986395
0.09202435430174682
0.09201298682341164
0.09200231650156737
0.09199233583345
0.09198303827247935
0.09197441767568927
0.09196646718193158
0.09195917785551402
0.09195254141967911
0.09194655763335961
0.09194120992893702
0.09193640530997149
0.09193211782337328
0.09192883359055622
0.09192721066922735
0.09192636192693293
0.09192368641363702
0.0919190267188116
0.09191652082346549
0.09191665874021585
0.09191707222010184
0.09191742979484832
0.09191820392617392
0.09191935905930147
0.0919208521176858
0.09192266052677305
0.09192485779962585
nan
nan
nan
nan
nan
nan
nan
nan
nan
nan
nan
nan
nan
nan
nan
nan
nan
nan
nan
nan
nan
nan
nan
nan
0.0937853649860953
0.09380166692896583
0.09384975276187504
0.09387883193555982
0.09389724606176902
0.09390917249434508
0.09391621011091063
0.0939188088421439
0.09391751878931638
0.09391184850687911
0.09390551213217957
0.0938972787194374
0.09388505295840768
0.09387095492150577
0.09385544210670803
0.09383843359655353
0.09382015120361362
0.09380073844573367
0.0937802872361603
0.09375916053878264
0.09373753185449574
0.09371507590511706
0.09369175195675333
0.0936679480346614
0.09364395097243798
0.09361980613396267
0.09359549537653594
0.09357104424597117
0.09354651079441417
0.09352195778508869
0.09349744084297784
0.09347300978454853
0.09344871089957868
0.09342458706276084
0.0934006782044132
0.0933770212649663
0.09335365056275506
0.09333059788941131
0.093307892563079
0.0932855615671967
0.09326362964441433
0.09324211937405302
0.09322105125090518
0.09320044380218956
0.0931803137042719
0.09316067550264948
0.09314154178555292
0.09312292445097925
0.09310483360509073
0.09308727612490651
0.09307025786259673
0.09305378438353004
0.09303785992697705
0.0930224872425639
0.09300766467790512
0.09299338024335964
0.09297961717256864
0.09296640048022227
0.0929538711174955
0.09294223524927611
0.09293143925800378
0.0929208531185619
0.09290962722329937
0.09289800841592136
0.09288749957504626
0.09287850852520316
0.09287012595811814
0.09286186443044192
0.09285395065604204
0.09284645618093475
0.09283928587738796
0.09283242575578055
0.09282587993068588
0.09281967211016354
0.09281372431364385
0.09280802160289434
nan
nan
nan
nan
nan
nan
nan
nan
nan
nan
nan
nan
nan
nan
nan
nan
nan
nan
nan
nan
nan
nan
nan
nan
nan
nan
nan
nan
nan
nan
nan
nan
nan
nan
nan
nan
nan
nan
nan
nan
nan
nan
nan
0.09427948893643617
0.09429347562704313
0.09430331089401767
0.09430941971084639
0.09431292453564272
0.09431465275486582
0.09431404254771347
0.09431080194468273
0.09430554615883925
0.09429881453522151
0.09429078037678279
0.0942815150676711
0.09427112127893048
0.09425971627187121
0.09424740643295354
0.09423428261399726
0.09422042443925875
0.09420590466903772
0.09419079122132089
0.09417514779181038
0.0941590341777465
0.09414250665004549
0.0941256183026858
0.09410841936590568
0.09409095746258966
0.09407327782233788
0.09405542351991765
0.09403743572407078
0.09401935394370332
0.09400121642843327
0.09398306055621736
0.09396492335673862
0.09394684175002714
0.09392885133497783
0.09391098160836359
0.09389324623286899
0.09387563295395818
0.09385810490844332
0.09384062958274927
0.09382323250279441
0.09380602224027622
0.09378912245322976
0.09377254962035679
0.0937561990531707
0.09373998213645578
0.09372392273677092
0.09370807508813433
0.0936924332481808
0.0936769760010256
0.09366168979135964
0.09364656519351636
0.09363158934812055
0.09361673554565206
0.0936019693027566
0.09358733773127406
0.0935730029986209
0.09355875453331372
nan
nan
nan
nan
nan
nan
nan
nan
nan
nan
nan
nan
nan
nan
nan
nan
nan
nan
nan
nan
nan
nan
nan
nan
nan
nan
nan
nan
nan
nan
nan
nan
nan
nan
nan
nan
nan
nan
nan
nan
nan
nan
nan
nan
nan
nan
nan
nan
nan
nan
nan
nan
nan
nan
nan
nan
nan
nan
nan
nan
nan
nan
0.09447740567904031
0.09448326888816469
0.09448749315938822
0.09449021383345724
0.09449154411601504
0.09449157844613965
0.09449039555432742
0.09448806123717263
0.09448463091177722
0.09448015198380949
0.09447466603262275
0.09446821080011382
0.09446082196110162
0.09445253464286019
0.09444338463399984
0.09443340918286254
0.09442264723760388
0.09441113894852277
0.094398924257487
0.09438604035984871
0.09437251791717524
0.09435837610920025
0.09434361762258955
0.09432822635071995
0.09431217184840632
0.09429542477896008
0.09427798459796746
0.09425990984887098
0.09424133070657648
0.0942224092216064
0.09420326859522041
0.09418391090181386
0.09416425475479312
0.09414415068691745
0.09412356161268862
0.09410241909937088
0.0940809142336656
0.09405895056411193
