0.08073135130579961
0.08093625411406691
0.0811363949090462
0.08133180790955061
0.08152252648154713
0.08170858415584292
0.08189001363507589
0.08206684708762699
0.0822391161693658
0.08240685193597568
0.08257008496980113
0.08272884513290897
0.08288316174464841
0.08303306346851788
0.0831785783347935
0.0833197337374424
0.08345655638163299
0.08358907230332774
0.08371730685137446
0.0838412846661686
0.08396102968087299
0.08407656510784885
0.08418791342267759
0.08429509635705257
0.08439813489333638
0.08449704925169614
0.08459185888105816
0.08468258245165936
0.08476923784621415
0.08485184215274216
0.08493041165618678
0.08500496183011028
0.08507550733084822
0.0851420619905823
0.08520463880964355
0.08526324995122317
0.08531790673517647
0.08536861963170106
0.08541539825639052
0.0854582513649413
0.08549718684743769
0.08553221172483039
0.08556333214403249
0.08559055337332602
0.08561387979946014
0.08563331492345735
0.08564886135735825
0.08566052082180386
0.08566829414274714
0.0856721812489728
0.0856721811711607
0.08566829203815791
0.08566051107695566
0.085648834610906
0.08563325805879046
0.08561377593419901
0.08559038184495252
0.08556306849362871
0.08553182767680287
0.08549665028633924
0.08545752630998421
0.08541444483223162
0.0853673940357601
0.08531636120363285
0.08526133272007286
0.08520229407390836
0.08513922986073887
0.0850721237849733
0.08500095866361149
0.0849257164295904
0.0848463781357836
0.08476292395833507
0.08467533320173475
0.08458358430233906
0.08448765483274684
0.08438752150906166
0.08428316019516954
0.08417454590849041
0.0840616528255671
0.08394445428847863
0.08382292281303402
nan
nan
nan
nan
nan
nan
nan
nan
nan
nan
nan
nan
nan
nan
nan
nan
nan
nan
nan
0.08275262395049075
0.08293514450604947
0.08310971957782276
0.08328262404163941
0.08345093506184756
0.08361490333084873
0.08377420267917865
0.08393086456935303
0.08408250806058623
0.08423000394335992
0.08437342175339443
0.08451276693761159
0.08464805873410033
0.08477933788380035
0.08490661248051157
0.08502974518104034
0.0851493249499802
0.08526452965490355
0.08537594249873756
0.08548343298480826
0.08558702305002115
0.0856867359926557
0.08578258359634555
0.0858745828305263
0.08596274878128611
0.0860470962338852
0.08612763938330273
0.0862043918255585
0.08627736654098961
0.08634657586999267
0.08641203150451843
0.0864737444705321
0.08653172511553495
0.08658598309764233
0.08663652737213731
0.08668336618136424
0.08672650704574889
0.08676595675321563
0.08680172134951719
0.08683380613052342
0.08686221563383978
0.08688695363141916
0.08690802312196969
0.086925426324579
0.08693916467240992
0.08694923880733571
0.08695564857414158
0.08695839301594693
0.08695747036968543
0.08695287806209501
0.08694461270631978
0.08693267009850607
0.08691704521513491
0.08689773221072827
0.08687472441583592
0.08684801433569342
0.08681759364885996
0.086783453206699
0.0867455830330228
0.08670397232387544
0.08665860944798087
0.08660948194770723
0.08655657654124768
0.08649987912131443
0.08643937476006613
0.08637504771054721
0.08630688140873635
0.0862348584774783
0.08615896073040472
0.08607916917489747
0.08599546401701988
0.08590782469443797
0.0858162297454421
0.08572065725028821
0.08562108472248406
0.085517485799029
0.08540985008462768
0.0852981010503367
0.08518229025276974
0.08506234483778834
0.08493824065833193
0.08480995381678189
0.08467745579960236
0.08454071622361928
0.08439970465046673
0.08425438996295948
0.08410474185193031
0.08395077223705509
0.08379230641798716
0.08362944806519304
0.08346211757547678
0.08329029332506481
0.08311392123038151
0.08293279308464815
0.08274749298956567
0.08255724990585973
0.08236235107728751
0.08216272909670302
0.08195834139502171
0.08174914718497842
0.08867966107794915
0.08878844270612474
0.08890785603807956
0.0890010192883909
0.08910221751871361
0.08920096535041096
0.08929681588852448
0.08938967376821647
0.08947961595908979
0.08956667622259717
0.08965085150022788
0.08973214152579997
0.08981054484123208
0.08988606079977601
0.0899586880697357
0.09002842601658839
0.0900952725603619
0.09015923241398283
0.09022032882416756
0.09027847826601026
0.09033376065650936
0.09038615165073263
0.09043565087405842
0.09048225728431444
0.09052597009748806
0.09056678846106099
0.09060471130359951
0.09063973731829417
0.09067186496339905
0.09070109237187386
0.09072741744228846
0.09075083750846899
0.09077134987901739
0.09078895123943502
0.09080363745379275
0.09081540490326198
0.09082424925707537
0.09083016518493403
0.09083314696524594
0.09083318856154741
0.09083028343137044
0.09082442449608637
0.09081560434535073
0.09080381529035506
0.09078904858056999
0.09077129411691327
0.09075054245114893
0.09072678377782814
0.09070000647382294
0.09067019938492521
0.09063735023296146
0.09060144635927934
0.0905624744400968
0.09052042056612575
0.09047527022795065
0.0904270083111848
0.09037561909305632
0.09032108624175064
0.09026339282154536
0.09020252128411413
0.09013845346567088
0.09007117060842357
0.09000065328501428
0.08992688157245443
0.08984983481748862
0.08976949176701864
0.08968583038410337
0.08959881843903675
0.08950846442195383
0.08941471151287322
0.08931754768398976
0.08921694764817915
0.089112885647378
0.08900533567029764
0.08889427099750333
0.08877966409420068
0.08866148566901755
0.08853969403531065
0.08841432571393405
0.08828527645169677
0.08815252612909627
0.08801606499548725
0.08787585621029283
0.08773186991438195
0.08758391389350892
0.08743240222944834
0.08727688276123835
0.08711744311299754
0.08695405532866174
0.08678668456029509
0.08661529529575801
0.08643985148686911
0.08626031651096097
0.08607665346284449
0.08588882478833697
0.08569679283553325
0.08550051957757085
0.08529996786735311
0.08509510143231203
0.08488588984186043
0.09935359074138311
0.09931230598998018
0.0992847345659792
0.09927739558224827
0.09925110412567595
0.09923483377201037
0.09920451159181068
0.09920865620465141
0.09921816728176161
0.0991917438667966
0.0991734511879059
0.09915289731644591
0.09915156858311135
0.099087383207494
0.09909400805678217
0.09910157259846056
0.09912927272846456
0.09908079985810261
0.09907523641346246
0.09906089674718231
0.09906151015617654
0.09905211347285892
0.09903285618876276
0.09902200815110013
0.09899997325185259
0.09900763383038907
0.09898501998206802
0.09893843003480815
0.09896289469716948
0.09897667355545822
0.09898727455566528
0.09891470558113416
0.09894835830603915
0.09890552870546494
0.09872001270597294
0.09891434479033587
0.09906868709244271
0.09838057004532683
0.0983825022838789
0.09893833470960146
0.09749734102986843
0.09733205106661066
0.09721024816289489
0.09711021425075944
0.09702026097113536
0.09693668176437167
0.09685633853735207
0.09677832848348378
0.0967012561486276
0.0966244353716544
0.09654724661645117
0.09646923450399958
0.09639010361720995
0.09630955293638255
0.09622736832189
0.09614337829432308
0.09605742263894376
0.0959693958783602
0.09587919067786765
0.09578673731264581
0.09569195246272436
0.09559478435766479
0.09549517769312854
0.09539309772850438
0.09528849148310786
0.09518133178437321
0.09507158306048716
0.09495921503777799
0.09484418983425097
0.09472649759936373
0.09460609204153422
0.09448295316611238
0.09435705117864626
0.09422835765304571
0.09409684458208911
0.09396248325911143
0.09382524298569003
0.0936850944626231
0.09354200738585125
0.09339594939605567
0.09324688952342504
0.09309481100922476
0.09293962486234769
0.09278135837557228
0.09261995310791918
0.0924553739491922
0.09228758718554439
0.09211655334819246
0.0919422336012411
0.0917645904104158
0.09158331132912839
0.09139927976549414
0.09121141427075175
0.09102010352091067
0.09082530331013447
0.09062691425873631
0.09042512791069304
0.09021923619293434
0.09000993053828255
0.08979687938709849
nan
nan
nan
0.11300982358320683
nan
nan
0.11585732861924017
0.11346211434576159
0.11373523323200826
0.11365416694238567
0.11214502353172331
0.1118115843011513
0.11157780468551164
0.11132872127474992
0.11102347217608904
0.11083195666639206
0.11059314353319552
0.11035454751384405
0.11011701795013824
0.1098504270123866
0.10967612309812494
0.10945824711536042
0.10923204276162375
0.10908937128635418
0.1088396306614193
0.10863880321375692
0.10844380024608606
0.10824913056008943
0.10806234446241172
0.10787871928248444
0.10769377986230716
0.10751686995427259
0.10734107766079955
0.1071677056736205
0.10699656155009638
0.10682840992003892
0.10666091561689459
0.10649557402387966
0.10633199548173895
0.10616993645922686
0.10600920998459037
0.10584963499503516
0.10569136610501662
0.1055335727312073
0.1053774596366642
0.10522074479946866
0.10506647554253523
0.10491026730418015
0.1047578781955576
0.10460157801765649
0.10444477850337028
0.10429260778975741
0.1041381552075552
0.10398369735272783
0.1038287323628008
0.10367329793840069
0.10351724201897838
0.10336044469770106
0.1032027660117513
0.1030440544760591
0.10288414138623835
0.10272283690723125
0.10255992114461498
0.10239513493535499
0.1022281609987025
0.10205863092751605
0.10188606462729827
0.10170951735579281
0.10153504679219053
0.10135625195861599
0.10111708540162193
0.10091751597752269
0.10067910984810294
0.10037522059250673
0.0998845033001815
0.09927476850053357
0.09881845545716887
0.09904198805169118
0.0990007358691667
0.0990401665699139
0.09904997524762574
0.09906886240718477
0.09907028988241791
0.09908165315071224
0.09910066090926342
0.09909877754742169
0.09912147090183931
0.09912152374538549
0.09911193954078659
0.09909347113060289
0.0991424870410515
0.09913194234751094
0.09913588361603815
0.09914462169149685
0.0991505012867816
0.09915202883256607
0.09914704106600883
0.09914291751468991
0.09916617434301289
0.09910189394418494
nan
nan
nan
nan
nan
nan
nan
nan
nan
nan
nan
nan
nan
nan
nan
nan
nan
nan
nan
nan
nan
nan
nan
nan
nan
nan
nan
nan
nan
nan
nan
nan
nan
nan
0.12403140101550492
0.12282378186349753
0.12170124041040326
0.12026990641201657
0.12028687990206821
0.12028523338614276
0.12025420093151327
0.12024120664487753
0.11848711868103856
0.11795332059162308
0.11748211038600168
0.11700812557090551
0.11658577655620608
0.11656415338569952
0.11603517423988179
0.11565052520964574
0.11529580381039972
0.1149600282877829
0.11463671357253694
0.11432403317938872
0.11401778134720122
0.1137235818166267
0.11343457476998774
0.11315192452175693
0.11287512427806788
0.11261181949394419
0.11233711500248517
0.11207474123033012
0.11181645292309127
0.11156197484580253
0.11131257993353558
0.11106466473282461
0.11081219540732697
0.11056919434651492
0.11032774060087136
0.1100883028681128
0.10984943658543966
0.1096123938173938
0.10937639824044354
0.10914105408896796
0.10890760898621027
0.10867314451077081
0.10843936742793374
0.1082057367938419
0.1079717145714483
0.10773757983826787
0.10750250181178012
0.1072667989301152
0.10702998827930255
0.10679216546941636
0.10655244513726285
0.10631136438608962
0.1060668570957784
0.10582024914303587
0.10557089771969888
0.10531545122735173
0.10505731077316138
0.1047990326790461
0.10449480427938207
0.10405339148184313
0.1039917875132664
0.10391993794243592
0.10347153508152168
0.10311183158875209
0.10273944127274601
0.1023231208909839
nan
nan
nan
nan
nan
nan
nan
nan
nan
nan
nan
nan
nan
nan
nan
nan
nan
nan
nan
nan
nan
nan
nan
nan
nan
nan
nan
nan
nan
nan
nan
nan
nan
nan
nan
nan
nan
nan
nan
nan
nan
nan
nan
nan
nan
nan
nan
nan
nan
nan
nan
nan
nan
nan
nan
nan
nan
nan
nan
nan
nan
0.12835216629237017
0.12742221614118412
0.12605192188324105
0.12487209184558873
0.12429004313231096
0.12363002614538943
0.12295985567026854
0.12246814908514475
0.12194946419431918
0.12147105124172057
0.12100927451497523
0.12059600084862418
0.12038747369531314
0.12019663899153527
0.11932554856898654
0.11893784657164952
0.11857248422474202
0.11818079503656695
0.11786850597742929
0.1175375315095373
0.11721946663413269
0.11692196189453796
0.11646433059028785
0.11612780001327294
0.11583405384275958
0.11553806198757278
0.1152391569211684
0.11494060289570057
0.11464313699525938
0.11436038385520308
0.11406541754430038
0.11375371729162473
0.11346705748803358
0.11318140030860796
0.11250953855806249
0.1125720225211151
0.11226575403100611
0.11196617699889932
0.11167450557608008
nan
nan
nan
nan
nan
nan
nan
nan
nan
nan
nan
nan
nan
nan
nan
nan
nan
nan
nan
nan
nan
nan
nan
nan
nan
nan
nan
nan
nan
nan
nan
nan
nan
nan
nan
nan
nan
nan
nan
nan
nan
nan
nan
nan
nan
nan
nan
nan
nan
nan
nan
nan
nan
nan
nan
nan
nan
nan
nan
nan
nan
nan
nan
nan
nan
nan
nan
nan
nan
nan
nan
nan
nan
nan
nan
nan
nan
nan
nan
nan
nan
nan
nan
nan
nan
nan
nan
nan
nan
nan
nan
0.12486390614036305
nan
0.12626611978858168
0.12610845418348612
0.1255763292236796
0.12500045883748184
0.12520629174209966
0.12472584953621273
0.12400971609824153
nan
nan
nan
nan
nan
nan
nan
nan
nan
nan
nan
nan
nan
nan
nan
nan
nan
nan
nan
nan
nan
nan
nan
nan
nan
nan
nan
nan
nan
nan
nan
nan
nan
nan
nan
nan
nan
nan
nan
nan
nan
nan
nan
nan
nan
nan
nan
nan
nan
nan
nan
nan
nan
nan
nan
nan
nan
nan
nan
nan
nan
nan
nan
nan
nan
nan
nan
nan
nan
nan
nan
nan
nan
nan
nan
nan
nan
nan
nan
nan
nan
nan
nan
nan
nan
nan
nan
nan
nan
nan
nan
nan
nan
nan
nan
nan
nan
nan
nan
nan
nan
nan
nan
nan
nan
nan
nan
nan
nan
nan
nan
nan
nan
nan
nan
nan
nan
nan
nan
nan
nan
nan
nan
nan
nan
nan
nan
nan
nan
nan
nan
nan
nan
nan
nan
nan
nan
nan
nan
nan
nan
nan
nan
nan
nan
nan
nan
nan
nan
nan
nan
nan
nan
nan
nan
nan
nan
nan
nan
nan
nan
nan
nan
nan
nan
nan
nan
nan
nan
nan
nan
nan
nan
nan
nan
nan
nan
nan
nan
nan
nan
nan
nan
nan
nan
nan
nan
nan
nan
nan
nan
nan
nan
nan
nan
nan
nan
nan
nan
nan
