nan
nan
nan
nan
nan
nan
nan
nan
nan
nan
nan
nan
nan
nan
nan
nan
nan
nan
nan
nan
nan
nan
nan
nan
nan
nan
nan
nan
nan
nan
nan
nan
nan
nan
nan
nan
nan
0.08504668359140995
0.08503983378441345
0.08503353477562212
0.08502779163245663
0.0850226089935007
0.08501799106875714
0.0850139416407526
0.08501046406426581
0.085007561265812
0.08500523574535046
0.08500348957266637
0.08500232439238568
0.08500174141866242
0.08500174143323735
0.08500232478994034
0.08500349141350744
0.085005240790636
0.08500757197723971
0.08501048359214239
0.08501397381762309
0.08501804039482776
0.08502268062643026
0.08502789136870051
0.0850336690338053
nan
nan
nan
nan
nan
nan
nan
nan
nan
nan
nan
nan
nan
nan
nan
nan
nan
nan
nan
nan
nan
nan
nan
nan
nan
nan
nan
nan
nan
nan
nan
nan
nan
nan
nan
nan
nan
nan
nan
0.0858614153151343
0.08584092639132568
0.08582047974045384
0.08580009697976929
0.08577979001396871
0.08575958623064929
0.08573950976064061
0.08571958004389231
0.08569981816203211
0.08568024476595348
0.08566088008466857
0.08564174330083221
0.08562285306674741
0.08560422789379517
0.0855858854906255
0.08556784324052327
0.08555011721673919
0.08553272350116164
0.08551567989868444
0.08549900142673503
0.08548269961179777
0.08546678857207393
0.08545128500117485
0.0854362029309098
0.08542155335163551
0.08540734740275549
0.08539359723865775
0.08538031477228253
0.08536751095436534
0.08535519599057328
0.08534337964809727
0.0853320713116216
0.08532127993158335
0.0853110139930873
0.08530128151634975
0.08529209006155059
0.0852834467329113
0.08527535817944096
0.08526783059691923
0.08526086972899699
0.08525448086883987
0.08524866885993376
0.08524343809685603
0.08523879252566907
0.08523473564444652
0.08523127050326726
0.0852283997046115
0.08522612540310434
0.08522444930551994
0.08522337267041709
0.08522289630772395
0.08522302057821185
0.08522374539260055
0.08522507021075942
0.08522699404044654
0.08522951543619384
0.08523263249773669
0.08523634286870085
0.08524064373462399
0.08524553182124169
0.08525100339268021
0.08525705424898855
0.08526367972432775
0.0852708746839732
0.08527863352150403
0.0852869501556284
0.08529581802703201
0.08530523009490124
0.0853151788323166
0.0853256562172024
0.08533665372919903
0.08534816237861353
0.08536017276699981
0.08537267504017126
0.08538565856354843
0.0853991116563597
0.08541302232086082
0.08542737958063715
0.08544217258824946
0.08545738733130465
0.08547300717142102
0.08548901813762677
0.08550540847155971
0.08552216269747473
0.08553926298516867
0.08555669311876846
0.08557443648591394
0.08559247525614883
0.08561079109314279
0.08562936472440594
0.08564817702105912
0.0856672077737726
0.08568643525470321
0.08570583733477757
0.08572539303453218
0.08574507975508713
0.08576486649355977
0.08578473113794978
0.08580466689421137
0.08582458690085651
0.08668458053479317
0.08665895574612519
0.08663340204404035
0.08660794255515955
0.08658260112460608
0.08655740130906688
0.08653236391345415
0.08650751536453594
0.08648287331264334
0.0864584599050218
0.08643429638825953
0.08641040267350694
0.086386798323543
0.08636350229909966
0.08634053308785691
0.08631790859339145
0.08629564625665052
0.08627376309705163
0.08625227391912295
0.08623119557682862
0.08621054672807615
0.08619033920108805
0.08617058288658652
0.08615129448713596
0.0861324913911253
0.08611418502521906
0.08609638463848333
0.08607910154966474
0.08606234809771673
0.08604613559927327
0.08603047416182572
0.08601537328794123
0.08600084213612816
0.08598688946582966
0.08597352356012339
0.08596075220929708
0.08594858271890515
0.08593702191847166
0.08592607616430892
0.08591575134178288
0.08590605286579013
0.08589698568196702
0.08588855426758726
0.08588076263230757
0.08587361431924875
0.08586711240573765
0.08586125950411244
0.08585605776210364
0.08585150886350348
0.08584761402787963
0.08584437401096998
0.08584178910456502
0.08583985913591419
0.08583858346764878
0.08583796099688905
0.0858379901546117
0.08583866890457775
0.08583999474228377
0.08584196469369874
0.0858445753136477
0.08584782268426329
0.08585170241306102
0.08585620963057984
0.08586133898812381
0.08586708465560605
0.08587344031898156
0.08588039917844031
0.08588795394692109
0.08589609684190337
0.08590481956889973
0.08591411331916057
0.08592396884117236
0.08593437656922896
0.08594532648173439
0.08595680739183972
0.08596880661237745
0.08598131179270738
0.08599431312650624
0.0860078002641564
0.08602175678235427
0.08603616441197179
0.08605101132908528
0.08606628630665353
0.08608197133142247
0.08609804840849372
0.08611450190616571
0.08613131439537058
0.0861484677220565
0.0861659432302532
0.08618372152884352
0.08620178269801197
0.08622010599754201
0.08623867078465135
0.08625745276471927
0.08627643157767112
0.0862955820955566
0.0863148795644003
0.08633429884573013
0.08635381264727074
0.08637339094501834
0.08794107079330192
0.08790828884033992
0.08787556096024546
0.08784292414237149
0.08781036337297302
0.08777802869045828
0.08774581295450876
0.08771379594348783
0.08768200505517978
0.08765046311735042
0.08761918932147567
0.08758821537833071
0.08755755935936196
0.08752724389852645
0.08749729012485447
0.08746771859134511
0.08743854920999158
0.08740980108307217
0.0873814928841805
0.08735364226887249
0.08732626476464307
0.08729938018259006
0.08727300743706382
0.08724715548243561
0.08722183539456135
0.08719706672648905
0.08717286664270849
0.0871492461942574
0.08712621595420961
0.08710378806077931
0.08708197427169562
0.08706078517851114
0.08704023088007101
0.0870203212178869
0.08700106545417524
0.08698247214868773
0.08696454929357117
0.08694730440437703
0.08693074450673176
0.0869148761076533
0.08689970519147927
0.08688523722711058
0.08687147717296492
0.0868584294798293
0.08684609809273079
0.08683448645318657
0.08682359750145308
0.08681343367857969
0.08680399692909349
0.08679528870268968
0.08678730995648457
0.086780061156629
0.08677354227950762
0.08676775281286195
0.08676269175640725
0.08675835762142398
0.08675474843164407
0.08675186172174572
0.08674969453768855
0.08674824343570421
0.08674750448158872
0.0867474732501828
0.0867481448238076
0.08674951379219731
0.08675157425045715
0.08675431979791777
0.08675774353605419
0.08676183806745413
0.0867665954940984
0.08677200741175313
0.08677806488822692
0.08678475845232889
0.08679207818874657
0.08680001390466718
0.08680855486609343
0.08681768886372497
0.08682740250698842
0.08683768433963296
0.08684852514102234
0.08685991049436136
0.0868718195666328
0.08688423778482554
0.08689715670116879
0.08691055978682077
0.08692442691975724
0.08693874207950529
0.08695348811534004
0.08696864667017717
0.08698419901387125
0.08700012570566583
0.0870164067294913
0.08703302142821356
0.08704994852114611
0.08706716615233645
0.08708465190665526
0.08710238658918834
0.08712032588483573
0.08713847415499563
0.08715678801447363
0.08717524537542592
0.08943883637209764
0.0894024987523569
0.08936523095638704
0.08932898432361008
0.08929148342822613
0.08925397841214028
0.08921638636410087
0.089178752306905
0.08914112245284797
0.08910353913637478
0.08906604077321713
0.08902872998281657
0.0889915453287968
0.08895383905775975
0.08891568128776217
0.08887972103040981
0.08884836486240244
0.08881937285403552
0.08878752927284157
0.08875025772350087
0.08871082278921927
0.08867378152419245
0.08863979620807073
0.0886071698330672
0.08857483405522174
0.08854277770367014
0.08851126702403952
0.08848040107968796
0.08845016656785863
0.08842055441561766
0.08839157726610278
0.08836325014675271
0.0883355852887881
0.08830859492235343
0.08828229152272832
0.0882566868658832
0.0882317919308449
0.08820761709214416
0.08818417209343776
0.08816146596683902
0.0881395070398261
0.0881183029772603
0.08809786080407347
0.08807818691085373
0.08805928706047406
0.08804116639961868
0.08802382947132648
0.08800728022517575
0.08799152202618635
0.0879765576603447
0.0879623893406289
0.08794901870859234
0.08793644683842053
0.08792467423975103
0.08791370086272952
0.0879035261028128
0.08789414880560549
0.08788556726956583
0.08787777924851606
0.08787078195288002
0.08786457205240338
0.08785914568011918
0.08785449843244868
0.0878506253682978
0.08784752100908846
0.08784517934041039
0.08784359381375226
0.08784275734556993
0.0878426623128579
0.08784330055085382
0.08784466335508148
0.08784674147831736
0.08784952512829952
0.08785300398598035
0.0878571672111813
0.08786200323282124
0.08786749936247648
0.08787364238397742
0.0878804209643772
0.0878878258234301
0.08789584285092233
0.0879044495259107
0.08791362672595548
0.08792336470820528
0.08793365002075601
0.08794446299279822
0.08795578550993581
0.08796759954045555
0.08797988625947835
0.08799262693311823
0.08800579406601358
0.08801937741365566
0.08803335597210458
0.08804769944838342
0.08806238853014332
0.08807739972384596
0.08809271168995789
0.0881082973053144
0.08812413162841148
0.08814023481556496
0.09090913785703242
0.09080049062853313
0.09072518787213882
0.0906475699831684
0.09072832401416522
0.09073528655475512
0.0906984147538272
0.09066588385651711
0.09063277865399685
0.09059850976594988
0.09056350776627466
0.09052784448144158
0.09049161446331017
0.09045499266063786
0.09041801665081686
0.09038082564459804
0.0903434084463012
0.09030587479769953
0.09026830599348094
0.09023074754592789
0.09019324347367381
0.09015589081405696
0.09011873292611178
0.09008154740039503
0.09004475502254877
0.09000848788678115
0.08997241743675569
0.0899366480060147
0.08990131576409766
0.08986641758570615
0.08983198073250634
0.08979804240759312
0.08976462879753741
0.089731764330135
0.08969947297436609
0.08966777930503676
0.08963670452137557
0.08960626594828422
0.08957648390134833
0.0895473773455436
0.08951896241774468
0.089491254606554
0.08946426756073836
0.08943801395332551
0.08941251087657726
0.08938778101579573
0.08936384251812532
0.08934069587917881
0.08931832362490866
0.08929670650792906
0.08927584267852384
0.08925575326113837
0.08923647024649536
0.0892180166314168
0.0892003925762522
0.08918357488296484
0.08916752776803984
0.0891522175659209
0.08913762431748623
0.08912374673621792
0.08911060075637325
0.08909821405009671
0.08908661940341894
0.08907584917756978
0.08906593197195706
0.08905689159871782
0.08904874783023545
0.08904151813072117
0.08903521957450472
0.08902987025561171
0.08902548957645348
0.08902209686817204
0.08901970785729063
0.0890183286695884
0.08901794760379675
0.08901852592601517
0.08901998980193956
0.08902222708689378
0.08902509541367135
0.08902843984733311
0.08903210961214457
0.08903597330668642
0.0890398832993422
0.08904372467971014
0.08904795366682629
0.08905373452436498
0.08906131152291538
0.08906905676978817
0.08907577015579815
0.08908254057995862
0.08909067618927329
0.0890997607829753
0.08910914258057867
0.08911889119781977
0.0891290702864794
0.08913963485955055
0.08915056913512708
0.08916184368137157
0.08917343386267367
0.08918531321996834
nan
0.09142651182066654
0.09156449060092041
0.09163883266015478
0.09165286025064048
0.09167974976839022
0.09171297713906365
0.09173079847508171
0.09184615049250011
0.09178712380341628
0.0917118807538416
0.09163627455451079
0.09155493573164886
0.09166182532777822
0.09165462948897252
0.0916394826769667
0.09162325484824257
0.09160341151003794
0.09157864813332496
0.09155398388283248
0.09152795434897676
0.09150066968728388
0.09147229462424358
0.09144318061595047
0.09141281420587694
0.09138171929738928
0.09135110739098216
0.09131923901392575
0.0912870560167847
0.09125465397866445
0.09122195510648501
0.09118908328981239
0.09115592127301368
0.09112303532764926
0.09109066682989618
0.09105650741717122
0.09101659376434192
0.0909740634423665
0.09094138317406442
0.09092229689804837
0.0909099721567968
0.09089619116202541
0.09087361581735103
0.09083903058044562
0.0907995457788279
0.09076448909556326
0.09073475510272419
0.09070728440192341
0.09068022750755511
0.09065347475893312
0.09062737610259947
0.09060205847953992
0.09057748881920447
0.09055364116248621
0.09053052299581328
0.09050814554195438
0.09048651355860743
0.09046563074625114
0.09044550262290046
0.09042613490839416
0.09040753203433285
0.09038969722730984
0.09037263299850397
0.09035634124011478
0.09034082304855837
0.09032607857703051
0.09031210702712256
0.09029890669344623
0.0902864748498636
0.09027480773777681
0.0902639014428275
0.09025375248547161
0.09024435544386417
0.0902357010705248
0.09022778031194
0.09022058669193107
0.09021411176752384
0.09020834433934055
0.09020327341315092
0.09019888742265367
0.09019517378825073
0.09019211925369436
0.09018970892452002
0.09018793660605838
0.09018677975129699
0.09018620681121736
0.09018632073775758
0.0901868648458935
0.090187640832605
0.09018931200889149
0.09019157021482697
0.09019411990662349
0.09019716898733314
0.09020062873859161
0.09020448124105876
0.0902086941362052
0.09021323319976116
0.09021806450647392
0.09022315573888082
0.09022834574307953
nan
nan
nan
nan
nan
nan
nan
nan
nan
nan
nan
nan
nan
nan
nan
nan
nan
nan
nan
nan
nan
nan
nan
nan
nan
nan
nan
0.09231283807316132
0.09230643392620955
0.09230274378796607
0.09228828845575981
0.09227159144351277
0.09225792062087107
0.09224170924168738
0.09222406482090001
0.0922052485391952
0.09218539181224997
0.09216462002495121
0.09214308612428063
0.09212089497889811
0.0920981481505293
0.09207492846503681
0.09205132901765509
0.09202744081754614
0.09200334947477723
0.09197910976364805
0.09195464294965412
0.09192981388745422
0.0919048165556272
0.09188034002548798
0.09185695071561371
0.09183434650493497
0.09181157281484975
0.09178799860910629
0.09176395176301819
0.09174023653520108
0.09171724301268774
0.09169483547601999
0.09167281099863664
0.09165114446177133
0.0916298979383944
0.09160910897579419
0.09158878895806552
0.0915689500909275
0.09154960828333836
0.09153077760923904
0.09151246892617745
0.09149469112143527
0.09147745502455934
0.09146077183077721
0.09144464492961125
0.09142907325879483
0.09141406237791297
0.09139962057845916
0.09138574995678075
0.09137244885800974
0.09135971469654608
0.09134754398875304
0.09133593481712185
0.09132488370508374
0.09131438073832343
0.09130441504862075
0.09129498023256721
0.09128608405709789
0.09127772461730574
0.09126985670220042
0.09126243932657736
0.09125549374079767
0.09124906920825458
0.09124295002012248
0.09123762613654439
0.09123236126478303
0.09122656117961139
0.09122239627960066
0.09121811579627667
0.09121432907593119
0.09121158431280005
0.09120764809654495
0.09120429805232252
0.09120128735813449
nan
nan
nan
nan
nan
nan
nan
nan
nan
nan
nan
nan
nan
nan
nan
nan
nan
nan
nan
nan
nan
nan
nan
nan
nan
nan
nan
nan
nan
nan
nan
nan
nan
nan
nan
nan
nan
nan
nan
nan
nan
nan
nan
nan
nan
nan
nan
nan
0.09277290623185125
0.09276415163522361
0.09275432582254048
0.09274362638853062
0.09273214677686842
0.09271995973405424
0.09270714275412639
0.09269376793848522
0.09267989465085075
0.09266557317994514
0.09265085376146774
0.09263578929186139
0.09262042970870413
0.09260481809500401
0.09258899322578168
0.09257299242446021
0.09255685085736973
0.09254060300088005
0.09252427618386574
0.0925078767953201
0.09249143125939427
0.09247509694410945
0.09245909957789686
0.09244330029876209
0.09242699199032697
0.09240970749098554
0.09239221524574867
0.09237571016473856
0.0923601631713308
0.0923446405997732
0.09232878248415513
0.09231304850325811
0.09229758317853409
0.09228218022053039
0.09226690788708589
0.09225177083009604
0.09223674915864158
0.092221851430588
0.09220706732431386
0.09219238499804941
0.09217779754629801
0.09216325032275617
0.09214892054269165
0.09213369474023268
0.09211737151361743
0.09210604013739376
0.09209384917233143
0.0920776780140972
0.09206126594568541
0.09204556563493066
0.0920329682453358
0.09202414186380055
nan
nan
nan
nan
nan
nan
nan
nan
nan
nan
nan
nan
nan
nan
nan
nan
nan
nan
nan
nan
nan
nan
nan
nan
nan
nan
nan
nan
nan
nan
nan
nan
nan
nan
nan
nan
nan
nan
nan
nan
nan
nan
nan
nan
nan
nan
nan
nan
nan
nan
nan
nan
nan
nan
nan
nan
nan
nan
nan
nan
nan
nan
nan
nan
nan
nan
nan
nan
nan
nan
nan
nan
nan
nan
nan
nan
nan
nan
nan
nan
nan
nan
nan
nan
nan
nan
nan
nan
nan
nan
nan
nan
nan
nan
nan
nan
nan
nan
nan
nan
