3.158765771551077e-09
3.0324280322950814e-09
2.908668614248391e-09
2.787487517411006e-09
2.6688847417829274e-09
2.5528602873641547e-09
2.439414154154689e-09
2.3285463421545284e-09
2.2202568513636744e-09
2.1145456817821256e-09
2.0114128334098843e-09
1.910858306246948e-09
1.8128821002933183e-09
1.7174842155489942e-09
1.6246646520139766e-09
1.5344234096882646e-09
1.446760488571859e-09
1.361675888664759e-09
1.2791696099669655e-09
1.1992416524784777e-09
1.121892016199296e-09
1.0471207011294208e-09
9.749277072688512e-10
9.053130346175877e-10
8.382766831756306e-10
7.738186529429793e-10
7.11938943919634e-10
6.526375561055948e-10
5.959144895008615e-10
5.417697441054343e-10
4.902033199193134e-10
4.412152169424983e-10
3.948054351749893e-10
3.509739746167864e-10
3.0972083526788956e-10
2.710460171282988e-10
2.34949520198014e-10
2.0143134447703531e-10
1.7049148996536268e-10
1.4212995666299605e-10
1.1634674456993556e-10
9.31418536861812e-11
7.251528401173278e-11
5.446703554659039e-11
3.8997108290754075e-11
2.61055022442238e-11
1.579221740699954e-11
8.057253779081386e-12
2.9006113604693302e-12
3.222901511632635e-13
3.222901511632502e-13
2.900611360469292e-12
8.057253779081386e-12
1.579221740699954e-11
2.6105502244223744e-11
3.8997108290754e-11
5.44670355465903e-11
7.251528401173268e-11
9.314185368618109e-11
1.1634674456993556e-10
1.421299566629961e-10
1.7049148996536268e-10
2.0143134447703531e-10
2.34949520198014e-10
2.710460171282988e-10
3.0972083526788956e-10
3.509739746167864e-10
3.948054351749893e-10
4.412152169424983e-10
4.902033199193134e-10
5.417697441054343e-10
5.959144895008615e-10
6.526375561055946e-10
7.11938943919634e-10
7.738186529429793e-10
8.382766831756306e-10
9.05313034617588e-10
9.749277072688512e-10
1.0471207011294208e-09
1.1218920161992966e-09
1.199241652478478e-09
1.2791696099669646e-09
1.3616758886647587e-09
1.4467604885718586e-09
1.5344234096882642e-09
1.6246646520139762e-09
1.7174842155489938e-09
1.812882100293318e-09
1.910858306246948e-09
2.0114128334098843e-09
2.1145456817821256e-09
2.2202568513636744e-09
2.3285463421545297e-09
2.439414154154689e-09
2.5528602873641568e-09
2.6688847417829274e-09
2.787487517411005e-09
2.908668614248391e-09
3.0324280322950794e-09
3.158765771551077e-09
9.121781635367268e-07
9.143453793816342e-07
9.165151735477511e-07
9.18687546035077e-07
9.208624968436125e-07
9.23040025973357e-07
9.252201334243112e-07
9.274028191964743e-07
9.295880832898471e-07
9.317759257044287e-07
9.339663464402199e-07
9.361593454972206e-07
9.383549228754302e-07
9.405530785748494e-07
9.427538125954778e-07
9.449571249373154e-07
9.471630156003626e-07
9.493714845846188e-07
9.515825318900845e-07
9.537961575167594e-07
9.560123614646438e-07
9.582311437337372e-07
9.6045250432404e-07
9.626764432355523e-07
9.649029604682737e-07
9.671320560222046e-07
9.693637298973446e-07
9.715979820936937e-07
9.738348126112526e-07
9.760742214500206e-07
9.78316208609998e-07
9.805607740911846e-07
9.828079178935805e-07
9.850576400171858e-07
9.87309940462e-07
9.89564819228024e-07
9.91822276315257e-07
9.940823117236997e-07
9.963449254533512e-07
9.986101175042125e-07
1.0008778878762829e-06
1.0031482365695624e-06
1.0054211635840514e-06
1.0076966689197498e-06
1.0099747525766575e-06
1.0122554145547743e-06
1.0145386548541006e-06
1.016824473474636e-06
1.0191128704163807e-06
1.021403845679335e-06
1.0236973992634982e-06
1.0259935311688712e-06
1.028292241395453e-06
1.0305935299432443e-06
1.032897396812245e-06
1.035203842002455e-06
1.0375128655138743e-06
1.0398244673465029e-06
1.042138647500341e-06
1.044455405975388e-06
1.0467747427716442e-06
1.0490966578891102e-06
1.0514211513277852e-06
1.05374822308767e-06
1.0560778731687635e-06
1.0584101015710667e-06
1.0607449082945787e-06
1.0630822933393003e-06
1.0654222567052314e-06
1.0677647983923715e-06
1.0701099184007212e-06
1.07245761673028e-06
1.0748078933810482e-06
1.0771607483530257e-06
1.0795161816462124e-06
1.0818741932606084e-06
1.0842347831962137e-06
1.0865979514530288e-06
1.0889636980310523e-06
1.091332022930286e-06
1.0937029261507285e-06
1.0960764076923802e-06
1.0984524675552415e-06
1.1008311057393121e-06
1.1032123222445919e-06
1.1055961170710811e-06
1.1079824902187793e-06
1.1103714416876873e-06
1.112762971477804e-06
1.1151570795891309e-06
1.1175537660216664e-06
1.1199530307754112e-06
1.1223548738503655e-06
1.1247592952465292e-06
1.1271662949639022e-06
1.1295758730024841e-06
1.1319880293622758e-06
1.1344027640432766e-06
1.1368200770454867e-06
1.1392399683689061e-06
3.866298161664433e-06
3.8707589310935044e-06
3.875222278843784e-06
3.8796882049152745e-06
3.884156709307973e-06
3.888627792021881e-06
3.893101453056998e-06
3.8975776924133255e-06
3.902056510090861e-06
3.906537906089606e-06
3.911021880409561e-06
3.915508433050725e-06
3.919997564013098e-06
3.924489273296681e-06
3.928983560901472e-06
3.933480426827474e-06
3.9379798710746835e-06
3.942481893643105e-06
3.946986494532733e-06
3.951493673743571e-06
3.956003431275619e-06
3.960515767128876e-06
3.965030681303343e-06
3.969548173799018e-06
3.9740682446159024e-06
3.978590893753997e-06
3.9831161212133e-06
3.987643926993813e-06
3.992174311095535e-06
3.996707273518466e-06
4.001242814262607e-06
4.0057809333279585e-06
4.0103216307145175e-06
4.014864906422286e-06
4.019410760451263e-06
4.02395919280145e-06
4.028510203472848e-06
4.033063792465453e-06
4.037619959779269e-06
4.0421787054142925e-06
4.046740029370527e-06
4.05130393164797e-06
4.055870412246622e-06
4.060439471166484e-06
4.065011108407554e-06
4.069585323969835e-06
4.074162117853325e-06
4.078741490058023e-06
4.083323440583932e-06
4.087907969431049e-06
4.092495076599376e-06
4.097084762088913e-06
4.101677025899658e-06
4.106271868031612e-06
4.110869288484776e-06
4.115469287259151e-06
4.120071864354733e-06
4.1246770197715245e-06
4.1292847535095255e-06
4.133895065568736e-06
4.138507955949158e-06
4.143123424650786e-06
4.1477414716736244e-06
4.152362097017671e-06
4.1569853006829294e-06
4.161611082669396e-06
4.166239442977072e-06
4.1708703816059565e-06
4.1755038985560505e-06
4.180139993827355e-06
4.184778667419868e-06
4.1894199193335895e-06
4.194063749568521e-06
4.198710158124662e-06
4.203359145002013e-06
4.208010710200573e-06
4.21266485372034e-06
4.217321575561319e-06
4.2219808757235065e-06
4.226642754206903e-06
4.231307211011509e-06
4.235974246137324e-06
4.240643859584348e-06
4.245316051352584e-06
4.249990821442026e-06
4.2546681698526794e-06
4.25934809658454e-06
4.264030601637611e-06
4.268715685011893e-06
4.273403346707382e-06
4.278093586724081e-06
4.28278640506199e-06
4.287481801721108e-06
4.292179776701435e-06
4.2968803300029704e-06
4.3015834616257164e-06
4.306289171569671e-06
4.310997459834836e-06
4.315708326421209e-06
4.320421771328792e-06
8.86551876015467e-06
8.872273083167906e-06
8.879029984502346e-06
8.885789464158001e-06
8.89255152213486e-06
8.899316158432934e-06
8.906083373052215e-06
8.912853165992705e-06
8.919625537254405e-06
8.92640048683731e-06
8.933178014741432e-06
8.93995812096676e-06
8.946740805513294e-06
8.953526068381042e-06
8.960313909569995e-06
8.96710432908016e-06
8.973897326911535e-06
8.980692903064117e-06
8.98749105753791e-06
8.994291790332914e-06
9.001095101449123e-06
9.007900990886546e-06
9.014709458645171e-06
9.021520504725013e-06
9.028334129126062e-06
9.035150331848318e-06
9.041969112891787e-06
9.04879047225646e-06
9.055614409942347e-06
9.062440925949444e-06
9.069270020277746e-06
9.076101692927261e-06
9.08293594389798e-06
9.089772773189915e-06
9.096612180803057e-06
9.103454166737405e-06
9.110298730992967e-06
9.117145873569735e-06
9.123995594467713e-06
9.130847893686905e-06
9.137702771227298e-06
9.144560227088906e-06
9.15142026127172e-06
9.158282873775747e-06
9.165148064600983e-06
9.172015833747424e-06
9.178886181215079e-06
9.185759107003938e-06
9.192634611114012e-06
9.199512693545294e-06
9.206393354297781e-06
9.213276593371482e-06
9.220162410766393e-06
9.227050806482509e-06
9.23394178051984e-06
9.240835332878374e-06
9.247731463558121e-06
9.254630172559077e-06
9.26153145988124e-06
9.268435325524616e-06
9.275341769489196e-06
9.28225079177499e-06
9.289162392381994e-06
9.296076571310203e-06
9.302993328559625e-06
9.309912664130251e-06
9.316834578022093e-06
9.323759070235144e-06
9.330686140769399e-06
9.337615789624867e-06
9.344548016801542e-06
9.351482822299429e-06
9.358420206118525e-06
9.365360168258828e-06
9.372302708720341e-06
9.379247827503063e-06
9.386195524606996e-06
9.39314580003214e-06
9.400098653778489e-06
9.40705408584605e-06
9.414012096234816e-06
9.420972684944797e-06
9.427935851975987e-06
9.434901597328381e-06
9.44186992100199e-06
9.448840822996805e-06
9.455814303312832e-06
9.462790361950066e-06
9.469768998908509e-06
9.476750214188163e-06
9.483734007789027e-06
9.490720379711098e-06
9.49770932995438e-06
9.504700858518867e-06
9.511694965404568e-06
9.518691650611478e-06
9.525690914139595e-06
9.532692755988924e-06
9.53969717615946e-06
9.546704174651208e-06
1.590983995900744e-05
1.591888783560484e-05
1.5927938290523445e-05
1.5936991323763262e-05
1.5946046935324282e-05
1.595510512520652e-05
1.5964165893409966e-05
1.5973229239934616e-05
1.5982295164780483e-05
1.5991363667947552e-05
1.6000434749435836e-05
1.600950840924533e-05
1.6018584647376025e-05
1.6027663463827935e-05
1.603674485860105e-05
1.604582883169538e-05
1.605491538311092e-05
1.6064004512847667e-05
1.6073096220905623e-05
1.608219050728479e-05
1.6091287371985158e-05
1.6100386815006748e-05
1.6109488836349537e-05
1.6118593436013543e-05
1.6127700613998752e-05
1.6136810370305174e-05
1.6145922704932807e-05
1.6155037617881643e-05
1.616415510915169e-05
1.6173275178742954e-05
1.618239782665542e-05
1.6191523052889095e-05
1.620065085744398e-05
1.6209781240320076e-05
1.6218914201517385e-05
1.6228049741035893e-05
1.6237187858875622e-05
1.624632855503655e-05
1.6255471829518696e-05
1.6264617682322048e-05
1.6273766113446606e-05
1.6282917122892374e-05
1.6292070710659353e-05
1.6301226876747544e-05
1.6310385621156942e-05
1.631954694388755e-05
1.6328710844939365e-05
1.633787732431239e-05
1.6347046382006628e-05
1.6356218018022073e-05
1.6365392232358724e-05
1.637456902501659e-05
1.6383748395995663e-05
1.639293034529594e-05
1.6402114872917432e-05
1.6411301978860133e-05
1.642049166312404e-05
1.6429683925709162e-05
1.643887876661549e-05
1.644807618584303e-05
1.645727618339177e-05
1.6466478759261732e-05
1.64756839134529e-05
1.648489164596527e-05
1.6494101956798854e-05
1.6503314845953644e-05
1.6512530313429648e-05
1.6521748359226862e-05
1.6530968983345282e-05
1.6540192185784916e-05
1.6549417966545753e-05
1.6558646325627803e-05
1.6567877263031064e-05
1.6577110778755527e-05
1.6586346872801204e-05
1.659558554516809e-05
1.6604826795856187e-05
1.6614070624865494e-05
1.6623317032196004e-05
1.663256601784773e-05
1.6641817581820664e-05
1.6651071724114804e-05
1.666032844473016e-05
1.6669587743666716e-05
1.667884962092449e-05
1.6688114076503466e-05
1.6697381110403655e-05
1.6706650722625058e-05
1.6715922913167657e-05
1.6725197682031477e-05
1.6734475029216506e-05
1.674375495472274e-05
1.6753037458550185e-05
1.6762322540698837e-05
1.6771610201168703e-05
1.6780900439959776e-05
1.6790193257072055e-05
1.6799488652505547e-05
1.6808786626260243e-05
1.6818087178336155e-05
2.499926175822274e-05
2.5010603188404297e-05
2.5021947196907066e-05
2.503329378373105e-05
2.5044642948876234e-05
2.5055994692342636e-05
2.5067349014130245e-05
2.5078705914239057e-05
2.509006539266909e-05
2.510142744942032e-05
2.5112792084492766e-05
2.512415929788642e-05
2.513552908960128e-05
2.5146901459637358e-05
2.5158276407994643e-05
2.516965393467313e-05
2.5181034039672832e-05
2.5192416722993737e-05
2.5203801984635862e-05
2.5215189824599194e-05
2.5226580242883725e-05
2.5237973239489473e-05
2.524936881441643e-05
2.5260766967664595e-05
2.5272167699233977e-05
2.5283571009124554e-05
2.529497689733635e-05
2.5306385363869353e-05
2.5317796408723564e-05
2.5329210031898992e-05
2.5340626233395616e-05
2.5352045013213457e-05
2.5363466371352508e-05
2.537489030781277e-05
2.538631682259424e-05
2.539774591569691e-05
2.54091775871208e-05
2.5420611836865894e-05
2.54320486649322e-05
2.544348807131972e-05
2.545493005602844e-05
2.5466374619058376e-05
2.5477821760409513e-05
2.5489271480081867e-05
2.5500723778075433e-05
2.5512178654390197e-05
2.552363610902618e-05
2.5535096141983367e-05
2.5546558753261767e-05
2.5558023942861377e-05
2.556949171078219e-05
2.558096205702422e-05
2.5592434981587457e-05
2.56039104844719e-05
2.5615388565677556e-05
2.5626869225204416e-05
2.5638352463052492e-05
2.5649838279221775e-05
2.5661326673712265e-05
2.5672817646523968e-05
2.5684311197656874e-05
2.5695807327110997e-05
2.5707306034886326e-05
2.5718807320982862e-05
2.573031118540061e-05
2.5741817628139564e-05
2.575332664919973e-05
2.576483824858111e-05
2.577635242628369e-05
2.5787869182307487e-05
2.5799388516652486e-05
2.58109104293187e-05
2.5822434920306124e-05
2.5833961989614752e-05
2.5845491637244598e-05
2.5857023863195643e-05
2.5868558667467902e-05
2.5880096050061374e-05
2.589163601097605e-05
2.590317855021194e-05
2.591472366776903e-05
2.5926271363647338e-05
2.5937821637846856e-05
2.5949374490367578e-05
2.5960929921209513e-05
2.597248793037265e-05
2.5984048517857006e-05
2.5995611683662568e-05
2.600717742778934e-05
2.6018745750237317e-05
2.6030316651006512e-05
2.6041890130096907e-05
2.6053466187508518e-05
2.6065044823241332e-05
2.6076626037295357e-05
2.6088209829670598e-05
2.609979620036704e-05
2.6111385149384697e-05
2.6122976676723558e-05
2.6134570782383632e-05
3.6133784157800563e-05
3.614741914156628e-05
3.616105670365323e-05
3.617469684406136e-05
3.6188339562790713e-05
3.6201984859841284e-05
3.6215632735213045e-05
3.622928318890603e-05
3.624293622092021e-05
3.625659183125562e-05
3.627025001991222e-05
3.6283910786890044e-05
3.629757413218907e-05
3.631124005580931e-05
3.632490855775075e-05
3.633857963801341e-05
3.635225329659727e-05
3.636592953350234e-05
3.637960834872862e-05
3.6393289742276126e-05
3.640697371414482e-05
3.642066026433472e-05
3.6434349392845856e-05
3.644804109967818e-05
3.646173538483171e-05
3.647543224830647e-05
3.648913169010242e-05
3.650283371021959e-05
3.651653830865796e-05
3.6530245485417554e-05
3.654395524049834e-05
3.655766757390034e-05
3.657138248562357e-05
3.6585099975667986e-05
3.659882004403361e-05
3.661254269072047e-05
3.6626267915728514e-05
3.663999571905776e-05
3.665372610070824e-05
3.666745906067992e-05
3.6681194598972803e-05
3.669493271558689e-05
3.6708673410522205e-05
3.672241668377872e-05
3.673616253535644e-05
3.674991096525539e-05
3.676366197347552e-05
3.6777415560016876e-05
3.679117172487944e-05
3.680493046806321e-05
3.681869178956819e-05
3.683245568939437e-05
3.684622216754178e-05
3.6859991224010384e-05
3.6873762858800195e-05
3.688753707191124e-05
3.690131386334347e-05
3.691509323309691e-05
3.6928875181171575e-05
3.694265970756744e-05
3.695644681228451e-05
3.697023649532278e-05
3.698402875668228e-05
3.699782359636298e-05
3.701162101436489e-05
3.702542101068802e-05
3.7039223585332346e-05
3.705302873829787e-05
3.706683646958464e-05
3.708064677919259e-05
3.709445966712175e-05
3.710827513337214e-05
3.712209317794372e-05
3.713591380083651e-05
3.7149737002050506e-05
3.7163562781585734e-05
3.7177391139442145e-05
3.719122207561978e-05
3.720505559011862e-05
3.721889168293867e-05
3.723273035407993e-05
3.7246571603542414e-05
3.7260415431326084e-05
3.727426183743097e-05
3.7288110821857055e-05
3.730196238460438e-05
3.7315816525672885e-05
3.7329673245062606e-05
3.7343532542773556e-05
3.7357394418805696e-05
3.737125887315904e-05
3.738512590583361e-05
3.7398995516829376e-05
3.7412867706146356e-05
3.7426742473784545e-05
3.744061981974395e-05
3.7454499744024555e-05
3.746838224662637e-05
3.7482267327549404e-05
3.749615498679364e-05
4.931340715774093e-05
4.9329335695090806e-05
4.9345266810761916e-05
4.9361200504754215e-05
4.9377136777067725e-05
4.9393075627702464e-05
4.94090170566584e-05
4.942496106393553e-05
4.944090764953388e-05
4.9456856813453455e-05
4.9472808555694224e-05
4.94887628762562e-05
4.95047197751394e-05
4.95206792523438e-05
4.95366413078694e-05
4.955260594171623e-05
4.9568573153884255e-05
4.958454294437348e-05
4.960051531318392e-05
4.9616490260315594e-05
4.963246778576845e-05
4.964844788954252e-05
4.966443057163782e-05
4.96804158320543e-05
4.9696403670792004e-05
4.971239408785092e-05
4.972838708323104e-05
4.974438265693236e-05
4.97603808089549e-05
4.977638153929866e-05
4.979238484796361e-05
4.9808390734949775e-05
4.982439920025716e-05
4.984041024388574e-05
4.9856423865835536e-05
4.987244006610655e-05
4.9888458844698755e-05
4.990448020161217e-05
4.9920504136846814e-05
4.993653065040266e-05
4.99525597422797e-05
4.996859141247795e-05
4.998462566099744e-05
5.0000662487838116e-05
5.0016701893e-05
5.003274387648311e-05
5.004878843828741e-05
5.006483557841292e-05
5.008088529685965e-05
5.0096937593627584e-05
5.0112992468716724e-05
5.012904992212707e-05
5.014510995385864e-05
5.0161172563911406e-05
5.017723775228539e-05
5.019330551898059e-05
5.020937586399698e-05
5.0225448787334594e-05
5.024152428899342e-05
5.025760236897344e-05
5.027368302727467e-05
5.0289766263897114e-05
5.030585207884078e-05
5.032194047210564e-05
5.033803144369171e-05
5.035412499359901e-05
5.0370221121827494e-05
5.038631982837719e-05
5.0402421113248117e-05
5.041852497644023e-05
5.043463141795355e-05
5.04507404377881e-05
5.046685203594385e-05
5.0482966212420804e-05
5.0499082967218964e-05
5.051520230033835e-05
5.053132421177893e-05
5.054744870154072e-05
5.056357576962374e-05
5.057970541602795e-05
5.059583764075337e-05
5.061197244380001e-05
5.062810982516785e-05
5.06442497848569e-05
5.066039232286715e-05
5.0676537439198634e-05
5.0692685133851306e-05
5.070883540682519e-05
5.0724988258120294e-05
5.0741143687736596e-05
5.0757301695674115e-05
5.077346228193285e-05
5.078962544651278e-05
5.080579118941391e-05
5.082195951063627e-05
5.083813041017984e-05
5.085430388804461e-05
5.0870479944230584e-05
5.088665857873778e-05
5.090283979156618e-05
6.453813075804382e-05
6.455635284897787e-05
6.457457751823314e-05
6.45928047658096e-05
6.461103459170727e-05
6.462926699592619e-05
6.464750197846627e-05
6.466573953932757e-05
6.468397967851007e-05
6.470222239601383e-05
6.472046769183875e-05
6.47387155659849e-05
6.475696601845226e-05
6.477521904924081e-05
6.479347465835059e-05
6.481173284578159e-05
6.482999361153376e-05
6.484825695560716e-05
6.486652287800176e-05
6.488479137871759e-05
6.490306245775462e-05
6.492133611511286e-05
6.49396123507923e-05
6.495789116479297e-05
6.497617255711482e-05
6.499445652775791e-05
6.501274307672219e-05
6.503103220400768e-05
6.504932390961437e-05
6.50676181935423e-05
6.508591505579141e-05
6.510421449636173e-05
6.512251651525329e-05
6.514082111246603e-05
6.515912828799998e-05
6.517743804185517e-05
6.519575037403153e-05
6.521406528452911e-05
6.523238277334793e-05
6.525070284048793e-05
6.526902548594914e-05
6.528735070973156e-05
6.53056785118352e-05
6.532400889226004e-05
6.534234185100609e-05
6.536067738807335e-05
6.537901550346182e-05
6.53973561971715e-05
6.541569946920239e-05
6.543404531955449e-05
6.545239374822779e-05
6.547074475522229e-05
6.548909834053803e-05
6.550745450417496e-05
6.552581324613311e-05
6.554417456641248e-05
6.556253846501304e-05
6.558090494193479e-05
6.559927399717779e-05
6.561764563074199e-05
6.563601984262737e-05
6.565439663283398e-05
6.56727760013618e-05
6.569115794821083e-05
6.570954247338107e-05
6.572792957687254e-05
6.574631925868517e-05
6.576471151881903e-05
6.578310635727413e-05
6.58015037740504e-05
6.58199037691479e-05
6.58383063425666e-05
6.585671149430652e-05
6.587511922436763e-05
6.589352953274995e-05
6.591194241945351e-05
6.593035788447825e-05
6.59487759278242e-05
6.596719654949138e-05
6.598561974947976e-05
6.600404552778933e-05
6.602247388442015e-05
6.604090481937215e-05
6.605933833264535e-05
6.607777442423977e-05
6.609621309415542e-05
6.611465434239227e-05
6.61330981689503e-05
6.615154457382958e-05
6.616999355703003e-05
6.618844511855172e-05
6.620689925839462e-05
6.622535597655872e-05
6.624381527304402e-05
6.626227714785051e-05
6.628074160097825e-05
6.62992086324272e-05
6.631767824219733e-05
6.633615043028869e-05
6.635462519670125e-05
8.180795495870922e-05
8.182847060322744e-05
8.184898882606686e-05
8.18695096272275e-05
8.189003300670935e-05
8.19105589645124e-05
8.193108750063666e-05
8.195161861508214e-05
8.19721523078488e-05
8.199268857893669e-05
8.20132274283458e-05
8.20337688560761e-05
8.205431286212763e-05
8.207485944650035e-05
8.209540860919427e-05
8.211596035020944e-05
8.213651466954579e-05
8.215707156720334e-05
8.217763104318211e-05
8.21981930974821e-05
8.221875773010329e-05
8.223932494104569e-05
8.22598947303093e-05
8.228046709789411e-05
8.230104204380015e-05
8.232161956802739e-05
8.234219967057584e-05
8.236278235144549e-05
8.238336761063636e-05
8.240395544814845e-05
8.242454586398172e-05
8.244513885813621e-05
8.246573443061192e-05
8.248633258140883e-05
8.250693331052694e-05
8.25275366179663e-05
8.254814250372682e-05
8.256875096780857e-05
8.258936201021154e-05
8.260997563093571e-05
8.263059182998107e-05
8.265121060734765e-05
8.267183196303547e-05
8.269245589704447e-05
8.271308240937467e-05
8.273371150002611e-05
8.275434316899874e-05
8.277497741629259e-05
8.279561424190764e-05
8.281625364584391e-05
8.283689562810136e-05
8.285754018868004e-05
8.287818732757995e-05
8.289883704480104e-05
8.291948934034333e-05
8.294014421420688e-05
8.296080166639159e-05
8.298146169689752e-05
8.300212430572469e-05
8.302278949287302e-05
8.304345725834258e-05
8.306412760213336e-05
8.308480052424534e-05
8.310547602467854e-05
8.312615410343294e-05
8.314683476050857e-05
8.316751799590538e-05
8.318820380962338e-05
8.320889220166264e-05
8.322958317202308e-05
8.325027672070475e-05
8.32709728477076e-05
8.329167155303169e-05
8.331237283667696e-05
8.333307669864345e-05
8.335378313893116e-05
8.337449215754008e-05
8.339520375447019e-05
8.341591792972153e-05
8.343663468329407e-05
8.345735401518781e-05
8.34780759254028e-05
8.349880041393895e-05
8.351952748079632e-05
8.35402571259749e-05
8.356098934947472e-05
8.358172415129572e-05
8.360246153143792e-05
8.362320148990136e-05
8.364394402668599e-05
8.366468914179183e-05
8.36854368352189e-05
8.370618710696716e-05
8.372693995703662e-05
8.37476953854273e-05
8.37684533921392e-05
8.378921397717229e-05
8.38099771405266e-05
8.383074288220213e-05
8.385151120219885e-05
