0.707450061680458
0.7075417302325809
0.7076313749519204
0.7077192898430766
0.7078053801330564
0.7078896593791641
0.7079721181540977
0.7080527512350083
0.7081315539963194
0.7082085216697169
0.7082836501262821
0.7083569356599386
0.708428374661226
0.7084979639448195
0.7085657009351631
0.7086315813750884
0.7086956045241712
0.7087577673532361
0.7088180677232394
0.7088765036329898
0.7089330732225023
0.7089877747647618
0.7090406066437546
0.7090915673470517
0.7091406554498878
0.7091878696052192
0.7092332085354449
0.709276671019957
0.7093182558868207
0.7093579620059409
0.7093957882784473
0.7094317336322694
0.70946579701507
0.7094979773844853
0.7095282737050561
0.7095566849446956
0.7095832100665203
0.7096078480247692
0.7096305977623479
0.7096514582054314
0.7096704282606177
0.7096875068120735
0.7097026927189983
0.7097159848110708
0.7097273818900294
0.709736882724512
0.7097444860495895
0.7097501905671831
0.7097539949420169
0.7097558978023966
0.709755897742303
0.7097539933154873
0.7097501830426912
0.7097444654049269
0.7097368388471226
0.7097273017826455
0.7097158525883799
0.7097024896109553
0.709687211165198
0.7096700155377081
0.7096509009895065
0.7096298657572548
0.7096069080574531
0.7095820260890942
0.7095552180365602
0.7095264820752616
0.7094958163735164
0.709463219100169
0.7094286884259466
0.7093922225307852
0.7093538196106214
0.7093134778826026
0.7092711955900937
0.7092269710142772
0.7091808024769969
0.7091326883525403
0.709082627075216
0.7090306171509805
0.7089766571623778
0.7089207457885546
0.708862881808777
0.708803064121964
0.7087412917627591
0.7086775639201064
0.7086118800926533
0.7085442385598001
0.7084746412183136
0.708403086587617
0.7083295750629742
0.7082541070976243
0.7081766835005605
0.7080973053148156
0.7080159738338239
0.7079326913874263
0.707847460159688
0.7077602802217767
0.7076711704410804
0.7075800875180309
0.7074871529193208
0.7073921875953305
0.7073189104932359
0.7074251638492746
0.7075284377527751
0.7076290741750934
0.7077270941586636
0.7078225995686402
0.7079156474956182
0.7080062859603593
0.7080945541019861
0.7081804786788464
0.708264086726451
0.7083454009505333
0.7084244404215528
0.7085012229448705
0.7085757627009601
0.7086480662405935
0.7087181949932027
0.7087860967940478
0.7088518156679335
0.7089153598738831
0.7089767398147844
0.7090359658761394
0.7090930478368087
0.7091479950801042
0.7092008165488104
0.7092515207584139
0.7093001159006238
0.709346609697403
0.709391009699045
0.7094333231126418
0.7094735563412304
0.7095117166467553
0.7095478097741132
0.7095818409082756
0.7096138183223305
0.7096437440594572
0.7096716251749899
0.709697467419904
0.7097212735354774
0.7097430486743628
0.7097627977000028
0.7097805241731912
0.7097962317502644
0.7098099241945345
0.7098216049621918
0.7098312772209329
0.7098389439655319
0.7098446080339587
0.7098482720973791
0.8275311439019539
0.8275433157767862
0.7098472883985405
0.7098429757778215
0.7098366740392754
0.7098283849095246
0.7098181099737222
0.7098058506697537
0.709791608299581
0.7097753840842731
0.7097571792395911
0.7097369948882206
0.7097148317755781
0.7096906904142843
0.7096645718827839
0.7096364771759005
0.7096064057018001
0.7095743582633848
0.7095403370610986
0.7095043399988818
0.7094663681717353
0.7094264233713563
0.7093845033684512
0.7093406103873655
0.709294743586993
0.7092469035341189
0.7091970903329063
0.7091453041943704
0.7090915453273724
0.7090358139363886
0.7089781103389441
0.7089184347795153
0.7088567876676874
0.7087931694096745
0.7087275810796972
0.7086600281887051
0.7085904838312274
0.7085189885173195
0.7084455212112876
0.7083700843328974
0.7082926791212552
0.7082133058756833
0.7081319642009108
0.7080486538849823
0.707963371731541
0.7078761167282253
0.7077868797844189
0.7076956680718712
0.7076024343807988
0.7075069692466903
0.7074105010624584
0.7069875127509729
0.7071333962856832
0.7072753316923183
0.7074124651171172
0.7075451071152378
0.7076733425554789
0.707798664017333
0.7079179775242332
0.7080305374156322
0.7081180831290339
0.708239508775343
0.7083430979531761
0.708444091316609
0.7085418597942458
0.7086358246552751
0.7087263063824915
0.7088134367913099
0.7088973227958579
0.7089779390777089
0.709055718340937
0.7091303461747462
0.7092020038062652
0.7092707483874772
0.7093366249957367
0.7093996774526712
0.7094599467669289
0.7095174714886836
0.7095722876420201
0.7096244295494047
0.7096739283669599
0.7097208188968098
0.7097651071313971
0.7098068698894902
0.709846069275741
0.7098826670541514
0.7099170910866962
0.7099475494891561
0.7099777865111001
0.7100070265147239
0.7100299268797065
0.7100526415183515
0.7100720167905528
0.7100897070927326
0.7101047491564128
0.7101176214632825
0.710128204879898
0.7101364593291087
0.7101425017186093
0.8232532948078883
0.8233103446007305
0.823365488529842
0.8234187275377498
0.8234700661312966
0.8235195108009481
0.8235670702774942
0.7101106059102504
0.7100967649314092
0.7100807645057703
0.7100626127122579
0.710042316994326
0.7100198846064395
0.7099953225251046
0.7099686373490792
0.7099398353510175
0.7099089225302713
0.70987590460863
0.709840787034627
0.7098035750121794
0.7097642734788134
0.7097228871566744
0.7096794206276501
0.7096338782173564
0.7095862638532964
0.7095365814953619
0.7094848351425442
0.7094310282103662
0.7093751642250556
0.7093172464694097
0.7092572781326139
0.709195262256265
0.7091312018086284
0.7090650996249481
0.7089969584821746
0.7089267805597792
0.7088545663642659
0.7087803165841957
0.7087040380980604
0.7086257367845067
0.7085454096864653
0.708463055952337
0.70837867790082
0.7082922761125887
0.7082038505278965
0.7081134001878868
0.7080209221642466
0.7079264154768463
0.7078298711324171
0.7077312810823487
0.707630631828948
0.7075278993885238
nan
nan
nan
nan
nan
0.707002032103827
nan
nan
nan
nan
nan
0.708223812359255
0.7084147171046332
0.7085464443350755
0.7086985399058036
0.7088298099707864
0.7089760953931641
0.7090963132845408
0.7092072996154833
0.7093198553846521
0.709426801702943
0.7095178083086517
0.7096048565380263
0.7097018555535549
0.7097848191750772
0.709863757864909
0.709938463793301
0.7100089062333853
0.7100706381076068
0.710140994819279
0.7101983160635272
0.710253910258727
0.7103058388644206
0.7103543195710588
0.7103994307676685
0.710441233054139
0.7104797951526123
0.7105151746565026
0.7105474471215415
0.710576662668564
0.7106029095955688
0.7106270909967479
0.7106453605750451
0.7106634839122806
0.7106782427530771
0.7106900451086204
0.8163094285349752
0.8164499936137972
0.8165871822457261
0.8167210174637546
0.8168515251173577
0.8169787327642534
0.81710266971238
0.8172233664172878
0.8173408548813957
0.817455167379
0.8175663386374158
0.8176744108231142
0.8177793987629457
0.8178811825709273
0.8179796913922898
0.7105257910896725
0.7104940545302015
0.7104611850003277
0.7104254457366451
0.7103874843216191
0.7103472073301038
0.7103046635844373
0.7102598627083969
0.7102128204430853
0.710163549860091
0.7101120627585785
0.7100583708613484
0.710002485015512
0.7099444098436991
0.7098841843246169
0.7098218056755838
0.7097571777609183
0.7096905799573802
0.7096213582965124
0.709550598313974
0.7094775384221097
0.7094023414187347
0.7093250572084379
0.7092456771663629
0.7091642118355194
0.7090806714682951
0.7089948053471825
0.7089074201250725
0.7088177714056955
0.7087261237411772
0.708632602150234
0.708536970292146
0.7084392796248391
0.7083436578845074
0.708236020946251
0.7081394476001669
0.7081355801271978
0.70790941154503
0.7077035936874199
nan
nan
nan
nan
nan
nan
nan
nan
nan
nan
nan
nan
nan
nan
nan
nan
nan
nan
nan
nan
nan
nan
0.7879992864075478
0.7107597099205697
nan
0.7098729280884695
0.7113371503813031
0.7111165045478902
0.7107088828686716
0.7108340171241833
0.7112616657012434
0.7110386355706363
0.7111273673271535
0.7111937032408968
0.7112670485568209
0.711333126549942
0.7113941663449219
0.7114514495338506
0.7115088362485618
0.7115677130237141
0.7116180787853825
0.7116668912266239
0.8088700149970174
0.8071516798720463
0.8067419851629289
0.8068484094991736
0.8069653394017229
0.8070011294759106
0.8069629333462538
0.8069040225587158
0.8069256619673086
0.8072754854025488
0.8081828042009644
0.8084806478177837
0.806542488538163
0.809077090411414
0.8094032562111765
0.8096585852620176
0.809892212840176
0.8101085411299
0.8103135635122768
0.8105098436378451
0.8106985166942774
0.8108806457269855
0.8110592259417095
0.811227672483938
0.8113930196150159
0.8115533504315825
0.8117088557739639
0.7110422997624617
0.7109820539987246
0.7109196385901821
0.7108550631219986
0.7107883899303515
0.7107192287815691
0.7106483330367753
0.7105812391051185
0.7105053403417674
0.7104190045432885
0.7103390146494641
0.7102601094586893
0.7101760054399282
0.7100880793501907
0.7099986172611243
0.7099079874043458
0.70981566501838
0.7097212307551363
0.7096245267634442
0.7095254993022936
0.7094240212896491
0.7093199792487898
0.709214699526398
0.7091077651545034
0.7090000358802043
0.7088916036283226
0.7087790840540564
0.7086582537406385
0.7085380286332732
0.708454649442204
0.7083269210392679
nan
nan
nan
nan
nan
nan
nan
nan
nan
nan
nan
nan
nan
nan
nan
nan
nan
nan
nan
nan
nan
nan
nan
nan
nan
nan
nan
nan
nan
nan
nan
nan
nan
nan
nan
nan
0.709365758927613
nan
nan
nan
0.7886807509782852
0.7122019569907865
0.7125194704587684
0.7119937843277409
0.7120605193477303
0.7121816983484286
0.7121942752725791
0.7939052638229831
0.7964131486195873
0.79636434279275
0.7963165502906059
0.7971364494589973
0.7959146402764117
0.7980573041678429
0.7983764359404584
0.7991126285100532
0.7994720510958473
0.8000603614220794
0.8000665100782809
0.8000612017728386
0.7997075866779437
0.8006920511591733
0.8010231608289256
0.8013193198685586
0.8016018140265386
0.8019016753930612
0.802150253141535
0.8024112024104944
0.8026591349157844
0.8029025168343206
0.8030892266917611
0.8033538545229404
0.8035736147154006
0.8038011228786105
0.8039940595736119
0.7118811425358446
0.7117908969211204
0.7116988098629731
0.711606905260696
0.7115145726994698
0.7114252510784007
0.7113392061533621
0.7112836925301117
0.7111048946301886
0.7109343190833688
0.710765253053437
0.7106456637833156
0.7105396700787839
0.7104198720347725
0.7102835469963102
0.7101490189474726
0.7099829368832866
0.709924642501595
0.7096971485885971
0.7095550013661446
0.7093889302555333
0.7091608657598782
0.7090503403281332
0.7088225418759281
0.7085965159297944
nan
nan
nan
nan
nan
nan
nan
nan
nan
nan
nan
nan
nan
nan
nan
nan
nan
nan
nan
nan
nan
nan
nan
nan
nan
nan
nan
nan
nan
nan
nan
nan
nan
nan
nan
nan
nan
nan
nan
nan
nan
nan
nan
nan
nan
nan
nan
nan
nan
nan
nan
nan
nan
nan
nan
nan
nan
nan
nan
nan
nan
0.7869635029985045
0.787229990063369
0.7876731251663411
0.788449886004418
0.7891374186266241
0.7898583339433354
0.7905589458116369
0.7910574977569759
0.7916318399163564
0.792104321403294
0.7927849863676517
0.7934201019969178
0.7991600714644254
0.7962147993067834
0.7962254523127144
0.7964754803623587
0.7964624500200068
0.7964002475112122
0.7963795668192922
0.7963820721604877
0.7963961928016782
0.7963365500771333
0.7965462384446333
0.7926190559622087
0.7922526011677467
0.7127131590861422
0.7126610711836907
0.7916956521887956
0.7117417239935386
0.7116493170478604
0.7115296382614746
0.7121072434926672
0.7114406820820761
0.7111200371361532
0.7112147511586928
nan
0.7105535760644438
nan
0.7088425708676344
nan
nan
nan
nan
nan
nan
nan
nan
nan
nan
nan
nan
nan
nan
nan
nan
nan
nan
nan
nan
nan
nan
nan
nan
nan
nan
nan
nan
nan
nan
nan
nan
nan
nan
nan
nan
nan
nan
nan
nan
nan
nan
nan
nan
nan
nan
nan
nan
nan
nan
nan
nan
nan
nan
nan
nan
nan
nan
nan
nan
nan
nan
nan
nan
nan
nan
nan
nan
nan
nan
nan
nan
nan
nan
nan
nan
nan
nan
nan
nan
0.7105164539344094
nan
nan
0.7851161957029802
nan
0.7101621144778338
nan
0.7108867365206442
0.7881077343662062
0.7886065325425586
0.7890295772616976
0.7118484666407752
nan
nan
0.7118119731129439
0.7114757005454283
0.7116409530248183
nan
nan
nan
nan
nan
nan
nan
nan
nan
nan
nan
nan
nan
nan
nan
nan
nan
nan
nan
nan
nan
nan
nan
nan
nan
nan
nan
nan
nan
nan
nan
nan
nan
nan
nan
nan
nan
nan
nan
nan
nan
nan
nan
nan
nan
nan
nan
nan
nan
nan
nan
nan
nan
nan
nan
nan
nan
nan
nan
nan
nan
nan
nan
nan
nan
nan
nan
nan
nan
nan
nan
nan
nan
nan
nan
nan
nan
nan
nan
nan
nan
nan
nan
nan
nan
nan
nan
nan
nan
nan
nan
nan
nan
nan
nan
nan
nan
nan
nan
nan
nan
nan
nan
nan
nan
nan
nan
nan
nan
nan
nan
nan
nan
nan
nan
nan
nan
nan
nan
nan
nan
nan
nan
nan
nan
nan
nan
nan
nan
nan
nan
nan
nan
nan
nan
nan
nan
nan
nan
nan
nan
nan
nan
nan
nan
nan
nan
nan
nan
nan
nan
nan
nan
nan
nan
nan
nan
nan
nan
nan
nan
nan
nan
nan
nan
nan
nan
nan
nan
nan
nan
nan
nan
nan
nan
nan
nan
nan
nan
nan
nan
nan
nan
nan
nan
nan
nan
nan
nan
nan
nan
nan
nan
nan
nan
nan
nan
nan
nan
nan
nan
nan
nan
