nan
nan
nan
nan
nan
nan
nan
nan
nan
nan
nan
nan
nan
nan
nan
nan
nan
nan
nan
nan
nan
nan
nan
nan
nan
nan
nan
nan
nan
nan
nan
nan
nan
nan
nan
nan
nan
0.0850466835875437
0.08503983378108124
0.08503353477283293
0.08502779163003976
0.08502260899146638
0.085017991067344
0.08501394163970769
0.08501046406331164
0.085007561265277
0.0850052357444513
0.08500348957275812
0.08500232439239992
0.08500174141700183
0.08500174143300984
0.08500232478974981
0.08500349141307212
0.08500524078985447
0.08500757197634123
0.08501048359143165
0.08501397381644045
0.08501804039373397
0.08502268062478016
0.0850278913666067
0.08503366903131297
nan
nan
nan
nan
nan
nan
nan
nan
nan
nan
nan
nan
nan
nan
nan
nan
nan
nan
nan
nan
nan
nan
nan
nan
nan
nan
nan
nan
nan
nan
nan
nan
nan
nan
nan
nan
nan
nan
nan
0.08586142434886102
0.0858409353091065
0.08582047856020567
0.08580009732923527
0.08577978912042225
0.0857595859275771
0.08573950871518317
0.08571957908343612
0.08569981727968745
0.08568024365379584
0.08566087934482397
0.08564174251595305
0.08562285245209805
0.08560422721616501
0.08558588491297918
0.08556784246754634
0.0855501174093047
0.08553272332234212
0.08551568019749575
0.08549900058183468
0.08548269638508675
0.08546678990024988
0.08545128478698216
0.08543620506254532
0.08542155204538132
0.08540734728412769
0.08539359660990016
0.0853803149384133
0.08536751094719627
0.08535519605957553
0.08534337968361488
0.08533207135145371
0.08532127999991126
0.08531101407398159
0.08530128160610784
0.0852920901640312
0.08528344685213535
0.08527535831264561
0.08526783073831451
0.08526086987514583
0.08525448101947025
0.08524866901588662
0.08524343825831403
0.08523879269193106
0.08523473581436519
0.08523127067575034
0.0852283998787629
0.08522612557826234
0.08522444948108035
0.0852233728457138
0.08522289648206546
0.08522302075087962
0.08522374556298107
0.0852250703783135
0.08522699420458457
0.08522951559614754
0.08523263265250453
0.08523634301708032
0.0852406438756326
0.08524553195468942
0.08525100351936257
0.08525705436970507
0.0852636798373532
0.08527087478427803
0.08527863360418274
0.0852869502220205
0.0852958180823287
0.08530523013987909
0.08531517885036616
0.08532565622642668
0.08533665377315236
0.08534816235876319
0.08536017294154358
0.0853726744065663
0.08538565844608034
0.08539911021661972
0.08541302445193637
0.08542737925810516
0.08544217391360276
0.08545738462253878
0.08547300569739098
0.08548901903846778
0.08550540809886625
0.08552216258820243
0.08553926243155131
0.08555669255809278
0.08557443592230222
0.0855924746119684
0.08561079043328973
0.08562936394594445
0.08564817679853748
0.08566720680582894
0.08568643452541613
0.0857058359917989
0.08572539289410738
0.085745079387747
0.08576486106748776
0.08578474184199855
0.08580466767174999
0.08582453073247984
0.0866845802033859
0.08665895526879844
0.08663340197855794
0.08660794275834435
0.0865826015262447
0.08655740179202068
0.08653236499895456
0.08650751618753089
0.08648287490377723
0.08645846171391017
0.08643429852804659
0.08641040508895012
0.08638680103257973
0.08636350526379721
0.08634053633737335
0.08631791204888013
0.0862956499813986
0.08627376622233493
0.0862522791461484
0.08623120288317702
0.0862105486570156
0.08619034366186308
0.08617058587677981
0.08615129900619288
0.08613250121380839
0.08611418995240473
0.08609639009885342
0.08607910633067407
0.08606235402516534
0.08604614172063248
0.08603048032165155
0.08601537954796687
0.08600084840901981
0.08598689581131887
0.08597352996807446
0.08596075867355923
0.08594858922204719
0.0859370284489446
0.08592608271785562
0.08591575791305782
0.08590605944568766
0.08589699226059973
0.08588856083695823
0.08588076918610119
0.08587362085151926
0.08586711891007894
0.08586126597409181
0.08585606419109228
0.08585151524520085
0.0858476203561651
0.08584438027995801
0.08584179530848568
0.08583986526909798
0.08583858952468496
0.0858379669723879
0.08583799604324759
0.08583867470086537
0.0858400004405272
0.08584197028813752
0.08584458079865001
0.08584782805507384
0.08585170766620595
0.08585621476272619
0.08586134399389223
0.08586708952674857
0.08587344504754485
0.0858804037603583
0.08588795838399078
0.08589610110967659
0.08590482371785742
0.08591411733791851
0.08592397272162706
0.08593438047723755
0.08594532887747014
0.08595681041535241
0.08596880781974148
0.08598131947208265
0.08599431536985969
0.08600780200112884
0.0860217582912001
0.08603616303038186
0.08605101569489454
0.08606628883890766
0.08608197201795698
0.08609804944857594
0.08611450270934648
0.08613131497161207
0.08614846805771029
0.08616594331391343
0.08618372134163493
0.08620178224658112
0.08622010547746055
0.08623867016286699
0.0862574515174501
0.08627643014296339
0.08629558051328529
0.08631487755261888
0.08633429680799126
0.08635381057024721
0.08637338837247414
0.08794112448204873
0.08790834300979115
0.08787561645104291
0.08784296624760911
0.087810458883434
0.08777810233912847
0.08774586737526117
0.08771385154539425
0.08768206085242096
0.08765051922700186
0.08761924612477165
0.08758827281726615
0.08755761722110214
0.0875273022158838
0.08749734895882794
0.08746777792486926
0.08743860882665784
0.08740986126846739
0.08738155343636098
0.08735370301421258
0.0873263258491021
0.08729944454405328
0.08727306872719626
0.08724720840969367
0.08722190760753798
0.08719712726741646
0.08717292940034574
0.087149308965397
0.08712627836101854
0.08710385113424646
0.08708203695689606
0.08706084899786318
0.08704029324788753
0.08702038404069867
0.08700112810531424
0.08698253470768347
0.08696461159039512
0.08694736645148643
0.08693080625120778
0.08691493753701979
0.08689976629777002
0.08688529799210754
0.08687153756177235
0.08685848944628691
0.08684615759426814
0.08683454545962739
0.08682365599148456
0.08681349163077257
0.0868040543163559
0.0867953454962792
0.08678736613198854
0.086780116694182
0.08677359715683851
0.08676780700101512
0.08676274522521321
0.08675841035368909
0.08675480043424752
0.08675191301994348
0.0867497451496408
0.08674829334138152
0.08674755360428335
0.08674752146726143
0.08674819200588499
0.08674955985382735
0.0867516191867301
0.08675436368921687
0.08675778651680816
0.08676188026813773
0.08676663698564534
0.08677204815172926
0.086778104819783
0.08678479746298833
0.08679211618138029
0.08680005075579678
0.0868085898003818
0.08681772247484884
0.0868274367680261
0.08683771662205056
0.08684856396023877
0.08685993634318465
0.08687184801712186
0.0868842690968931
0.08689718492465323
0.08691058661756879
0.0869244526458012
0.08693876668192431
0.08695351180678498
0.0869686694422484
0.08698422084531289
0.08700014650421514
0.08701642645258795
0.08703304008656697
0.08704996618749453
0.08706718291214988
0.08708466762877942
0.0871024141464147
0.08712034323164569
0.08713848684645703
0.08715680195664996
0.08717525776029908
0.08943921558390595
0.08940262979212651
0.08936415339873893
0.08932931207125885
0.08929181050745498
0.08925430108495824
0.08921670630628897
0.08917907217018768
0.08914144166025031
0.0891038574552108
0.08906637195810466
0.0890288954342804
0.08899185125521183
0.08895461330629623
0.08891661385647631
0.08888332857896902
0.0888327022992481
0.08882211439549376
0.08880713664430798
0.08874030761453194
0.08871128840163711
0.08867394822512106
0.0886412423257237
0.08860753452176517
0.08857515207820665
0.0885430193857803
0.08851159041995832
0.08848071771614383
0.08845046869364506
0.08842085434777298
0.08839188264964323
0.08836356060643162
0.08833589633929842
0.08830890268038566
0.08828259422389634
0.0882569850935575
0.0882320868913688
0.08820790993829844
0.08818446340981337
0.08816175598674161
0.08813979565689718
0.08811858995274745
0.08809814582661242
0.08807846967298048
0.08805956731010256
0.08804144395536795
0.08802410422618631
0.08800755212072538
0.08799179101454782
0.0879768236834775
0.08796265232940162
0.08794927859370699
0.08793670355552397
0.08792492772645463
0.08791395105881092
0.08790377295274358
0.08789439225524445
0.08788580726611794
0.08787801574459161
0.08787101490338997
0.08786480141363037
0.08785937141441595
0.0878547205006242
0.08785084373456126
0.08784773564752875
0.08784539021995012
0.08784380091030952
0.0878429606357365
0.08784286177340285
0.08784349616957188
0.08784485511297965
0.08784692936944563
0.08784970915647365
0.08785318407781254
0.08785734343951676
0.08786217509831817
0.08786766891683183
0.08787380733888088
0.08788058427415145
0.08788796932546097
0.08789601178505314
0.08790459463197105
0.08791376901542322
0.0879235075981947
0.08793378855242687
0.0879445973278824
0.08795591630239423
0.08796772682081042
0.08798001027751676
0.08799274742204227
0.08800591670369955
0.08801949607710036
0.0880334661745458
0.08804780657655699
0.08806249258520889
0.08807749892851265
0.08809280987212789
0.08810839284593397
0.08812422782950984
0.08814028353288722
0.09101227366836825
0.09087990968110327
0.09076751891439103
0.09071182521325122
0.09077338395820955
0.09073766402255229
0.09070240790248144
0.09066702507771361
0.090633310830982
0.09059941559260788
0.09056459957656095
0.09052896608244429
0.0904927308620719
0.09045608917209316
0.090419096731278
0.09038182348434455
0.09034443384188956
0.09030688114568707
0.0902693129512881
0.09023176926676157
0.09019428838996789
0.09015689687060625
0.09011962315650429
0.09008257196832678
0.09004564162628648
0.09000956834089047
0.08997343086543844
0.08993766171654488
0.08990230714351644
0.08986740832878615
0.08983296772133306
0.08979902471579013
0.08976560588863841
0.08973273583258404
0.08970043942733066
0.08966873883114286
0.08963766095663259
0.0896072121074285
0.08957742424235546
0.0895483108606939
0.08951988859104804
0.089492172174538
0.08946517839469809
0.08943891591011954
0.08941341447731677
0.08938866953210485
0.08936461795390999
0.08934146561328807
0.08931919637992222
0.08929741854915871
0.08927637400308752
0.08925657915784208
0.08923778920683463
0.08921947033527042
0.08920157086481534
0.0891843741617688
0.08916820447786218
0.08915340180602913
0.08914017869518612
0.0891283644514426
0.08911738462655358
0.08910653389612447
0.08909532392683273
0.08908369637552592
0.08907201311854283
0.08906087094262188
0.08905088258228153
0.08904254896331742
0.0890362412201404
0.08903221960020472
0.08903059149205926
0.08903114412446768
0.08903310229641948
0.08903507241322282
0.08903550443015804
0.08903356389003456
0.08902974297229066
0.08902573038346276
0.08902368389776143
0.0890251990062306
0.08903016660109161
0.08903619877572591
0.08904097514358703
0.08904314473828437
0.08904704585078688
0.08904797115933538
0.08906717745168528
0.08906777515937184
0.08907620139592931
0.08908301471703303
0.08909131682771103
0.08910035959742865
0.08910949260316475
0.08911927303502426
0.08912943801771991
0.08913999754481458
0.08915091989985482
0.08916218628215358
0.08917377011272776
0.0891856410900391
nan
nan
0.09154895279860609
0.09163441580304416
0.09163142534498378
nan
0.09171391442400592
0.09176208929403623
0.09188989361932957
0.09175286072567287
0.09171430784666054
0.09166578743963338
0.09156824915371847
0.091665515629132
0.09165702953247541
0.09164209846033475
0.09162228695075178
0.09160418100331699
0.09158059657514017
0.09155644250107839
0.09153023959289114
0.0915030479360554
0.09147471396899981
0.09144557644237336
0.0914154656512828
0.09138347275010356
0.0913536345376059
0.09132162775779198
0.09128945767299787
0.09125697843602915
0.09122427474090945
0.09119146539482453
0.09115838319826819
0.09112469814860705
0.09109285711807041
0.09105527906510978
0.09102735993665548
0.09098538582237822
0.09086975202230363
0.0908836349593269
0.09091175725960676
0.09094147925296245
0.09092434048425098
0.090837311349805
0.09079411366650375
0.09077008955500232
0.09073702532129936
0.09071034899276059
0.09068209740049325
0.0906554990362422
0.09062941541533723
0.09060409419905069
0.09057948644148722
0.09055562870183081
0.09053248640488158
0.09051008779394308
0.09048843088608335
0.09046752593871506
0.09044737338246692
0.09042798170185698
0.09040935384985609
0.09039149402253893
0.09037440470915992
0.09035808725115149
0.09034254330456595
0.09032777282776631
0.09031377496408202
0.09030054830407713
0.0902880903340621
0.09027639739410503
0.09026546072166516
0.090255289991899
0.09024586421375139
0.09023718336952566
0.09022923398630925
0.09022201268164098
0.09021551005072166
0.09020971502928843
0.09020461725114448
0.09020020475750287
0.09019646511698451
0.09019338505083097
0.09019095278053374
0.09018915074766504
0.09018795427899892
0.0901873764180415
0.09018749973730703
0.09018766137956351
0.0901890106590521
0.09019058129576342
0.09019261228857911
0.09019517814423894
0.09019816978229994
0.09020161111073939
0.09020544660611393
0.0902096393860046
0.09021416061979698
0.09021897679654975
0.09022411397878236
0.09022922004387275
nan
nan
nan
nan
nan
nan
nan
nan
nan
nan
nan
nan
nan
nan
nan
nan
nan
nan
nan
nan
nan
nan
nan
nan
nan
nan
nan
0.09231650522059082
0.09231116825492883
0.09231586301620054
0.09228307230318594
0.09227523587758946
0.09226167926252188
0.09224557333716012
0.09222794832823723
0.09220911919232762
0.0921892903873221
0.09216853882140294
0.09214701242175866
0.09212481535972404
0.09210207693680814
0.09207887350203921
0.09205525489663643
0.09203138741341751
0.09200716945750784
0.09198300145554295
0.0919582595278636
0.09193426182729768
0.09190880488164746
0.09188542215853657
0.09185680345961686
0.09183898396090562
0.09181867185121595
0.09178995530818673
0.09176778700537044
0.09174366500916967
0.09172119921847527
0.09169846350085747
0.09167645249073447
0.09165470330348774
0.09163344781474889
0.09161261988901168
0.09159226112510027
0.09157238313753835
0.0915530023939273
0.09153412950273668
0.09151577808982037
0.09149795794102702
0.0914806772168431
0.0914639432207657
0.091447790071481
0.09143215163931442
0.09141710247003956
0.0914026119835312
0.0913886970244854
0.09137534672372276
0.09136256513854435
0.09135034395688002
0.09133868911174789
0.09132759057115827
0.09131703766438082
0.09130702883536324
0.09129755754809829
0.09128854961006753
0.09128025204695471
0.09127225264554915
0.09126481266518569
0.09125781985690015
0.09125128698866788
0.0912452214008519
0.09124023207666189
0.09123358900975027
0.0912290966467924
0.09122438164521085
0.0912200675156944
0.09121522949755859
0.09121341121398772
0.09120935413373268
0.09120620663998599
0.09120311675506042
nan
nan
nan
nan
nan
nan
nan
nan
nan
nan
nan
nan
nan
nan
nan
nan
nan
nan
nan
nan
nan
nan
nan
nan
nan
nan
nan
nan
nan
nan
nan
nan
nan
nan
nan
nan
nan
nan
nan
nan
nan
nan
nan
nan
nan
nan
nan
nan
0.0927777328398397
0.09276846197811892
0.0927588636509155
0.09274828300394058
0.09273693780015392
0.09272480726302622
0.09271199026731325
0.09269864103711069
0.09268481417149334
0.09267049732473338
0.09265578951035086
0.09264073755793939
0.09262538101868131
0.09260976711622183
0.09259393656694714
0.09257792613809689
0.09256176886892115
0.09254549911227365
0.09252914474662746
0.09251274937903675
0.09249631957503879
0.09247988882272362
0.0924637168110875
0.09244703493205345
0.09243357551965406
0.09241367855230112
0.09239592462992646
0.09238063316228787
0.0923653122246758
0.0923486299342501
0.09233322551652226
0.0923174516701904
0.0923018362825034
0.09228637999577993
0.09227105515499925
0.09225585870685396
0.09224080388136785
0.09222583834958137
0.09221095511265569
0.09219625830769698
0.09218160145229272
0.09216703776021423
0.09215255928926352
0.0921379484753043
0.09211562665566633
0.09211234621651207
0.09209607081141177
0.0920811067585939
0.09206640199346944
0.09205078671266259
0.09202877668203821
0.09200999470548932
nan
nan
nan
nan
nan
nan
nan
nan
nan
nan
nan
nan
nan
nan
nan
nan
nan
nan
nan
nan
nan
nan
nan
nan
nan
nan
nan
nan
nan
nan
nan
nan
nan
nan
nan
nan
nan
nan
nan
nan
nan
nan
nan
nan
nan
nan
nan
nan
nan
nan
nan
nan
nan
nan
nan
nan
nan
nan
nan
nan
nan
nan
nan
nan
nan
nan
nan
nan
nan
nan
nan
nan
nan
nan
nan
nan
nan
nan
nan
nan
nan
nan
nan
nan
nan
nan
nan
nan
nan
nan
nan
nan
nan
nan
nan
nan
nan
nan
nan
nan
