0.7066565157695132
0.7067393732049212
0.7068205570563458
0.7069000666927757
0.7069779013849613
0.7070540604163743
0.7071285431030886
0.7072013487724367
0.7072724767579386
0.7073419263997603
0.707409697046809
0.7074757880503443
0.7075401987668646
0.7076029285530135
0.707663976766814
0.707723342764847
0.707781025901292
0.7078370255282768
0.7078913409929931
0.7079439716354933
0.7079949167916656
0.7080441757872024
0.7080917479404817
0.7081376325592865
0.7081818289405425
0.7082243363693299
0.7082651541180015
0.7083042814445455
0.7083417175929889
0.7083774617906297
0.708411513249895
0.7084438711650652
0.7084745347125418
0.7085035030501969
0.7085307753165109
0.7085563506295742
0.7085802280875892
0.7086024067659311
0.708622885719983
0.708641663981325
0.7086587405589976
0.7086741144394821
0.7086877845841302
0.7086997499314895
0.708710009395342
0.7087185618641683
0.7087254062017144
0.7087305412478323
0.7087339658153505
0.708735678692403
0.7087356786372885
0.7087339643934502
0.7087305346685289
0.7087253881469269
0.7087185234916329
0.7087099393347835
0.7086996342865846
0.708687606931808
0.7086738558295231
0.7086583795157955
0.7086411765016741
0.7086222452742257
0.7086015842983091
0.7085791920151603
0.7085550668442816
0.7085292071829223
0.7085016114080382
0.7084722778753151
0.7084412049216897
0.7084083908641294
0.7083738340026573
0.7083375326179497
0.7082994849770938
0.7082596893288509
0.7082181439092069
0.7081748469399594
0.7081297966301154
0.7080829911778899
0.7080344287708257
0.7079841075871066
0.7079320257971717
0.707878181565291
0.7078225730487616
0.7077651984029838
0.7077060557780813
0.7076451433248738
0.7075824591927606
0.7075180015328053
0.7074517685000596
0.7073837582518535
0.7073139689528638
0.7072423987746514
0.7071690458983317
0.7070939085139589
0.7070169848246602
0.7069382730464492
0.7068577714126149
0.7067754781715154
0.7066913915866948
0.7066055099411207
0.706694018078134
0.7067792183826433
0.7068626957375586
0.7069444450673581
0.7070244666787716
0.7071027609620091
0.707179326916755
0.7072541637649197
0.7073272711758898
0.7073986487245594
0.7074682958476879
0.707536212034072
0.7076023968439157
0.7076668498223146
0.7077295704901726
0.7077905583682041
0.7078498129905424
0.707907333892807
0.7079631206007777
0.7080171726341963
0.7080694895077774
0.7081200707320626
0.7081689158118756
0.7082160242442783
0.708261395515873
0.708305029104485
0.7083469244779063
0.7083870810930005
0.708425498395882
0.708462175819837
0.7084971127853288
0.7085303086992756
0.7085617629540102
0.7085914749270773
0.7086194439809473
0.7086456694617759
0.7086701506988003
0.7086928870051536
0.7087138776753809
0.7087331219865065
0.7087506191969822
0.708766368545937
0.7087803692538186
0.7087926205212881
0.7088031215286874
0.7088118714362459
0.708818869383971
0.7088241144907313
0.7088276058559148
nan
nan
0.7088275481613828
0.7088240151143335
0.7088187234966523
0.7088116722805287
0.708802860414909
0.7087922868265373
0.7087799504236904
0.7087658500925409
0.7087499846985265
0.7087323530868914
0.708712954083583
0.7086917864946204
0.7086688491060298
0.7086441406866334
0.7086176599858239
0.7085894057357064
0.7085593766523282
0.7085275714342667
0.7084939887655215
0.7084586273152365
0.7084214857389741
0.708382562679179
0.708341856767089
0.7082993666228505
0.7082550908574874
0.708209028075076
0.7081611768726765
0.7081115358424379
0.7080601035718658
0.7080068786474445
0.7079518596578822
0.7078950451964893
0.7078364338616617
0.7077760242564355
0.7077138149923893
0.7076498047042461
0.7075839920585454
0.7075163757374268
0.70744695442656
0.7073757268711074
0.7073026919344314
0.7072278485176937
0.7071511954365352
0.7070727317388261
0.7069924570892273
0.7069103708046374
0.7068264712757453
0.7067407604568934
0.7066532441151099
0.706841421279748
0.7069322928940573
0.7070226116469439
0.7071103592403251
0.7071959520311252
0.7072797027151296
0.7073615388468686
0.7074414727680155
0.7075195100215244
0.7075956548804336
0.7076699104891312
0.7077422799238615
0.7078127657104583
0.7078813697022619
0.7079480930885627
0.7080129371049686
0.7080759038817276
0.7081369968081969
0.708196219927702
0.7082535766940588
0.7083090689348787
0.7083626967086731
0.7084144590831347
0.7084643552815284
0.7085123855144639
0.708558551169449
0.7086028544464933
0.7086452977752892
0.7086858833346772
0.7087246128287281
0.7087614875002979
0.7087965082757566
0.7088296759236226
0.7088609911721298
0.7088904547663131
0.7089180674773765
0.708943830083861
0.7089677433523268
0.7089898080166819
0.7090100247682438
0.7090283942512521
0.7090449170619525
0.7090595937488922
0.70907242481636
0.709083410723128
0.7090925518879536
0.7090998486858147
0.7091053014506903
nan
nan
nan
nan
nan
0.7090993070891237
0.7090918576531635
0.7090825654357035
0.7090714304204617
0.7090584525554957
0.7090436317524602
0.7090269678874748
0.7090084608014782
0.7089881103016977
0.7089659161619312
0.7089418781231797
0.708915995895214
0.7088882691570809
0.7088586975576716
0.7088272807186002
0.7087940182343608
0.708758909675967
0.7087219545917354
0.7086831525071712
0.7086425029260423
0.7086000053290457
0.7085556591678989
0.7085094638588306
0.7084614187810144
0.708411523281422
0.7083597766901875
0.7083061783628327
0.7082507277289056
0.7081934243462358
0.7081342679155447
0.708073258227959
0.7080103950366671
0.707945677896933
0.7078791060418623
0.7078106783811962
0.7077403936665067
0.7076682508240308
0.7075942493184605
0.70751838925504
0.7074406711797687
0.7073610958317539
0.7072796640584601
0.7071963764403769
0.7071112335473019
0.7070242366216627
0.7069353909585898
0.706844689193442
0.7070947243066941
0.7071970541743142
0.7072971241783437
0.7073949618260639
0.7074906250756912
0.7075839555062796
0.7076756550441744
0.7077681325228794
0.7078519266072224
0.7079269715127653
0.7080090718812788
0.7080933343037011
0.7081718684001319
0.7082475220283517
0.7083212376755851
0.7083927127223785
0.7084620115911808
0.7085291542252788
0.708594157797967
0.7086570339944305
0.7087177932065799
0.7087764442783708
0.7088329952671875
0.708887453861382
0.7089398264977129
0.708990119365038
0.7090383393299455
0.7090844924769892
0.7091285841863464
0.7091706198444322
0.7092106047338367
0.7092485439124265
0.7092844422534796
0.7093183044648237
0.7093501350872676
0.7093799385045491
0.7094077189564633
0.7094334805537039
0.7094572272783592
0.709478962974739
0.7094986913404323
0.7095164159287505
0.7095321401674726
0.7095458673841809
0.7095576008298764
0.7095673436857526
nan
nan
nan
nan
nan
nan
nan
nan
nan
nan
nan
nan
0.7095140855633203
0.7094962316081097
0.7094764222275294
0.709454659148395
0.7094309440246709
0.7094052784384661
0.7093776639038292
0.7093481018690178
0.7093165937212099
0.7092831407934138
0.7092477443688219
0.7092104056851397
0.7091711259399389
0.7091299062915064
0.7090867478593708
0.7090416517181447
0.7089946188981444
0.708945650438811
0.708894747366793
0.708841910568119
0.7087871409493651
0.7087304395215894
0.708671807221896
0.7086112450006157
0.7085487538383073
0.7084843347399982
0.7084179887581201
0.7083497170554593
0.7082795208672441
0.7082074016491295
0.7081333609880556
0.708057400916091
0.707979523853615
0.7078997332921098
0.7078180340392922
0.7077344354754922
0.7076489631202709
0.7075614365072029
0.7074723166643615
0.7073830163508747
0.7072904841143172
0.7071915897060738
0.7073586215192794
0.7074823618049444
0.7076031547116639
0.7077207467415105
0.7078351833936243
0.7079465224392348
0.7080548205449279
0.7081601519898773
0.7082625613797096
0.7083619977305378
0.7084584485673168
0.7085521749162468
0.7086436509440415
0.7087331751880384
0.7088202186054328
0.7089046317514826
0.7089920156913883
0.7090693436564199
0.7091265732979116
0.7091897735449542
0.7092660799355632
0.7093370843184762
0.7094013378017986
0.7094635698484131
0.7095236457834913
0.7095811829118769
0.7096362171386381
0.7096887650923758
0.7097388610927237
0.7097865304234151
0.7098317958651724
0.7098746797913824
0.7099152016108918
0.7099533784759803
0.7099892257419407
0.7100227574482046
0.7100539866201625
0.7100829254541708
0.7101095855171395
0.71013397785125
0.7101561130211396
0.7101760011622776
0.7101936520232257
0.710209074989568
nan
nan
nan
nan
nan
nan
nan
nan
nan
nan
nan
nan
nan
nan
nan
nan
nan
nan
0.7100891639448571
0.7100615699514476
0.7100318838281146
0.7100001115795608
0.7099662602555111
0.7099303364672902
0.7098923444028455
0.7098522850109626
0.7098101577572908
0.7097659642738356
0.709719710853279
0.7096714068732419
0.709621059965692
0.709568672668712
0.7095142442868438
0.7094577758219492
0.7093992721411834
0.7093387393626581
0.7092761819596576
0.709211603574174
0.7091450082474144
0.7090763981239407
0.7090057872713008
0.7089331809528996
0.7088585789080892
0.708781995934116
0.7087034655990393
0.7086230430700382
0.7085402892900393
0.7084557815549647
0.7083732993299071
0.7082899998185253
0.7081939292225689
0.7080908601003357
0.7079959701054666
0.7079025952814088
0.7078045206828603
0.7077041865914105
0.7072377536437857
0.7072247347244861
0.7074837359987702
0.7077024995403256
0.7078845302121494
0.708043183886137
0.7082039855987383
0.7083540829916202
0.7084880290140667
0.708630558534704
0.7087648531816377
0.7088927865201979
0.7090159128997608
0.709135206946472
0.7092489554786874
0.7093544481616144
0.7094608395694171
0.7095619377344702
0.7096590965801571
0.7097524158070182
0.7098420463938164
0.709928103292018
0.7100107427315786
0.710089887352941
0.7101657703571709
0.7102444245970411
0.7103183972128471
0.7103709944760909
0.7104180149039534
0.7104778023087106
0.7105409255237752
0.7105964501182476
0.710646737041402
0.7106943089538866
0.7107390427443319
0.7107808051009862
0.7108196903964841
0.710855751107415
0.7108890244921423
0.7109195482382398
0.7109473547072732
0.7109724732234313
nan
nan
nan
0.8171089697819208
0.8171567338085928
0.8172030989248289
0.8172480446685093
0.8172915524596486
0.8173336054332881
0.817374188440839
0.8174132881974352
0.8174508932223081
0.8174869934890656
0.8175215802383436
0.8175546463058319
0.8175861866648395
0.8176161984901917
nan
nan
nan
nan
nan
nan
nan
nan
nan
0.710708735530349
0.7106660942403182
0.7106212125959346
0.7105740993241576
0.7105247635559473
0.7104732148033692
0.7104194628330697
0.7103635174537158
0.7103053885726457
0.7102450865920007
0.7101826218664518
0.7101180043495163
0.7100512479871618
0.7099823673561343
0.7099113699488087
0.7098383260537771
0.7097632922841053
0.7096857530983836
0.7096056757511142
0.7095269294287286
0.7094522952816333
0.7093710890183133
0.7092708175035727
0.7091671945650027
0.7090771204462688
0.7089865593815272
0.7088867736873563
0.7087855041570896
0.7086862412436268
0.7085859073536898
0.7084820849538165
0.7083756058306065
nan
nan
nan
0.7047680221671124
0.7055142683624387
0.7066378761879137
0.7066758985609236
0.7067309548355142
0.7072870250928663
0.7076953005400162
0.7080140735135595
0.7082902358751533
0.7085365546188309
0.7087403229741227
0.7089860934406832
0.7091876014820429
0.7093524591820526
0.7095284736079219
0.7096964948994249
0.7098575899937059
0.7100064343184053
0.71012782368213
0.710261353064096
0.7103932827941655
0.710511498333559
0.7106240551987826
0.7107306293312596
0.7108313863790736
0.710926633016022
0.7110167185652213
0.7111018648889718
0.7111822684608666
0.7112581158278117
0.711329371886158
0.7113987741089094
0.7114666994025217
0.7115239660220087
0.7115697773675101
0.7116141603600875
0.8142607133475219
0.8143191224349027
0.8143772797900554
0.814435015494634
0.8144921428382355
0.814548576459581
0.8146042460097408
0.8146590757131708
0.8147130050374563
0.8147659848516474
0.8148179655689043
nan
nan
nan
nan
nan
0.8151064001901818
0.815150225349994
0.8151927580101447
0.8152339746855227
0.815273854431724
0.815312378776434
0.8153495316566968
0.815385299362437
0.815419670484344
0.8154526358621212
0.8154841885179113
0.8155143235939628
0.8155430382842201
0.8155703317660822
0.8155962051470032
0.8156206614740005
0.8156437057787135
0.815665345081406
0.8156855882651779
0.8157044458944233
0.7112732471813719
0.7112124495101608
0.7111492504612585
0.7110837175489562
0.7110158755228475
0.7109454516348164
0.710872071789344
0.7107968415387337
0.7107232031992524
0.7106521522366744
0.7105759319783813
0.710484010761532
0.7103821269480174
0.7102875665708642
0.7101995442791451
0.7101081639761219
0.7100123653968903
0.7099143987173977
0.7098142583859518
0.709711833014187
0.7096071691669047
0.7095002631948878
0.7093912139582297
0.7092786366470488
0.709166767231505
nan
nan
nan
nan
nan
nan
nan
nan
nan
nan
nan
nan
nan
nan
nan
nan
nan
nan
nan
nan
nan
nan
nan
nan
nan
nan
0.7100733735662026
0.7102885002097026
0.7104947408108995
0.7106872109363794
0.7108605346735974
0.7110242424903155
0.7111782273430429
0.7113220314087861
0.7114426321166368
0.7115554784764164
0.7116730250833696
0.8121318487362784
0.8121642693158331
0.8121989046196649
0.8122354424434818
0.8122736971024762
0.8123134801050211
0.8123545305154974
0.812396418309781
0.8124390277065894
0.812482527709149
0.8125268770362766
0.8125717732376032
0.8126169333442136
0.8126622110363967
0.8127075352779418
0.8127528407208285
0.8127980488487617
0.8128430749780141
0.8128878367137614
0.8129322562513775
nan
nan
0.8130627563930786
0.8131051261058835
0.8131468351824477
0.8131878322197036
0.8132280695691028
0.8132675034194587
0.8133060938663692
0.8133438048896362
0.8133806042596012
0.8134164633130958
0.8134513566500754
0.813485261860547
0.813518159397824
0.8135500326670745
0.8135808689387437
0.813610662732869
0.8136394176711053
0.8136671335659622
0.8136937708950454
0.8137192116950781
0.8137432926793127
0.8137660057658375
0.8137877651592202
0.7116905026046412
0.711604684042901
0.7115174254433454
0.711431829790617
0.7113454844221659
0.7112557166235766
0.7111627233033532
0.7110671369871043
0.7109689796736484
0.710868206454208
0.7107648048185407
0.7106588460637727
0.7105503263464041
0.7104392045207456
0.7103256891306371
0.7102094668177292
0.7100907690121657
0.7099694912920325
nan
nan
nan
nan
nan
nan
nan
nan
nan
nan
nan
nan
nan
nan
nan
nan
nan
nan
nan
nan
nan
nan
nan
nan
nan
nan
nan
nan
nan
nan
nan
nan
nan
nan
nan
nan
nan
nan
nan
nan
nan
nan
nan
nan
nan
0.8111971886120583
0.8111931523389926
0.811193129583617
0.8111970100389975
0.8112048788263674
0.8112160925889067
0.8112296866029164
0.8112451902859765
0.8112625288070082
0.8112816360670981
0.8113023596636322
0.8113245244409417
0.8113479749503942
0.8113725797094122
0.8113982245628977
0.8114248071328007
0.8114522334145909
0.8114804155848878
0.8115092705025794
0.8115387187684234
0.811568684334317
0.8115990945710698
0.8116298806170178
0.8116609777170425
0.8116923253102558
0.8117238668188755
0.8117555493013289
0.8117873234806996
0.811819144544939
0.811850973382689
0.8118827764135133
0.8119145214282751
0.8119461685887845
0.8119776631436899
0.812008943319296
0.8120399678599893
0.8120707402566614
0.8121012944329531
0.8121316415466483
0.8121617465381996
0.8121915737984906
0.8122211338170113
0.8122504646127149
0.8122795860775633
0.8123084747791463
0.711614411584919
0.7115127169709978
0.7114071346095014
0.711295743104295
0.7111778132580311
0.7110569091769094
0.7109393533716833
0.7108259431795112
0.710710736730666
0.7105860797303776
nan
nan
nan
nan
nan
nan
nan
nan
nan
nan
nan
nan
nan
nan
nan
nan
nan
nan
nan
nan
nan
nan
nan
nan
nan
nan
nan
nan
nan
nan
nan
nan
nan
nan
nan
nan
nan
nan
nan
nan
nan
nan
nan
nan
nan
nan
nan
nan
nan
nan
nan
nan
nan
nan
nan
nan
nan
nan
nan
nan
nan
nan
nan
nan
nan
nan
nan
nan
nan
0.810842226765897
0.8108503825020769
0.8108601597741654
0.8108715144389963
0.810884412417124
0.8108988272494024
0.8109147372577035
nan
0.8109509614670227
0.810971230297753
nan
nan
nan
nan
nan
nan
nan
nan
nan
nan
nan
nan
nan
nan
nan
nan
nan
nan
nan
nan
nan
