0.7106074744194166
0.7105690835955506
0.7105314556560298
0.7104945923284425
0.7104584952305729
0.7104231658779382
0.7103886056913874
0.7103548160027322
0.7103217980619445
0.7102895530422901
0.7102580820466414
0.7102273861119868
0.7101974662145227
0.7101683232741147
0.7101399581585608
0.710112371687689
0.7100855646368207
0.7100595377405615
0.7100342916958567
0.7100098271652616
0.70998614477981
0.7099632451417036
0.7099411288268175
0.7099197963872614
0.7098992483535316
0.7098794852366725
0.7098605075302746
0.709842315712239
0.7098249102468513
0.7098082915860031
0.7097924601710492
0.7097774164342366
0.709763160799964
0.7097496936860209
0.7097370155049849
0.7097251266651124
0.7097140275715454
0.7097037186271447
0.7096942002335802
0.7096854727918305
0.7096775367033507
0.7096703923705819
0.7096640401974263
0.709658480590253
0.7096537139581265
0.709649740713326
0.7096465612718805
0.709644176053779
0.7096425854838587
0.7096417899908408
0.7096417900094836
0.7096425859779973
0.7096441783415254
0.7096465675496152
0.7096497540574855
0.7096537383254227
0.7096585208190639
0.7096641020092025
0.7096704823716314
0.7096776623869284
0.7096856425399353
0.7096944233198623
0.7097040052195291
0.7097143887349948
0.7097255743653059
0.7097375626114716
0.70975035397611
0.7097639489626937
0.7097783480748516
0.7097935518151589
0.7098095606845254
0.7098263751811158
0.7098439957990473
0.7098624230273068
0.709881657348501
0.7099016992372094
0.709922549158686
0.7099442075669984
0.7099666749033386
0.7099899515942678
0.7100140380491313
0.7100389346586752
0.7100646417915826
0.7100911597929687
0.7101184889808487
0.7101466296437983
0.7101755820372784
0.7102053463805166
0.7102359228527121
0.7102673115894027
0.7102995126779676
0.7103325261532241
0.7103663519924788
0.7104009901108899
0.7104364403550191
0.710472702497539
0.7105097762304474
0.7105476611584082
0.7105863567910006
0.7106258625350524
0.7095590256671988
0.7095316025950371
0.709506687031607
0.709480908428002
0.7094559562164426
0.7094316290544838
0.709408138880573
0.7093845191336697
0.7093618897289543
0.7093398817915836
0.7093184627813509
0.7092976448140357
0.7092774332998716
0.7092578281332425
0.7092388329104429
0.7092204979519569
0.709202640376326
0.7091855559538129
0.7091690396533885
0.7091531535036971
0.7091378990256554
0.7091232732585113
0.7091092825336519
0.7090959280768689
0.7090832125271977
0.709071138157878
0.709059707216249
0.709048921896991
0.709038784348222
0.7090292966741465
0.7090204609421301
0.7090122791815995
0.7090047533890395
0.7089978855299679
0.7089916775400078
0.708986131327029
0.7089812487739975
0.7089770317392174
0.7089734820577186
0.7089706015427314
0.7089683919871728
0.7089668551642063
0.7089659928277632
0.7089658067136095
0.7089662985398846
0.7089674700078133
0.7089693228019369
0.7089718585907415
0.7089750790266101
0.7089789857471307
0.826110774587012
0.7089888644990351
0.7089948397327374
0.7090015076393132
0.7090088697766073
0.7090169276866736
0.7090256828949466
0.7090351369102703
0.7090452912240237
0.7090561473097626
0.7090677066223738
0.7090799705985064
0.7090929406552453
0.7091066181886418
0.7091210045736897
0.7091361011639526
0.7091519092892842
0.7091684302558374
0.7091856653437261
0.7092036158059414
0.7092222828775925
0.7092416676961883
0.7092617716088797
0.7092825954040701
0.7093041400235114
0.7093264083830498
0.7093493949429751
0.709373118990304
0.7093975560664878
0.7094227219700494
0.7094486155707018
0.7094752369674797
0.7095025869642789
0.7095306662979253
0.7095594755628709
0.7095890161118659
0.7096192863878309
0.709650262542787
0.7096820254121945
0.7097144944837829
0.7097476967771441
0.7097816294628332
0.7098163012589463
0.7098518134005848
0.7098877974161654
0.7099246774391927
0.7099622761042288
0.7100006052010089
0.710039665403817
0.7100794561019785
0.7066567513487998
0.7066625957466262
0.7066635180215521
0.7066731991739356
0.7066788846461649
0.7066844620702926
0.7066901226291326
0.7066959304584362
0.7067018622639257
0.7067079093553448
0.7067140820807998
0.7067203890713889
0.7067268393804316
0.7067334416400732
0.7067402046180014
0.7067471366480741
0.7067542465598073
0.706761540408363
0.70676901326306
0.7067767151491049
0.706784613409608
0.7067927275518167
0.7068010646802256
0.7068096322615232
0.7068184374730744
0.7068274873233423
0.7068367886922886
0.7068463483718703
0.7068561730823452
0.7068662694841087
0.7068766440969847
0.7068873035178687
0.7068982539938782
0.706909502034104
0.7069210541257172
0.7069329162269169
0.7069450944605415
0.7069575951373495
0.7069704244442386
0.7069835884287599
0.7069970930931255
0.7070109444005273
0.7070251481651103
0.7070397100124995
0.707054635759361
0.7070699315800996
0.707085603010184
0.7071016553841559
0.7071180946185063
0.8186596012393105
0.8187252995344851
0.8187971072829866
0.818875051121808
0.818959158865007
0.7072251552568607
0.7072444524688544
0.7072641787407818
0.707284339050822
0.7073049383815022
0.7073259815884807
0.7073474734208203
0.7073694186160782
0.7073918218138684
0.7074146874942142
0.7074380201933046
0.7074618243369377
0.7074861043617472
0.7075108682884071
0.7075361077244943
0.7075618399182934
0.7075880641930824
0.7076147845795997
0.7076420048958074
0.7076697288950669
0.7076979602945552
0.7077267027846551
0.7077559605304009
0.707785743396199
0.7078160226137007
0.7078468393699242
0.7078781888811414
0.7079100660641653
0.7079424761109083
0.7079754206414576
0.7080089875522246
0.7080429413914253
0.7080775090880201
0.708112626327191
0.7081482928168865
0.7081845107110749
0.7082212821844937
0.7082586093183685
0.7082964941216818
0.7083349385525032
0.7083739443454736
0.7084135132497025
0.7084536465993947
0.7084943458256983
0.7085356112832303
0.7085774418931824
0.7019376050727173
0.7020628607626054
0.7021448504363922
0.7021723780918003
0.7022461014111891
0.7022916280554456
0.7023824747182588
0.7023738353953685
0.7023468816149065
0.7024316623588921
0.7024755695805411
0.7025376466492042
0.7025579384880377
0.7027229815717111
0.7027071394156298
0.702690868291495
0.7026111430141804
0.702749249671851
0.7027712924914307
0.7028092162886341
0.7028339979339455
0.7028724295617559
0.7029109946570415
0.7029318359414019
0.7029802891813879
0.7029605302353215
0.7030508964440686
0.7031194374916832
0.7031139539267915
0.7031421866301732
0.7032002323672899
0.7032462414664375
0.7032127556984082
0.7032143942724938
0.7033854856970971
0.7033649918417121
0.7033760357518002
0.7036554792429832
0.7036436350719295
0.7036557460181031
0.7042435829509721
0.7042836495079124
0.7043169395159592
0.7043499424273161
0.7043810906865917
0.7044120161279706
0.7044411435983167
0.8064433418398402
0.8065974833732052
0.8067511316382716
0.8069055110577393
0.8070615291155218
0.8072197925414921
0.807380893473533
0.807545262509699
0.8077132451216322
0.8078851545846703
0.8080612085939343
0.8082416168833388
0.7048320734186557
0.7048640209492624
0.704896321471994
0.7049289548065134
0.7049619558241704
0.704995277002362
0.7050289422225066
0.7050629442213647
0.7050972768576188
0.7051319433727565
0.7051669297658221
0.7052022455182522
0.705237882979388
0.705273841845955
0.7053101210911867
0.7053467195769665
0.7053836373934008
0.7054208737754661
0.7054584296081927
0.7054963059129751
0.7055345030436455
0.7055730226198841
0.7056118593254965
0.7056510380952726
0.7056905360400524
0.7057303649566724
0.7057705275472737
0.7058110252161822
0.7058518623024104
0.7058930425291947
0.7059345681220284
0.7059765537323096
0.706018632289093
0.7060612221343799
0.7061041582149642
0.7061474435505973
0.7061911062713757
0.7062350356715928
0.706279570416625
0.7063243431448335
0.706369503225172
nan
nan
nan
0.6988276175771144
nan
nan
0.698517004826785
0.6988433641727868
0.6988168503154738
0.6988526491451135
0.699098895033539
0.6991685556274244
0.6992289981011881
0.6992944877530805
0.6993710772979695
0.6994303803475097
0.6994982805426044
0.6995671544194495
0.699636785278558
0.6997115306444701
0.6997714346339123
0.6998390519578309
0.6999093458479613
0.6999596447050779
0.7000366009305403
0.7001020967962001
0.7001665384335962
0.7002312100965489
0.7002941950607138
0.700356598611165
0.7004194600321694
0.7004805195708577
0.7005413475259061
0.7006016222413206
0.700661328862063
0.700720291155192
0.7007790619011942
0.7008372122654676
0.700894849318344
0.700951968371469
0.7010086098439327
0.701064996945246
0.7011203543879329
0.7011765591418928
0.7012302042550016
0.7012866811823812
0.7898670458858504
0.7901794683505678
0.7904842411429642
0.7907968458594375
0.7911104416391185
0.7914147853905618
0.7917236891898767
0.7920326055513819
0.7923425352710789
0.7926534041561268
0.7929655160296112
0.7932791106647976
0.793594468002154
0.7939118910960665
0.794231717195016
0.7945543262882016
0.7948801579046711
0.7952097303805915
0.7955436786181707
0.7958827381044912
0.7962278573221755
0.702472644814898
0.7025312102029513
0.7025988954831776
0.7026853486734714
0.7027682588980682
0.7028729357310972
0.7030256620545999
0.7033361513129198
0.7031995572087375
0.703227309377956
0.7030678452847163
0.702966804383077
0.7028849438729798
0.7028558409254665
0.7028090003421152
0.7027807167596452
0.7027479682557599
0.7027075732992913
0.7027019600269956
0.7026368585805219
0.7026369692151935
0.7026652490662625
0.7027144220702162
0.7025751568479637
0.7025960865187536
0.7025847546847894
0.7025629039489607
0.7025492388579173
0.7025443848813792
0.7025522993914384
0.7025623446877094
0.7025198124654559
0.7026537593202341
nan
nan
nan
nan
nan
nan
nan
nan
nan
nan
nan
nan
nan
nan
nan
nan
nan
nan
nan
nan
nan
nan
nan
nan
nan
nan
nan
nan
nan
nan
nan
nan
nan
nan
0.6999586679427353
0.6997445539834843
0.6996417276719041
0.6993248006676213
0.699280947556802
0.699279834064271
0.6993433467162667
0.6994154885556533
0.699365276411921
0.6993348393181463
0.6993263093355669
0.6993281770241974
0.7668284157033604
0.7668700201281831
0.7679296377899746
0.7686989506264053
0.7694083928244045
0.7700799436175629
0.7707265730613926
0.7713519334183874
0.7719644363533086
0.7725528366498566
0.7731308503508352
0.773696151146822
0.7742497527183441
0.7747763651334273
0.7753257706791628
0.775850517674205
0.7763670942903576
0.7768760504606284
0.7773748389675235
0.777870677343816
0.7783756065716299
0.7788616114469249
0.7793445189101069
0.7798233922209645
0.7803011260050077
0.7807752124834451
0.7812472036340194
0.7817178914285483
0.7821847845942119
0.7003572950294844
0.7004016433099118
0.7004463581178136
0.7004915795433329
0.7005372128771075
0.7005833677915868
0.7006300372049157
0.7006772950856858
0.7007251056221293
0.7007737527088425
0.7008230506255857
0.7008735486325519
0.7009249790555167
0.7009772692849049
0.7010325902190395
0.7010877712185181
0.7011423505898765
0.7012147888635746
0.7013127109341734
0.701324590949366
0.7013637913602047
0.7014687711484642
0.7015617029715486
0.7016664019207156
0.7017968457347274
nan
nan
nan
nan
nan
nan
nan
nan
nan
nan
nan
nan
nan
nan
nan
nan
nan
nan
nan
nan
nan
nan
nan
nan
nan
nan
nan
nan
nan
nan
nan
nan
nan
nan
nan
nan
nan
nan
nan
nan
nan
nan
nan
nan
nan
nan
nan
nan
nan
nan
nan
nan
nan
nan
nan
nan
nan
nan
nan
nan
nan
0.743295673526224
0.7451551973334903
0.7478961563956861
0.7502643111732554
0.7514199130804662
0.752739946583879
0.7540802451409392
0.7550636953466797
0.7561010720249854
0.7570579579986343
0.7579814489132659
0.7588079413272171
0.7592159760703515
0.7595872400575743
0.7613489041506409
0.762124305515281
0.7628550318415194
0.7636384569985878
0.7642629884362064
0.7649249358083564
0.7655610738450951
0.7661558459032718
0.7670689895128964
0.7677444236017037
0.6993360695314667
0.6993313187708925
0.6993299253543314
0.6993310913088941
0.6993348078541415
0.6993398572566841
0.6993480247808275
0.6993597961349677
0.6993717093755142
0.6993863164023556
0.6994591385288655
0.6994214262640459
0.6994486836501523
0.6994693758316826
0.6994917048795406
nan
nan
nan
nan
nan
nan
nan
nan
nan
nan
nan
nan
nan
nan
nan
nan
nan
nan
nan
nan
nan
nan
nan
nan
nan
nan
nan
nan
nan
nan
nan
nan
nan
nan
nan
nan
nan
nan
nan
nan
nan
nan
nan
nan
nan
nan
nan
nan
nan
nan
nan
nan
nan
nan
nan
nan
nan
nan
nan
nan
nan
nan
nan
nan
nan
nan
nan
nan
nan
nan
nan
nan
nan
nan
nan
nan
nan
nan
nan
nan
nan
nan
nan
nan
nan
nan
nan
nan
nan
nan
nan
0.7003700147721832
nan
0.7474676977648846
0.7477830303067703
0.7010461953142453
0.7499991854869991
0.7007543620107269
0.7004666552594155
0.7001936586788634
nan
nan
nan
nan
nan
nan
nan
nan
nan
nan
nan
nan
nan
nan
nan
nan
nan
nan
nan
nan
nan
nan
nan
nan
nan
nan
nan
nan
nan
nan
nan
nan
nan
nan
nan
nan
nan
nan
nan
nan
nan
nan
nan
nan
nan
nan
nan
nan
nan
nan
nan
nan
nan
nan
nan
nan
nan
nan
nan
nan
nan
nan
nan
nan
nan
nan
nan
nan
nan
nan
nan
nan
nan
nan
nan
nan
nan
nan
nan
nan
nan
nan
nan
nan
nan
nan
nan
nan
nan
nan
nan
nan
nan
nan
nan
nan
nan
nan
nan
nan
nan
nan
nan
nan
nan
nan
nan
nan
nan
nan
nan
nan
nan
nan
nan
nan
nan
nan
nan
nan
nan
nan
nan
nan
nan
nan
nan
nan
nan
nan
nan
nan
nan
nan
nan
nan
nan
nan
nan
nan
nan
nan
nan
nan
nan
nan
nan
nan
nan
nan
nan
nan
nan
nan
nan
nan
nan
nan
nan
nan
nan
nan
nan
nan
nan
nan
nan
nan
nan
nan
nan
nan
nan
nan
nan
nan
nan
nan
nan
nan
nan
nan
nan
nan
nan
nan
nan
nan
nan
nan
nan
nan
nan
nan
nan
nan
nan
nan
nan
nan
