0.7077907261024593
0.7078786284730783
0.7079647697760338
0.7080491445555617
0.7081317522186029
0.7082125912498893
0.7082916601796556
0.7083689576484662
0.7084444823215755
0.7085182329957462
0.7085902078575633
0.7086604062996943
0.7087288267344698
0.7087954679619058
0.7088603287605664
0.7089234079213915
0.7089847042490719
0.7090442165583825
0.7091019436766188
0.7091578844395441
0.7092120376917137
0.7092644022887162
0.7093149770825085
0.7093637609436529
0.7094107527406452
0.7094559513459532
0.7094993556363224
0.7095409644905295
0.7095807767878671
0.7096187914097876
0.7096550072363184
0.7096894231478944
0.7097220380236373
0.7097528507390365
0.7097818601687903
0.7098090651842403
0.7098344646521413
0.7098580574366224
0.7098798423955541
0.7098998183835157
0.7099179842486079
0.7099343388338691
0.7099488809764752
0.7099616095069928
0.7099725232499504
0.7099816210228342
0.7099889016364616
0.7099943638947932
0.7099980065954518
0.7099998285307958
0.709999828478903
0.7099980052181355
0.7099943575208431
0.7099888841460195
0.7099815838501696
0.7099724553834247
0.7099614974886876
0.7099487089032777
0.709934088358968
0.7099176345823763
0.7098993462958076
0.7098792222162376
0.7098572610567578
0.7098334615283456
0.7098078223374137
0.7097803421887174
0.7097510197861401
0.7097198538318041
0.7096868430284939
0.7096519860780703
0.7096152816858643
0.7095767285573924
0.7095363254028081
0.7094940709352555
0.7094499638740909
0.7094040029433208
0.7093561868760185
0.7093065144109482
0.7092549842988478
0.7092015953002933
0.7091463461858768
0.7090892357410464
0.7090302627658633
0.7089694260751277
0.7089067245003967
0.7088421568938135
0.708775722126552
0.7087074190920954
0.708637246712969
0.7085652039717636
0.708491289615472
0.7084155029198839
0.7083378427864343
0.708258308288755
0.7081768985032136
0.708093612577684
0.7080084496631862
0.7079214089830765
0.7078324897423177
0.707741691526521
0.7078402754343671
0.7079306066679327
0.7080190993284439
0.7081057693276727
0.7081905977093422
0.7082735918325216
0.7083547513648603
0.7084340753236678
0.7085115638010151
0.7085872160112393
0.7086610312835628
0.7087330089502946
0.7088031488736722
0.7088714502456122
0.7089379125309577
0.7090025348739557
0.7090653166362677
0.7091262572550405
0.7091853554309326
0.7092426103498892
0.7092980250503851
0.7093515785037913
0.7094033151967192
0.7094532066935515
0.7095012284010953
0.7095474155710222
0.709591749724761
0.7096342384194614
0.7096748761454139
0.709713664406098
0.7097506014374261
0.7097856866848826
0.7098189193536194
0.7098502985814197
0.709879823576679
0.709907493522955
0.7099333075995118
0.7099572649741737
0.7099793648090938
0.7099996062659294
0.7100179885023187
0.7100345106692701
0.7100491719125935
0.7100619713700635
0.7100729081751304
0.7100819814562801
0.7100891903383613
0.7100945339398699
0.7100980113776962
nan
nan
0.710097237791055
0.7100932416457988
0.7100873748516987
0.7100796365039908
0.71007002569316
0.7100585415093206
0.7100451830411578
0.7100299493768445
0.7100128396049441
0.7099938528136709
0.7099729880905923
0.7099502445241003
0.709925621204643
0.7098991172301493
0.7098707317056637
0.7098404637351331
0.7098083124319194
0.7097742768902137
0.7097383562866314
0.7097005497585487
0.7096608562227105
0.7096192757388275
0.7095758053656385
0.7095304487388989
0.7094831970780803
0.7094340674059872
0.7093830216329042
0.7093300900308004
0.7092752825112575
0.7092185713075065
0.7091599664399373
0.7090994669171093
0.7090370712847069
0.7089727796667025
0.7089065914386641
0.7088385063110929
0.7087685239265236
0.7086966440412004
0.7086228663401707
0.7085471891043179
0.7084696176988253
0.7083901483026946
0.7083087809301021
0.7082255191080736
0.7081403627797832
0.7080533089860898
0.7079643750568635
0.7078735521217359
0.7077807985845128
0.7080144154271127
0.7081109443151696
0.7082054378365503
0.7082978981486862
0.7083883319297154
0.7084767452621272
0.70856314268198
0.7086475240850524
0.708729891844616
0.7088102584271061
0.7088886213171016
0.7089649827258728
0.7090393458601161
0.709111712945005
0.709182086374872
0.709250468135735
0.7093168603615505
0.709381264648122
0.7094436827298156
0.7095041152469151
0.7095625724953074
0.7096190205360695
0.7096735242052237
0.7097259111516742
0.7097766764768713
0.7098251681257166
0.7098717671855073
0.70991636657852
0.7099590106839336
0.7099996785454832
0.7100383774381743
0.7100751080420158
0.7101098691972805
0.7101426631434251
0.7101734899378673
0.710202350401965
0.7102292451196482
0.7102541746864264
0.7102771396740961
0.7102981405908939
0.7103171778990807
0.7103342520300229
0.7103493633966266
0.710362512386445
0.7103736993515766
0.7103829246086596
0.7103901884404913
nan
nan
nan
nan
nan
nan
0.7103861343019153
0.7103777142242885
0.7103673343084473
0.7103549946470803
0.7103406953215821
0.7103244364047309
0.7103062179628951
0.7102860400539692
0.7102639027278745
0.7102398060225719
0.7102137499640915
0.7101857345827505
0.7101557599252418
0.7101238260356335
0.7100899330006206
0.7100540806687392
0.710016269665703
0.7099764992404626
0.7099347697127139
0.7098910844158306
0.7098454327082153
0.709797841957273
0.7097482618649413
0.70969682083226
0.7096431653947428
0.7095877819737929
0.7095303835198749
0.7094710432306081
0.7094097263333822
0.7093464576488246
0.7092812308731298
0.7092140476156222
0.7091449084923304
0.7090738143078059
0.7090007658954469
0.708925764150234
0.708848810100466
0.7087699048633355
0.7086890501659712
0.7086062438624312
0.7085214990425813
0.7084348069261743
0.7083461743073971
0.7082556031499
0.7081631006522328
0.7080686709294035
0.7079723151778006
0.7083130798709486
0.7084205119913742
0.7085254990870544
0.7086280886409799
0.7087282073864096
0.7088257897101162
0.7089213488905757
0.7090143997372511
0.7091051159518184
0.7091934990903608
0.7092795570045429
0.7093633169337061
0.7094447806724574
0.7095239602770292
0.7096008653668043
0.7096755051580607
0.709747888683448
0.7098180236160799
0.7098859186132437
0.7099515805550178
0.7100150203970643
0.7100762265609253
0.7101352141954034
0.7101920899262348
0.7102462306314239
0.7102992157247161
0.7103494003491904
0.7103974456060071
0.7104432820828446
0.7104869944600656
0.7105285203769145
0.7105678973657338
0.7106051132200981
0.7106401792784711
0.7106730974484657
0.7107038717142758
0.7107325057661438
0.7107590034515435
0.7107833681463853
0.7108056032128255
0.7108257118466629
0.71084369715164
0.7108595621996381
0.7108733099769265
0.7108849433071059
0.7108944648374367
nan
nan
nan
nan
nan
nan
nan
nan
nan
nan
nan
0.7108448718458944
0.7108271503217759
0.7108073474296744
0.7107854649463774
0.7107615046294137
0.7107354682414488
0.7107073575634493
0.7106771743847371
0.7106449204697136
0.710610597602683
0.7105742074720688
0.7105357518809511
0.7104952319891551
0.7104526508647245
0.7104080084959792
0.7103613075863214
0.7103125546274214
0.7102617401371093
0.7102088872283147
0.7101540356013767
0.710097098145149
0.7100376702422924
0.709976827202039
0.7099136953781108
0.7098485422004304
0.7097813549561651
0.7097121182157702
0.7096408440954031
0.7095675338468366
0.7094921903926442
0.709414815874813
0.7093354130688294
0.7092539845551654
0.7091705332234292
0.7090850620513838
0.7089975741962868
0.70890807320179
0.7088165615938856
0.7087229501245907
0.7086275457898552
0.7085300367276276
0.7084305381593582
0.7083290545396178
0.7086574721305536
0.7087877391877266
0.7089242993512019
0.7090323061666384
0.7091524738904945
0.709267937496705
0.7093799868575157
0.7094888178108523
0.7095945060473209
0.7096971130166373
0.7097967426396111
0.7098931582423025
0.7099871241265227
0.7100777126673348
0.7101641839549206
0.7102529633379293
0.7103211136797978
0.7104250401438367
0.7105205175466264
0.7105653183079967
0.7106420295731621
0.710707927713329
0.710775257926105
0.7108383401741787
0.7108995557154733
0.7109583183375667
0.7110147380194246
0.7110683185438602
0.7111193709095963
0.7111680537828127
0.7112142175024724
0.7112579458317408
0.7112992136572809
0.7113380404256047
0.7113744353779926
0.7114084132669336
0.7114399855775064
0.7114691630358672
0.7114959547332477
0.7115203699965864
0.7115424170119211
0.711562103995868
nan
nan
nan
nan
nan
nan
nan
nan
nan
nan
nan
nan
nan
nan
nan
nan
nan
nan
nan
nan
nan
0.711411878782763
0.7113790585621901
0.7113440175438032
0.7113067602749481
0.711267291206359
0.7112256147819069
0.7111817353867186
0.7111356575106003
0.7110873856502579
0.7110369238083649
0.7109842787668291
0.7109294476323199
0.710872462050058
0.7108132514913589
0.7107520127300762
0.7106884662128923
0.7106231383693944
0.7105544270817723
0.7104847951140364
0.7104127011790924
0.7103384169545384
0.7102620225883616
0.7101834895556527
0.7101028251822002
0.7100200368003197
0.7099351306326903
0.7098481130667784
0.7097589866656914
0.7096677530493527
0.7095744223832672
0.7094790069492768
0.7093815085488059
0.709281935808577
0.7091802849438762
0.7090765727062834
0.7089707615049651
0.7088630041697088
0.7093936821757101
0.7090917019280248
0.7088812577002142
0.7090870626119076
0.7092128706661097
0.7094568964852903
0.7096622250283742
0.7098251666973114
0.7099746136421365
0.7101146936347114
0.7102481445132741
0.7103758564711015
0.7104982000045545
0.71061596234054
0.7107290129572474
0.7108376290341741
0.7109421430184122
0.7110425174890346
0.7111389993488875
0.7112316797160563
0.7113206677390926
0.7114060852509448
0.7114881832153443
0.7115674798441629
0.7116452621177902
0.7117118989892712
0.7117812931901258
0.7118456968444751
0.7119076483311673
0.7119666886515462
0.7120224556356906
0.7120751775776173
0.71212489275412
0.7121716308893626
0.712215426187998
0.7122563100676944
0.712294335631275
0.7123294701162095
0.7123617963259098
nan
nan
nan
nan
nan
nan
nan
nan
nan
nan
nan
nan
nan
nan
nan
nan
nan
nan
nan
nan
nan
nan
nan
nan
nan
nan
nan
nan
nan
0.7121006555296188
0.7120546180763623
0.7120078988503753
0.7119602663337711
0.711910927508212
0.7118584886469197
0.7118013953638953
0.7117387794335738
0.7116711017906929
0.7116000847184708
0.7115280061111995
0.7114565963346533
0.7113859149810986
0.7113137485161987
0.7112366856496345
0.7111564052710635
0.7110704384750023
0.7109906312771969
0.710893696413639
0.7108108164430014
0.7107178310391514
0.7106244540172081
0.7105292316125869
0.7104314694123467
0.710331185585535
0.7102288357540413
0.7101244157206481
0.7100177605978706
0.7099089649385928
0.7097980360250495
0.7096849857583956
0.7095698426779435
nan
nan
0.7078607825516849
0.7083168434544327
0.7082410623297053
nan
0.7091724487195343
0.7097114468358637
0.7106250866811785
0.7100279012161597
0.7100552038051289
0.7100275849485065
0.709685509933053
0.710542951231427
0.7107615603011943
0.7109558153215004
0.7111365273805607
0.7112932725184977
0.7114394087001606
0.7115829094662187
0.7117179841652276
0.7118462037435116
0.7119675767754701
0.7120820543059121
0.7121914807838668
0.7123580496434461
0.7123623903704818
0.7124809932598315
0.7125706378417636
0.7126544759472857
0.712733482060543
0.7128084200561375
0.7128783140446721
0.7129438785714804
0.7130062920740929
0.7130613924925783
0.7131176013067059
nan
0.8182607629490911
0.8182327006065857
0.8181765223053875
0.8181170958313491
0.8181510876002216
0.8183251831176648
0.8184118505596798
0.8184597635446372
0.8185259672990783
nan
nan
nan
nan
nan
nan
nan
nan
nan
nan
nan
nan
nan
nan
nan
0.8192511838817157
0.8192838188044859
0.8193149067933968
0.8193444479381207
0.8193724438455406
0.8193988972335348
0.8194238132043524
0.8194471992223813
0.8194690727002594
0.8194894141765786
0.8195082657205136
nan
0.712780340065875
0.7127152800104798
0.7126476069632761
0.7125773341301067
0.7125044773684601
0.7124290498218104
0.7123510653664782
0.7122705315494176
0.7121874860287518
0.7121018696536683
0.7120133433076308
0.7119217536928245
0.7118262004933797
0.7117405327310744
0.7116384693328665
0.7115383662861969
0.7114358566423229
0.7113308764311472
0.7112235456073943
0.7111139147917949
0.7110020095104328
0.7108878616368847
0.7107715001484033
0.7106530024794039
0.7105326371119941
0.7104098179729892
nan
nan
nan
nan
nan
nan
nan
nan
nan
nan
nan
nan
nan
nan
nan
nan
nan
nan
nan
nan
nan
nan
nan
nan
nan
nan
nan
0.7124111180593783
0.7125850880319247
0.7129415986903154
0.7127527549451953
0.7129649836404143
0.7131091924052495
0.8155088166105713
0.8155440717040512
0.8155817298825321
0.8156213887944697
0.8156628926244152
0.8157059463190521
0.8157503414719139
0.8157958189031806
nan
nan
nan
nan
nan
0.8160834635759306
0.8161314405379685
0.8161823807057529
0.8162291188182517
0.8162863848639541
0.8163220090285725
0.8163626257455313
0.8164200768909802
0.8164643973542624
0.8165126572409366
0.816557577180539
0.8166030579480894
0.8166470745917543
nan
nan
nan
nan
nan
nan
nan
nan
nan
nan
nan
0.8171044035412791
0.8171356810766612
0.8171657801298536
0.8171947616871598
0.8172225916174118
0.8172492920814696
0.817274855798492
0.8172992987850749
0.8173226083228711
0.8173448043454998
0.8173659105237588
0.8173859289008879
0.7131525699284176
0.7130629507611093
0.7129711008428834
0.7128756155016515
0.7127773614397033
0.7126757613070575
0.7125704419153182
0.7124593929939301
0.7123020409254446
0.7122870395411746
0.7121429452968577
0.7120237434481733
0.7119024519034405
0.7117813339381887
0.7116524572254137
0.711526019137793
0.7113961764786719
0.7112640904541423
nan
nan
nan
nan
nan
nan
nan
nan
nan
nan
nan
nan
nan
nan
nan
nan
nan
nan
nan
nan
nan
nan
nan
nan
nan
nan
nan
nan
nan
nan
nan
nan
nan
nan
nan
nan
nan
nan
nan
nan
nan
nan
nan
nan
nan
nan
nan
nan
0.8144444664568615
0.8144630137174436
0.8144822113802814
0.8145033738813342
0.8145260672726533
0.8145503361710283
0.8145759757746756
0.814602671461371
0.8146303233672894
0.8146589597576535
0.8146883748562406
0.8147184791646245
0.8147491931532864
0.8147804227176737
0.8148120861501806
nan
nan
nan
nan
nan
nan
nan
0.81507254014857
0.8151058877154478
0.8151328206691315
0.8151726162033394
0.8152080937186189
0.8152387297600449
0.8152693170125866
0.815302714374019
0.8153335144950603
0.8153650632985668
0.8153962983126957
0.8154272077326931
0.8154578601117208
0.8154882549779794
0.8155183603957235
0.8155482897849444
0.8155780615782753
0.8156074574423444
0.8156367686600079
0.7131645204740424
0.713051552950689
0.7129303443966464
0.7126338638770658
0.7127583497755471
0.7125853660069725
0.7124636317441841
0.7123300151917065
0.7121933176156666
0.712059348151328
0.7119207035459323
nan
nan
nan
nan
nan
nan
nan
nan
nan
nan
nan
nan
nan
nan
nan
nan
nan
nan
nan
nan
nan
nan
nan
nan
nan
nan
nan
nan
nan
nan
nan
nan
nan
nan
nan
nan
nan
nan
nan
nan
nan
nan
nan
nan
nan
nan
nan
nan
nan
nan
nan
nan
nan
nan
nan
nan
nan
nan
nan
nan
nan
nan
nan
nan
nan
nan
nan
nan
nan
nan
nan
nan
nan
nan
nan
nan
nan
nan
nan
nan
nan
nan
nan
nan
nan
nan
nan
nan
nan
nan
nan
nan
nan
nan
nan
nan
nan
nan
nan
nan
