0.7064988830808596
0.7065809582751073
0.7066613789622664
0.7067401444141279
0.7068172537305867
0.7068927060156412
0.7069665004258415
0.7070386361174364
0.707109112260632
0.707177928037946
0.7072450826383458
0.7073105752615969
0.7073744051100035
0.7074365713958343
0.7074970733300929
0.7075559101290636
0.7076130810090219
0.7076685851851109
0.7077224218734248
0.7077745902844553
0.7078250896264401
0.7078739191044732
0.7079210779127166
0.7079665652423814
0.7080103802748592
0.708052522182609
0.708092990127209
0.7081317832588775
0.7081689007169241
0.7082043416255929
0.7082381050969248
0.7082701902263482
0.7083005960949064
0.7083293217666147
0.7083563662876263
0.7083817286868598
0.7084054079745375
0.7084274031404922
0.7084477131556522
0.7084663369700275
0.7084832735123054
0.7084985216896541
0.7085120803873379
0.7085239484674766
0.708534124770041
0.7085426081108775
0.7085493972834344
0.7085544910567696
0.7085578881747958
0.7085595873596812
0.7085595873030797
0.7085578866809541
0.7085544841364423
0.7085493782938304
0.7085425677503103
0.7085340510784676
0.7085238268253972
0.7085118935151945
0.7084982496474777
0.7084828936980923
0.7084658241184214
0.708447039337421
0.7084265377601962
0.7084043177692159
0.7083803777252403
0.7083547159667115
0.7083273308108278
0.7082982205549044
0.7082673834748872
0.7082348178286335
0.7082005218537677
0.7081644937708758
0.7081267317830565
0.7080872340766624
0.7080459988225153
0.7080030241768889
0.707958308281394
0.7079118492657319
0.7078636452469957
0.7078136943313
0.707761994614673
0.7077085441849065
0.7076533411217709
0.7075963834974279
0.7075376693804081
0.7074771968330371
0.707414963916061
0.7073509686869005
0.7072852092021722
0.7072176835201218
0.7071483897008694
0.7070773258058609
0.7070044899026987
0.7069298800606119
0.7068534943606584
0.7067753308933675
0.7066953877377593
0.7066136630097735
0.7065301548858706
0.7064448611803152
0.7065269895820316
0.7066116518416996
0.7066945891601033
0.7067758236553976
0.7068553481896602
0.7069331640243821
0.7070092653630956
0.7070836533644725
0.707156326316996
0.7072272833246823
0.7072965234327186
0.7073640461321296
0.7074298506861659
0.7074939365185107
0.707556302988528
0.7076169496247736
0.7076758758644672
0.7077330812168532
0.7077885651671865
0.7078423272192285
0.7078943668961994
0.7079446837020702
0.7079932771527411
0.7080401467579593
0.7080852920210027
0.7081287124453689
0.7081704075267432
0.7082103767522946
0.7082486196010789
0.7082851355426151
0.708319924036017
0.7083529845280973
0.7083843164547245
0.7084139192374335
0.7084417922858219
0.7084679349927385
0.7084923467363872
0.7085150268801198
0.7085359747704842
0.7085551897362808
0.7085726710889448
0.7085884181226768
0.7086024301122475
0.7086147063137469
0.7086252459640839
0.7086340482802114
0.7086411124594699
0.7086464376786497
0.7086500230942018
0.7086518678406428
nan
0.7086503317559835
0.7086469490923812
0.7086418220883062
0.7086349497722827
0.7086263311519247
0.7086159652121549
0.7086038509172079
0.7085899872106691
0.7085743730143907
0.7085570072299248
0.7085378887372873
0.7085170163973009
0.7084943890495758
0.7084700055153463
0.7084438645955015
0.708415965072621
0.7083863057120712
0.7083548852604807
0.7083217024476383
0.7082867559871969
0.7082500445787979
0.7082115669051208
0.7081713216364652
0.708129307431173
0.7080855229352647
0.7080399667820245
0.7079926375982233
0.7079435340042552
0.7078926546083852
0.7078399980222106
0.7077855628465173
0.7077293476768538
0.7076713511312798
0.7076115718048694
0.7075500083298416
0.7074866593087004
0.7074215233729708
0.7073545992188
0.7072858855106734
0.7072153809968154
0.7071430842658077
0.7070689944201285
0.7069931104263066
0.7069154306438016
0.7068359550265861
0.7067546821742143
0.7066716193166409
0.7065867291073503
0.7065001388003451
0.7066642509721393
0.706748651064945
0.7068419356444547
0.7069294982927171
0.70701490267116
0.7070984306660193
0.7071801028403997
0.7072598855873793
0.7073377752793489
0.7074137786567736
0.707487898740617
0.7075601386793566
0.7076305004349978
0.7076989868692697
0.7077656000642454
0.7078303409838808
0.7078932140557614
0.7079542186196739
0.7080133554459196
0.708070633787292
0.7081260526898816
0.7081796055509646
0.7082312979036901
0.708281136485898
0.7083291202079667
0.7083752490842126
0.708419526213725
0.708461953110246
0.7085025303871495
0.7085412596271503
0.7085781424937223
0.7086131801194668
0.7086463736108153
0.7086777242423695
0.7087072332286809
0.7087349016532051
0.708760730556721
0.7087847209679599
0.7088068738755399
0.7088271902145566
0.7088456708728277
0.7088623166961431
0.7088771284893836
0.7088901070131223
0.708901252983675
0.7089105670738818
0.7089180499136726
0.708923702089096
0.7089275241461561
nan
nan
nan
nan
nan
0.7089120491874308
0.7089030721384774
0.708892267826464
0.7088796364246035
0.7088651780689518
0.7088488928557278
0.7088307808422738
0.708810842049966
0.7087890764618084
0.7087654840263438
0.7087400646550672
0.7087128182249465
0.7086837445793599
0.7086528435285194
0.708620114850577
0.708585558293118
0.7085491735738807
0.7085109603817142
0.7084709183783773
0.7084290471984694
0.708385346455756
0.7083398157420017
0.7082924546210896
0.7082432626330448
0.7081922393186203
0.7081393842173667
0.7080846968287287
0.7080281766049425
0.7079698230481257
0.7079096357557222
0.7078476141640555
0.7077837576224146
0.7077180657907837
0.7076505384537238
0.7075811747119864
0.7075099740518987
0.7074369371062625
0.7073620637909264
0.707285352243444
0.7072068024553126
0.7071264157879826
0.7070441928550636
0.7069601340826698
0.7068742393064975
0.7067865136928344
0.7066969709166945
0.7068945630047682
0.7069972666613596
0.707097697468232
0.7071958746600678
0.707291820139078
0.707385584909462
0.7074773206181771
0.707567404198137
0.7076567081669729
0.7077501697884326
0.7077964094157143
0.7078968360115538
0.7079762136957065
0.7080520296964675
0.7081258181310589
0.7081976353211448
0.7082672585277556
0.7083346895395164
0.7083999675384518
0.7084631052940955
0.708524116884049
0.7085830124417384
0.7086398016069991
0.708694492750851
0.7087470937879241
0.7087976120962733
0.708846054707436
0.7088924282224681
0.7089367393745856
0.708978993416812
0.7090191974186726
0.7090573565572992
0.7090934764529919
0.709127562509928
0.7091596199193957
0.7091896537480431
0.7092176688851255
0.709243670093036
0.7092676619679747
0.7092896489716654
0.7093096354811542
0.7093276256902084
0.7093436236410657
0.7093576333623348
0.7093696587266273
0.7093797032542511
nan
nan
nan
nan
nan
nan
nan
nan
nan
nan
nan
nan
0.7093315339079532
0.7093141789472361
0.7092948866894216
0.709273659298059
0.7092504988550041
0.7092254073709608
0.7091983867952926
0.7091694390175483
0.7091385658581694
0.7091057690538394
0.709071050246279
0.7090344109821367
0.7089958527421439
0.7089553769946753
0.7089129851750658
0.7088686788322656
0.7088224592017388
0.7087743276366469
0.708724285315211
0.7086723334458023
0.7086184732487334
0.7085627059079671
0.7085050325626288
0.7084454543487351
0.7083839724306062
0.7083205879586248
0.7082553021198139
0.7081881161587918
0.7081190313828503
0.70804804925192
0.7079751712883652
0.7079003995038027
0.7078237358435855
0.707745183792458
0.7076647457226433
0.7075824321040627
0.7074982173310198
0.7074121247719927
0.7073245490447181
0.7072359211155759
0.7071465682403687
0.7070439386281503
0.7071184059208946
0.7072449436400432
0.7073680393408797
0.7074877796918649
0.7076042405816376
0.7077174908958254
0.7078275972843966
0.7079346174337833
0.7080386107641066
0.708139629706248
0.7082377274624345
0.708332940827328
0.7084253633885145
0.7085149820982961
0.7086018460435832
0.7086863737821303
0.7087672147142838
0.7088473027252011
0.7089235774461533
0.709005921959419
0.7090435927241584
0.7091211459630951
0.7091927189090385
0.7092601934888667
0.7093217505887828
0.7093787340003921
0.7094327668361512
0.7094849735987275
0.7095355427778205
0.7095840767450016
0.7096302239577119
0.7096738548336424
0.7097149946489654
0.7097537146057653
0.7097900738881693
0.7098241086617667
0.7098558389299241
0.7098852770612798
0.7099124331439791
0.7099373171548213
0.7099599394115605
0.7099803104587467
0.7099984408014957
0.7100143407516493
0.7100280204039003
nan
nan
nan
nan
nan
nan
nan
nan
nan
nan
nan
nan
nan
nan
nan
nan
nan
0.8201761649024073
0.7098778947669446
0.7098489234358306
0.7098178956914518
0.7097848108282792
0.7097496648019052
0.7097124755584968
0.7096732470760101
0.709631973961994
0.7095886696250527
0.7095433373252251
0.7094959786911987
0.7094466003482359
0.7093952057844605
0.7093417997231546
0.7092863858251786
0.7092289687834797
0.7091695526759191
0.7091081419825404
0.7090447411908773
0.7089793559024768
0.7089119885283799
0.7088426467249019
0.7087713364319659
0.7086980675225131
0.7086228437661212
0.7085456971407748
0.7084665330219088
0.7083856341193028
0.7083038749171574
0.7082187038250182
0.7081284497310489
0.708068112894731
0.7079388022826423
0.7078504700505758
0.7077587464421049
0.7076629114497972
0.7075644257136091
0.7068114530571095
0.7070310462159404
0.7074744667383507
0.7072935744794904
0.7075343875329568
0.7076987116632941
0.7078818902671205
0.7080439771691656
0.708193797606286
0.7083443956225881
0.7084842745054925
0.7086179996442694
0.7087461922369185
0.7088693200754776
0.708987571129641
0.7091010987094392
0.7092178140441735
0.7093133749760236
0.7094143475102892
0.7095109400188055
0.7096034488365901
0.7096922471649374
0.7097773375287044
0.7098588908115668
0.7099370164082005
0.710011552872645
0.7100819563250798
0.7101508807804713
0.710254343144165
0.7102269217490058
0.7103268363185824
0.7103810647509115
0.710431490669112
0.7104820093281947
0.7105282199073291
0.7105712181426149
0.7106113600529708
0.7106485828769985
0.7106829502152749
0.710714513348399
0.7107433094626526
0.7107693734894974
0.817111608384575
0.817166130009829
0.8172193507637494
0.8172712423862647
0.8173217793325517
0.8173709378012726
0.8174186965448399
0.817465036170019
0.8175099378954369
0.81755338677839
0.8175953692208444
0.8176358743125708
nan
nan
nan
nan
nan
nan
nan
nan
nan
nan
nan
nan
nan
nan
0.8180614166361038
0.8180781319316348
0.7104405563061095
0.7103936076524364
0.7103445220700386
0.7102935170769593
0.7102406541605039
0.7101858852455678
0.7101291213989809
0.710070278952118
0.7100092967565947
0.7099461441835827
0.7098808117006844
0.7098132997289045
0.7097436469171667
0.7096719210299905
0.7095979192480986
0.7095225083699299
0.7094451054942799
0.7093630755370277
0.709290296845856
0.7092065056033815
0.7091334516032455
0.7090116838360312
0.7089241997670614
0.7088343956768317
0.7087422620417302
0.7086461505323419
0.7085477167533023
0.7084473967213722
0.7083451417789571
0.7082409665837062
nan
nan
nan
nan
nan
0.705489807777376
0.7057610908472494
0.7067210225264445
0.7067812690267085
0.7067775190020047
0.7073272788132396
0.7077096421907729
0.7080192707330957
0.7082881388024754
0.7085319986275138
0.7087642195654498
0.7089650525426997
0.709161796247431
0.7093421844740844
0.7094940784293139
0.7096620679269258
0.7098114925379646
0.7099620844207398
0.7100940980776576
0.7102211925092522
0.7103412428313421
0.7104549380729928
0.7105622248304237
0.7106636157943972
0.7107593006578141
0.7108496817915901
0.7109347062847557
0.7110148633012949
0.7110904115715989
0.7111612535750056
0.7112274728368149
0.711292931046807
0.7113624993322045
0.8143551980139209
0.8144186617111389
0.8144782863407215
0.8145385417346527
0.8145987811349551
0.8146582205564433
0.8147171722765632
0.8147753749336506
0.8148328122384487
nan
nan
nan
0.815053535713625
0.8151061948745588
0.8151577523516211
0.8152081676810627
0.8152574037179943
0.8153054266407412
0.8153522057525653
0.8153977131743448
0.8154419236542462
0.8154848145189793
0.8155263657877342
0.8155665601671035
0.8156053825341213
0.8156428207513603
0.8156788626910785
0.8157135036504484
0.8157467299980575
0.8157785510651419
nan
nan
nan
nan
nan
nan
nan
0.7111006281776195
0.7110411286935059
0.7109792497581846
0.710915037073709
0.7108484229470599
0.7107799642507123
0.7107080943621293
0.7106366106339056
0.7105589236585026
0.7104849635453061
0.7104083171889676
0.7103573661635305
0.7102147851517708
0.710138195285424
0.7100524591173712
0.709959097999127
0.7098662457597625
0.7097707509269282
0.7096728113751385
0.7095727200465685
0.7094704201562365
0.7093659546223526
0.7092595781262045
0.709152512303941
0.7090405990405189
nan
nan
nan
nan
nan
nan
nan
nan
nan
nan
nan
nan
nan
nan
nan
nan
nan
nan
nan
nan
nan
nan
nan
nan
nan
0.7092387115718142
0.7094652091663005
0.7097893646246254
0.7100087508429019
0.7102181346371641
0.7104314798129425
0.7106185994423524
0.7107914731085222
0.7109499539184243
0.711094923635285
0.7112487557505435
0.8122935424497937
0.8123215183934696
0.8123522436156748
0.8123856264751743
0.8124214821136266
0.812459492375732
0.8124993757549885
0.8125408228205397
0.8125837450238209
0.8126278211560214
0.8126724915591457
0.812718787077431
0.8127638588474113
0.8128117587439765
0.8128594223887743
0.8129067051415528
0.8129543625395675
nan
0.813049478511448
0.8130968168974974
0.8131438776211123
0.8131905828249328
0.8132368587449672
0.8132826357773534
0.8133278484959319
0.8133724354379686
0.8134163400077737
0.8134595112591092
0.8135019033775106
0.8135434735823783
0.8135841814753808
0.81362398986079
0.8136628664758317
0.8137007858360603
0.8137377211097774
0.8137736504701968
0.8138085510446689
0.8138424097492349
0.8138752308229978
0.81390698631658
nan
nan
nan
0.8140228715085791
0.8140501319611491
0.8140729010438059
0.8140946215749199
0.8141254729284673
0.7113722915607436
0.7112850307356985
0.7112022121728834
0.7111134514430454
0.7110230595864662
0.710929925347195
0.7108342689781995
0.7107360918512158
0.7106354288034986
0.7105322644540344
0.7104266977796767
0.7103186493321421
0.7102082151913702
0.7100953623930579
0.7099801636228766
0.709862464866751
nan
nan
nan
nan
nan
nan
nan
nan
nan
nan
nan
nan
nan
nan
nan
nan
nan
nan
nan
nan
nan
nan
nan
nan
nan
nan
nan
nan
nan
nan
nan
nan
nan
nan
nan
nan
nan
nan
nan
nan
nan
nan
nan
nan
nan
0.8114814628739859
0.8114672555681426
0.8114591339785732
0.8114581629118831
0.8114533784394355
0.8114660152533527
0.8114745280579254
0.8114878146989051
0.8115034734350078
0.8115216119581765
0.8115419303864874
0.8115641739040955
0.8115881428957916
0.811613638425615
0.8116404997911477
0.8116685748812713
0.811697720365803
0.8117278132480524
0.8117587413315335
0.8117904014416675
0.8118226990845271
0.8118555452600454
0.8118888520957828
0.8119225304150232
0.8119564925310754
0.8119906588853808
0.8120249646426578
0.8120593633742508
0.8120938250405159
0.8121283138265893
0.8121627310115435
0.812196919265706
0.8122308793270275
0.8122648203827294
0.8122985689323852
0.81233177806717
0.8123648613689363
0.8123976829437518
0.8124299969814894
0.8124621121870789
0.8124937816039683
0.8125251598767153
0.812556157989855
0.8125867947102491
0.8126170931216946
0.8126470670163528
0.8126767234888912
0.7113215680398022
0.711216759893991
0.7111086029559917
0.7109976307041441
0.71088325858575
0.7107674034841718
0.7106445045366026
0.7105312068703491
nan
nan
nan
nan
nan
nan
nan
nan
nan
nan
nan
nan
nan
nan
nan
nan
nan
nan
nan
nan
nan
nan
nan
nan
nan
nan
nan
nan
nan
nan
nan
nan
nan
nan
nan
nan
nan
nan
nan
nan
nan
nan
nan
nan
nan
nan
nan
nan
nan
nan
nan
nan
nan
nan
nan
nan
nan
nan
nan
nan
nan
nan
nan
0.8111331511747714
0.8111233845979101
0.8111168702518503
0.8111133241573156
0.8111125166425572
0.8111142539125628
0.8111183721216632
0.8111247334418874
0.8111332216823937
0.8111437381993488
0.8111561983619648
0.8111705276186205
0.8111866541350989
0.8112044933305007
0.8112239214553262
0.8112447460240529
0.8112667009925799
0.8112895108521301
0.8113130589157416
0.8113376257379362
0.8113639878365909
0.8113929828125552
0.8114244234434582
0.8114565577804376
0.8114880578097845
0.8115202759618888
0.8115547816624452
0.8115903163129119
0.8116258973210806
0.8116627580234934
0.8117007820826454
0.8117394621851769
0.811779252695191
0.8118197461665819
0.7109377665317113
0.7108128538040265
0.7106962985246496
