6.861331571018124e-07
6.586906310754977e-07
6.318081566007405e-07
6.054857336775407e-07
5.797233623058981e-07
5.545210424858131e-07
5.298787742172857e-07
5.057965575003158e-07
4.822743923349032e-07
4.593122787210479e-07
4.369102166587502e-07
4.150682061480101e-07
3.937862471888272e-07
3.730643397812018e-07
3.5290248392513383e-07
3.333006796206233e-07
3.142589268676702e-07
2.957772256662746e-07
2.7785557601643643e-07
2.604939779181557e-07
2.4369243137143243e-07
2.274509363762666e-07
2.1176949293265822e-07
1.9664810104060718e-07
1.820867607001137e-07
1.6808547191117764e-07
1.54644234673799e-07
1.4176304898797784e-07
1.2944191485371403e-07
1.1768083227100773e-07
1.0647980123985888e-07
9.583882176026745e-08
8.575789383223346e-08
7.623701745575695e-08
6.727619263083784e-08
5.88754193574762e-08
5.1034697635671995e-08
4.375402746542522e-08
3.703340884673592e-08
3.0872841779604036e-08
2.5272326264029604e-08
2.0231862300012642e-08
1.5751449887553095e-08
1.1831089026650994e-08
8.47077971730633e-09
5.670521959519114e-09
3.430315753289331e-09
1.7501610986170037e-09
6.300579955021283e-10
7.000644394468187e-11
7.000644394467902e-11
6.300579955021196e-10
1.7501610986170037e-09
3.430315753289331e-09
5.6705219595191024e-09
8.470779717306315e-09
1.183108902665097e-08
1.5751449887553075e-08
2.023186230001262e-08
2.5272326264029604e-08
3.087284177960404e-08
3.703340884673592e-08
4.375402746542522e-08
5.1034697635671995e-08
5.88754193574762e-08
6.727619263083784e-08
7.623701745575695e-08
8.575789383223346e-08
9.583882176026745e-08
1.0647980123985888e-07
1.1768083227100773e-07
1.2944191485371403e-07
1.4176304898797779e-07
1.54644234673799e-07
1.6808547191117764e-07
1.820867607001137e-07
1.9664810104060726e-07
2.1176949293265822e-07
2.274509363762666e-07
2.436924313714325e-07
2.6049397791815576e-07
2.778555760164363e-07
2.957772256662746e-07
3.1425892686767014e-07
3.333006796206232e-07
3.529024839251338e-07
3.730643397812017e-07
3.9378624718882707e-07
4.1506820614801e-07
4.369102166587502e-07
4.593122787210479e-07
4.822743923349032e-07
5.05796557500316e-07
5.298787742172857e-07
5.545210424858135e-07
5.797233623058981e-07
6.054857336775405e-07
6.318081566007405e-07
6.586906310754975e-07
6.861331571018124e-07
6.640326335219021e-07
6.370404669551747e-07
6.106083519400047e-07
5.847362884763921e-07
5.594242765643368e-07
5.34672316203839e-07
5.104804073948988e-07
4.86848550137516e-07
4.637767444316907e-07
4.4126499027742274e-07
4.193132876747122e-07
3.979216366235593e-07
3.7709003712396367e-07
3.5681848917592553e-07
3.3710699277944483e-07
3.1795554793452146e-07
2.993641546411557e-07
2.813328128993473e-07
2.6386152270909633e-07
2.469502840704029e-07
2.3059909698326683e-07
2.1480796144768824e-07
1.995768774636671e-07
1.849058450312033e-07
1.7079486415029707e-07
1.5724393482094822e-07
1.4425305704315687e-07
1.3182223081692295e-07
1.199514561422464e-07
1.086407330191273e-07
9.789006144756569e-08
8.76994414275615e-08
7.806887295911476e-08
6.899835604222548e-08
6.048789067689361e-08
5.253747686311921e-08
4.5147114600902236e-08
3.831680389024271e-08
3.2046544731140645e-08
2.6336337123595987e-08
2.11861810676088e-08
1.659607656317907e-08
1.2566023610306767e-08
9.0960222089919e-09
6.186072359234477e-09
3.836174061034499e-09
2.0463273143919557e-09
8.165321193068665e-10
1.467884757792247e-10
3.70963838090167e-11
4.874558433962522e-10
1.497866854540931e-09
3.068329417243054e-09
5.198843531502619e-09
7.889409197319629e-09
1.1140026414694082e-08
1.495069518362597e-08
1.9321415504115313e-08
2.4252187376162102e-08
2.974301079976632e-08
3.579388577492799e-08
4.240481230164711e-08
4.957579037992365e-08
5.730682000975766e-08
6.55979011911491e-08
7.444903392409798e-08
8.386021820860432e-08
9.383145404466808e-08
1.043627414322893e-07
1.1545408037146797e-07
1.2710547086220406e-07
1.3931691290449765e-07
1.520884064983486e-07
1.654199516437571e-07
1.7931154834072296e-07
1.9376319658924623e-07
2.0877489638932706e-07
2.2434664774096524e-07
2.4047845064416086e-07
2.5717030509891403e-07
2.7442221110522454e-07
2.9223416866309233e-07
3.1060617777251777e-07
3.295382384335006e-07
3.4903035064604086e-07
3.690825144101387e-07
3.896947297257939e-07
4.108669965930065e-07
4.325993150117766e-07
4.548916849821041e-07
4.777441065039891e-07
5.011565795774316e-07
5.251291042024316e-07
5.496616803789885e-07
5.747543081071034e-07
6.004069873867753e-07
6.266197182180049e-07
6.533925006007922e-07
6.807253345351364e-07
7.086182200210385e-07
6.423166492813075e-07
6.157748421741673e-07
5.897930866185846e-07
5.643713826145593e-07
5.395097301620912e-07
5.152081292611808e-07
4.914665799118279e-07
4.682850821140323e-07
4.456636358677942e-07
4.236022411731135e-07
4.021008980299902e-07
3.811596064384246e-07
3.607783663984161e-07
3.4095717790996525e-07
3.216960409730718e-07
3.0299495558773574e-07
2.848539217539571e-07
2.67272939471736e-07
2.5025200874107223e-07
2.3379112956196602e-07
2.1789030193441721e-07
2.0254952585842588e-07
1.8776880133399193e-07
1.735481283611154e-07
1.5988750693979639e-07
1.4678693707003481e-07
1.3424641875183066e-07
1.2226595198518394e-07
1.1084553677009464e-07
9.998517310656278e-08
8.968486099458841e-08
7.994460043417147e-08
7.076439142531195e-08
6.21442339680099e-08
5.40841280622653e-08
4.6584073708078134e-08
3.964407090544838e-08
3.32641196543761e-08
2.7444219954861268e-08
2.218437180690386e-08
1.7484575210503908e-08
1.3344830165661417e-08
9.765136672376347e-09
6.745494730648721e-09
4.285904340478535e-09
2.3863655018657953e-09
1.046878214810493e-09
2.674424793126419e-10
4.805829537223385e-11
3.8872566298926407e-10
1.289444582163738e-09
2.7502150528956555e-09
4.771037075185015e-09
7.35191064903182e-09
1.0492835774436068e-08
1.4193812451397758e-08
1.845484067991689e-08
2.3275920459993475e-08
2.8657051791627493e-08
3.4598234674818945e-08
4.109946910956787e-08
4.816075509587422e-08
5.5782092633738e-08
6.396348172315926e-08
7.270492236413793e-08
8.200641455667403e-08
9.186795830076764e-08
1.0228955359641863e-07
1.1327120044362707e-07
1.24812898842393e-07
1.3691464879271635e-07
1.495764502945971e-07
1.6279830334803532e-07
1.7658020795303101e-07
1.909221641095841e-07
2.0582417181769465e-07
2.2128623107736267e-07
2.3730834188858813e-07
2.53890504251371e-07
2.710327181657114e-07
2.887349836316091e-07
3.069973006490641e-07
3.2581966921807684e-07
3.452020893386469e-07
3.6514456101077445e-07
3.856470842344595e-07
4.0670965900970186e-07
4.2833228533650173e-07
4.505149632148591e-07
4.732576926447738e-07
4.96560473626246e-07
5.204233061592757e-07
5.448461902438631e-07
5.698291258800073e-07
5.953721130677095e-07
6.214751518069687e-07
6.481382420977855e-07
6.7536138394016e-07
7.031445773340915e-07
7.31487822279581e-07
6.209852043800291e-07
5.948937567324762e-07
5.693623606364806e-07
5.443910160920426e-07
5.199797230991618e-07
4.961284816578385e-07
4.7283729176807276e-07
4.501061534298645e-07
4.2793506664321363e-07
4.063240314081201e-07
3.852730477245841e-07
3.6478211559260565e-07
3.4485123501218446e-07
3.254804059833208e-07
3.066696285060146e-07
2.884189025802657e-07
2.707282282060744e-07
2.5359760538344053e-07
2.37027034112364e-07
2.2101651439284502e-07
2.0556604622488345e-07
1.9067562960847934e-07
1.7634526454363267e-07
1.6257495103034336e-07
1.4936468906861157e-07
1.367144786584372e-07
1.2462431979982032e-07
1.1309421249276086e-07
1.0212415673725878e-07
9.171415253331418e-08
8.186419988092704e-08
7.257429878009734e-08
6.384444923082507e-08
5.5674651233110255e-08
4.806490478695287e-08
4.1015209892352946e-08
3.4525566549310457e-08
2.85959747578254e-08
2.322643451789781e-08
1.8416945829527646e-08
1.4167508692714926e-08
1.0478123107459674e-08
7.348789073761842e-09
4.779506591621453e-09
2.7702756610385064e-09
1.3210962820130043e-09
4.3196845454494256e-10
1.028921786343299e-10
3.338674542811556e-10
1.1248942814854241e-09
2.4759726602471363e-09
4.387102590566291e-09
6.858284072442891e-09
9.889517105876932e-09
1.3480801690868422e-08
1.7632137827417344e-08
2.2343525515523722e-08
2.761496475518754e-08
3.344645554640879e-08
3.9837997889187505e-08
4.678959178352365e-08
5.430123722941724e-08
6.237293422686827e-08
7.100468277587674e-08
8.019648287644267e-08
8.994833452856602e-08
1.0026023773224684e-07
1.1113219248748508e-07
1.2256419879428078e-07
1.345562566526339e-07
1.4710836606254446e-07
1.602205270240125e-07
1.73892739537038e-07
1.881250036016209e-07
2.0291731921776125e-07
2.1826968638545903e-07
2.3418210510471432e-07
2.50654575375527e-07
2.676870971978971e-07
2.852796705718247e-07
3.034322954973097e-07
3.2214497197435193e-07
3.414177000029519e-07
3.612504795831092e-07
3.81643310714824e-07
4.0259619339809625e-07
4.2410912763292585e-07
4.46182113419313e-07
4.688151507572576e-07
4.920082396467596e-07
5.15761380087819e-07
5.40074572080436e-07
5.649478156246105e-07
5.903811107203419e-07
6.163744573676314e-07
6.429278555664777e-07
6.700413053168818e-07
6.977148066188436e-07
7.259483594723622e-07
7.547419638774389e-07
6.000382988180666e-07
5.743972106301008e-07
5.493161739936926e-07
5.247951889088417e-07
5.008342553755481e-07
4.774333733938122e-07
4.5459254296363366e-07
4.323117640850126e-07
4.1059103675794893e-07
3.894303609824426e-07
3.688297367584938e-07
3.487891640861027e-07
3.2930864296526866e-07
3.1038817339599225e-07
2.920277553782733e-07
2.7422738891211175e-07
2.5698707399750766e-07
2.40306810634461e-07
2.2418659882297164e-07
2.086264385630399e-07
1.9362632985466558e-07
1.7918627269784872e-07
1.6530626709258928e-07
1.5198631303888728e-07
1.3922641053674274e-07
1.270265595861556e-07
1.1538676018712593e-07
1.043070123396537e-07
9.378731604373886e-08
8.382767129938149e-08
7.44280781065816e-08
6.558853646533913e-08
5.730904637565409e-08
4.958960783752652e-08
4.243022085095638e-08
3.5830885415943686e-08
2.9791601532488435e-08
2.4312369200590625e-08
1.9393188420250266e-08
1.5034059191467334e-08
1.123498151424186e-08
7.995955388573841e-09
5.316980814463248e-09
3.1980577919100985e-09
1.6391863209143898e-09
6.403664014761262e-10
2.0159803359530488e-10
3.228812172719305e-10
1.00421595250599e-09
2.2456022392974964e-09
4.0470400776464475e-09
6.4085294675528415e-09
9.330070409016678e-09
1.2811662902037957e-08
1.6853306946616682e-08
2.145500254275285e-08
2.6616749690446455e-08
3.2338548389697516e-08
3.862039864050601e-08
4.546230044287195e-08
5.2864253796795344e-08
6.082625870227617e-08
6.934831515931443e-08
7.843042316791015e-08
8.807258272806332e-08
9.82747938397739e-08
1.0903705650304195e-07
1.2035937071786743e-07
1.3224173648425035e-07
1.4468415380219076e-07
1.5768662267168856e-07
1.7124914309274385e-07
1.8537171506535656e-07
2.0005433858952668e-07
2.1529701366525424e-07
2.3109974029253925e-07
2.474625184713818e-07
2.6438534820178174e-07
2.818682294837391e-07
2.999111623172539e-07
3.185141467023261e-07
3.376771826389556e-07
3.5740027012714286e-07
3.776834091668874e-07
3.9852659975818936e-07
4.1992984190104885e-07
4.4189313559546574e-07
4.6441648084144e-07
4.87499877638972e-07
5.111433259880612e-07
5.353468258887078e-07
5.601103773409119e-07
5.854339803446736e-07
6.113176348999924e-07
6.37761341006869e-07
6.647650986653027e-07
6.923289078752941e-07
7.20452768636843e-07
7.491366809499489e-07
7.783806448146129e-07
5.794759325954199e-07
5.542852038670413e-07
5.296545266902203e-07
5.055839010649568e-07
4.820733269912504e-07
4.591228044691016e-07
4.367323334985104e-07
4.149019140794765e-07
3.936315462120002e-07
3.729212298960811e-07
3.527709651317196e-07
3.3318075191891565e-07
3.1415059025766897e-07
2.9568048014797973e-07
2.77770421589848e-07
2.6042041458327363e-07
2.4363045912825677e-07
2.2740055522479734e-07
2.117307028728953e-07
1.966209020725508e-07
1.820711528237637e-07
1.6808145512653406e-07
1.5465180898086187e-07
1.4178221438674704e-07
1.2947267134418973e-07
1.1772317985318986e-07
1.0653373991374743e-07
9.590435152586244e-08
8.583501468953485e-08
7.632572940476473e-08
6.737649567155206e-08
5.8987313489896826e-08
5.1158182859799036e-08
4.38891037812587e-08
3.71800762542758e-08
3.103110027885035e-08
2.5442175854982335e-08
2.0413302982671757e-08
1.5944481661918636e-08
1.2035711892722942e-08
8.686993675084708e-09
5.898327009003923e-09
3.669711894480568e-09
2.001148331514656e-09
8.926363201061861e-10
3.4417586025516046e-10
3.557669519615798e-10
9.274095952254437e-10
2.0591037900467363e-09
3.750849536425482e-09
6.002646834361671e-09
8.814495683855302e-09
1.218639608490638e-08
1.6118348037514898e-08
2.061035154168086e-08
2.5662406597404267e-08
3.127451320468511e-08
3.74466713635234e-08
4.417888107391914e-08
5.147114233587231e-08
5.9323455149382946e-08
6.7735819514451e-08
7.67082354310765e-08
8.624070289925947e-08
9.633322191899988e-08
1.069857924902977e-07
1.1819841461315299e-07
1.2997108828756572e-07
1.423038135135359e-07
1.5519659029106355e-07
1.6864941862014858e-07
1.8266229850079104e-07
1.9723522993299098e-07
2.123682129167484e-07
2.280612474520632e-07
2.4431433353893545e-07
2.611274711773652e-07
2.7850066036735234e-07
2.964339011088969e-07
3.1492719340199904e-07
3.339805372466585e-07
3.5359393264287524e-07
3.7376737959064964e-07
3.945008780899814e-07
4.1579442814087065e-07
4.376480297433174e-07
4.600616828973215e-07
4.830353876028831e-07
5.065691438600022e-07
5.306629516686786e-07
5.553168110289125e-07
5.80530721940704e-07
6.063046844040531e-07
6.32638698418959e-07
6.595327639854229e-07
6.869868811034438e-07
7.150010497730223e-07
7.435752699941585e-07
7.727095417668518e-07
8.024038650911028e-07
5.592981057120892e-07
5.345577364432978e-07
5.10377418726064e-07
4.867571525603876e-07
4.6369693794626853e-07
4.4119677488370704e-07
4.19256663372703e-07
3.9787660341325644e-07
3.770565950053672e-07
3.5679663814903545e-07
3.3709673284426116e-07
3.179568790910444e-07
2.99377076889385e-07
2.81357326239283e-07
2.6389762714073854e-07
2.469979795937514e-07
2.3065838359832177e-07
2.1487883915444963e-07
1.996593462621348e-07
1.8499990492137753e-07
1.7090051513217768e-07
1.573611768945353e-07
1.4438189020845034e-07
1.3196265507392273e-07
1.2010347149095267e-07
1.0880433945954003e-07
9.806525897968484e-08
8.788623005138709e-08
7.826725267464673e-08
6.920832684946386e-08
6.070945257583845e-08
5.2770629853770427e-08
4.5391858683259896e-08
3.857313906430679e-08
3.2314470996911124e-08
2.661585448107291e-08
2.1477289516792136e-08
1.6898776104068797e-08
1.2880314242902916e-08
9.421903933294464e-09
6.523545175243464e-09
4.185237968749916e-09
2.4069823138138e-09
1.1887782104351262e-09
5.306256586138951e-10
4.325246583501075e-10
8.944752096437673e-10
1.91647731249487e-09
3.4985309669033967e-09
5.64063617286938e-09
8.342792930392809e-09
1.1605001239473678e-08
1.542726110011199e-08
1.980957251230775e-08
2.475193547606095e-08
3.025434999137159e-08
3.6316816058239684e-08
4.29393336766652e-08
5.012190284664819e-08
5.786452356818861e-08
6.616719584128646e-08
7.502991966594178e-08
8.445269504215453e-08
9.44355219699247e-08
1.0497840044925236e-07
1.1608133048013743e-07
1.2774431206257993e-07
1.399673451965799e-07
1.527504298821373e-07
1.6609356611925215e-07
1.7999675390792442e-07
1.9445999324815422e-07
2.0948328413994135e-07
2.2506662658328606e-07
2.4121002057818807e-07
2.5791346612464755e-07
2.751769632226646e-07
2.9300051187223894e-07
3.1138411207337075e-07
3.3032776382606015e-07
3.4983146713030684e-07
3.6989522198611075e-07
3.9051902839347243e-07
4.117028863523915e-07
4.3344679586286794e-07
4.5575075692490193e-07
4.786147695384933e-07
5.020388337036421e-07
5.260229494203483e-07
5.50567116688612e-07
5.756713355084332e-07
6.013356058798119e-07
6.275599278027481e-07
6.543443012772413e-07
6.816887263032926e-07
7.095932028809006e-07
7.380577310100663e-07
7.670823106907898e-07
7.966669419230702e-07
8.268116247069086e-07
5.395048181680743e-07
5.152148083588703e-07
4.914848501012237e-07
4.6831494339513454e-07
4.457050882406027e-07
4.236552846376284e-07
4.0216553258621165e-07
3.8123583208635227e-07
3.608661831380504e-07
3.410565857413058e-07
3.2180703989611877e-07
3.0311754560248926e-07
2.8498810286041703e-07
2.6741871166990235e-07
2.5040937203094505e-07
2.3396008394354515e-07
2.180708474077028e-07
2.0274166242341784e-07
1.8797252899069028e-07
1.7376344710952025e-07
1.6011441677990762e-07
1.4702543800185247e-07
1.3449651077535473e-07
1.2252763510041438e-07
1.1111881097703156e-07
1.0027003840520615e-07
8.99813173849382e-08
8.025264791622769e-08
7.108402999907457e-08
6.24754636334789e-08
5.4426948819440715e-08
4.6938485556959975e-08
4.001007384603665e-08
3.364171368667079e-08
2.7833405078862363e-08
2.2585148022611393e-08
1.7896942517917852e-08
1.3768788564781756e-08
1.0200686163203111e-08
7.192635313181897e-09
4.744636014718136e-09
2.856688267811824e-09
1.5287920724629447e-09
7.609474286715088e-10
5.531543364375162e-10
9.054127957609665e-10
1.8177228066418667e-09
3.290084369080207e-09
5.322497483075968e-09
7.914962148629188e-09
1.1067478365739856e-08
1.4780046134407964e-08
1.9052665454633514e-08
2.388533632641651e-08
2.927805874975695e-08
3.523083272465483e-08
4.174365825111015e-08
4.881653532912294e-08
5.6449463958693135e-08
6.464244413982077e-08
7.339547587250591e-08
8.270855915674844e-08
9.25816939925484e-08
1.0301488037990587e-07
1.1400811831882073e-07
1.25561407809293e-07
1.3767474885132283e-07
1.5034814144490998e-07
1.6358158559005463e-07
1.7737508128675675e-07
1.9172862853501625e-07
2.0664222733483324e-07
2.2211587768620763e-07
2.3814957958913953e-07
2.547433330436288e-07
2.7189713804967556e-07
2.896109946072798e-07
3.0788490271644135e-07
3.2671886237716043e-07
3.4611287358943706e-07
3.6606693635327097e-07
3.865810506686621e-07
4.07655216535611e-07
4.292894339541173e-07
4.51483702924181e-07
4.7423802344580225e-07
4.975523955189808e-07
5.214268191437169e-07
5.458612943200106e-07
5.708558210478614e-07
5.964103993272699e-07
6.225250291582356e-07
6.491997105407591e-07
6.764344434748396e-07
7.04229227960478e-07
7.325840639976733e-07
7.614989515864263e-07
7.90973890726737e-07
8.210088814186046e-07
8.516039236620302e-07
5.200960699633753e-07
4.962564196137586e-07
4.729768208156992e-07
4.502572735691973e-07
4.280977778742527e-07
4.0649833373086564e-07
3.854589411390361e-07
3.6497960009876394e-07
3.450603106100493e-07
3.2570107267289196e-07
3.069018862872922e-07
2.8866275145324994e-07
2.7098366817076494e-07
2.5386463643983743e-07
2.373056562604674e-07
2.2130672763265473e-07
2.0586785055639962e-07
1.9098902503170193e-07
1.766702510585616e-07
1.629115286369788e-07
1.4971285776695342e-07
1.3707423844848549e-07
1.24995670681575e-07
1.134771544662219e-07
1.025186898024263e-07
9.212027669018815e-08
8.228191512950744e-08
7.300360512038417e-08
6.428534666281828e-08
5.6127139756809875e-08
4.8528984402358926e-08
4.14908805994654e-08
3.5012828348129326e-08
2.9094827648350707e-08
2.373687850012952e-08
1.893898090346578e-08
1.4701134858359479e-08
1.1023340364810622e-08
7.905597422819215e-09
5.347906032385241e-09
3.3502661935087182e-09
1.912677906189642e-09
1.0351411704280017e-09
7.17655986223804e-10
9.602223535770505e-10
1.7628402724877391e-09
3.12550974295588e-09
5.048230764981459e-09
7.531003338564453e-09
1.0573827463704913e-08
1.4176703140402815e-08
1.8339630368658165e-08
2.3062609148470953e-08
2.8345639479841185e-08
3.418872136276887e-08
4.059185479725399e-08
4.7555039783296544e-08
5.507827632089656e-08
6.316156441005401e-08
7.180490405076889e-08
8.100829524304123e-08
9.077173798687103e-08
1.0109523228225823e-07
1.1197877812920291e-07
1.2342237552770504e-07
1.3542602447776456e-07
1.4798972497938152e-07
1.6111347703255598e-07
1.747972806372879e-07
1.8904113579357727e-07
2.0384504250142403e-07
2.1920900076082822e-07
2.3513301057178986e-07
2.51617071934309e-07
2.686611848483855e-07
2.8626534931401946e-07
3.0442956533121094e-07
3.231538328999598e-07
3.424381520202661e-07
3.622825226921299e-07
3.8268694491555106e-07
4.0365141869052953e-07
4.2517594401706565e-07
4.4726052089515917e-07
4.699051493248101e-07
4.931098293060186e-07
5.168745608387845e-07
5.411993439231079e-07
5.660841785589884e-07
5.915290647464267e-07
6.175340024854222e-07
6.440989917759753e-07
6.71224032618086e-07
6.989091250117536e-07
7.271542689569793e-07
7.559594644537619e-07
7.853247115021023e-07
8.152500101020003e-07
8.457353602534552e-07
8.767807619564681e-07
5.010718610979922e-07
4.776825702079627e-07
4.5485333086949063e-07
4.3258414308257594e-07
4.1087500684721853e-07
3.8972592216341877e-07
3.691368890311765e-07
3.4910790745049157e-07
3.2963897742136414e-07
3.1073009894379414e-07
2.923812720177816e-07
2.745924966433265e-07
2.573637728204288e-07
2.4069510054908857e-07
2.2458647982930578e-07
2.090379106610803e-07
1.9404939304441236e-07
1.796209269793019e-07
1.657525124657489e-07
1.5244414950375333e-07
1.3969583809331516e-07
1.2750757823443448e-07
1.1587936992711122e-07
1.0481121317134536e-07
9.4303107967137e-08
8.435505431448608e-08
7.496705221339259e-08
6.613910166385656e-08
5.7871202665877926e-08
5.0163355219456755e-08
4.3015559324593045e-08
3.642781498128676e-08
3.040012218953792e-08
2.493248094934654e-08
2.0024891260712586e-08
1.5677353123636088e-08
1.1889866538117023e-08
8.662431504155405e-09
5.995048021751234e-09
3.887716090904499e-09
2.340435711615214e-09
1.353206883883374e-09
9.260296077089714e-10
1.0589038830920115e-09
1.7518297100324963e-09
3.004807088530423e-09
4.817836018585804e-09
7.190916500198622e-09
1.012404853336885e-08
1.3617232118096546e-08
1.7670467254381688e-08
2.2283753942224274e-08
2.74570921816243e-08
3.3190481972581765e-08
3.948392331509669e-08
4.6337416209169036e-08
5.375096065479885e-08
6.17245566519861e-08
7.025820420073077e-08
7.93519033010329e-08
8.900565395289249e-08
9.921945615630952e-08
1.0999330991128396e-07
1.2132721521781587e-07
1.3322117207590523e-07
1.4567518048555198e-07
1.5868924044675625e-07
1.7226335195951793e-07
1.8639751502383708e-07
2.0109172963971362e-07
2.163459958071476e-07
2.3216031352613905e-07
2.485346827966879e-07
2.6546910361879434e-07
2.8296357599245817e-07
3.010180999176793e-07
3.19632675394458e-07
3.3880730242279407e-07
3.585419810026876e-07
3.7883671113413873e-07
3.9969149281714715e-07
4.211063260517128e-07
4.430812108378361e-07
4.6561614717551683e-07
4.88711135064755e-07
5.123661745055508e-07
5.365812654979038e-07
5.613564080418145e-07
5.866916021372824e-07
6.125868477843077e-07
6.390421449828906e-07
6.660574937330311e-07
6.93632894034729e-07
7.21768345887984e-07
7.504638492927969e-07
7.797194042491666e-07
8.095350107570941e-07
8.399106688165793e-07
8.708463784276213e-07
9.023421395902216e-07
