nan
nan
nan
nan
nan
nan
nan
nan
nan
nan
nan
nan
nan
nan
nan
nan
nan
nan
nan
nan
nan
nan
nan
nan
nan
nan
nan
nan
nan
nan
nan
nan
nan
nan
nan
nan
0.08553690128473992
0.08553024022155262
0.08552403052984506
0.0855182867651001
0.08551302226755171
0.08550824917756736
0.08550397844189832
0.08550021981832163
0.08549698187790263
0.08549427200874521
0.08549209641945008
0.08549046013821698
0.08548936701377687
0.08548881971517766
0.08548881972807275
0.08548936735377993
0.08549046170792354
0.08549210070962107
0.08549428108153223
0.08549699834183574
0.08550024679416772
0.08550401952223005
0.08550830837921489
0.08551310397729112
0.08551839567476378
0.08552417156445956
nan
nan
nan
nan
nan
nan
nan
nan
nan
nan
nan
nan
nan
nan
nan
nan
nan
nan
nan
nan
nan
nan
nan
nan
nan
nan
nan
nan
nan
nan
nan
nan
nan
nan
nan
nan
nan
nan
0.08692443332999653
0.08691723116027017
0.08690901140622963
0.08689982702800829
0.08688962283041875
0.08687844714975036
0.08686635279394422
0.08685340337348124
0.0868396652050936
0.08682520377464437
0.08681008806467364
0.08679438549887392
0.08677816140163566
0.08676148020769622
0.08674440400627946
0.08672699207589316
0.08670930456243087
0.08669139424738814
0.08667331657836183
0.08665512283993576
0.08663686226961198
0.08661858223063401
0.08660032799281638
0.08658214287613826
0.08656406829068322
0.08654614371867218
0.08652840684346923
0.08651089348275301
0.08649363781300916
0.08647667226853863
0.08646002740191301
0.08644373260709287
0.08642781519641327
0.08641230095395581
0.08639721474889087
0.08638257898931428
0.08636841535074412
0.08635474364097581
0.08634158253459245
0.0863289491796156
0.08631685906816977
0.08630532661214155
0.08629436495293838
0.08628398574367774
0.08627419926465806
0.08626501451960353
0.08625643923389659
0.08624847984203365
0.08624114149072108
0.08623442804813311
0.08622834211127763
0.08622288501169575
0.08621805681831043
0.08621385634100096
0.08621028113143077
0.08620732748218107
0.08620499042119706
0.0862032637001492
0.08620213979251856
0.08620160994267019
0.08620166424392499
0.0862022915366006
0.0862034790613351
0.08620521258428018
0.08620747712263521
0.08621025639613854
0.08621353225533332
0.086217285950005
0.0862214963992683
0.08622614176871599
0.08623119973278148
0.0862366439919699
0.08624244995212813
0.0862485891958787
0.08625503310685843
0.08626175113214979
0.08626871134572203
0.08627588028061967
0.08628322290573681
0.08629070272416563
0.08629828151745769
0.0863059196013627
0.08631357545586982
0.08632120637361293
0.08632876776871526
0.0863362112923085
0.08634349085806389
0.0863505567306344
0.0863573565656478
0.08636383730272867
0.0863699448174965
0.08637562200159038
0.08638081183364277
0.08638545474913881
0.0863894927632252
0.08639286121093048
0.08639553635437469
0.08639740490044825
0.08639821339142169
0.08639936034856172
0.09045517731380251
0.09041551246517934
0.09037547404467014
0.09033432016119448
0.09029212358684219
0.09024970271493447
0.09020861073944184
0.09016202217694913
0.09010998680212237
0.09001947768266375
0.08999712631017602
0.0899489009609625
0.08990153254056836
0.08985405627958631
0.08980560724206005
0.08975668048370591
0.089707476018039
0.08965814584553317
0.08960878640165709
0.0895594998218007
0.0895103653752369
0.0894614476360846
0.08941280821753221
0.08936450119877788
0.08931658110810899
0.08926909535660174
0.08922208881015176
0.08917560203878838
0.08912967499675001
0.08908433737401579
0.08903965419794574
0.08899549739432436
0.08895224713172786
0.08890951473117645
0.08886689492526256
0.0888270626049312
0.08877993870729806
0.08874544182562732
0.08871629968702646
0.08867200792268076
0.08863659072989102
0.08859937268789578
0.08856462626202724
0.08853022293210554
0.08849696793636477
0.08846465637407501
0.0884332544402959
0.08840283239611309
0.0883733525884577
0.08834482769530554
0.08831725571754928
0.08829063621069982
0.08826496691821589
0.08824024458669118
0.08821646484398775
0.08819362219706062
0.08817170973672561
0.0881507195194387
0.08813064242216043
0.08811146793724701
0.08809318436912153
0.08807577887542636
0.08805923736084742
0.08804354446851743
0.08802868362531954
0.08801463704758936
0.08800138572471647
0.08798890939588441
0.08797718653550483
0.08796619437862158
0.08795590902836178
0.08794630530836056
0.08793735629079538
0.08792903413921613
0.08792131037695784
0.08791415415256709
0.08790753400048419
0.08790141685957772
0.08789576850048068
0.0878905532840456
0.08788573431946642
0.08788127332865167
0.0878771307003318
0.08787326539194823
0.08786963501992678
0.0878661966273887
0.08786290597007528
0.08785971518598773
0.0878565764792592
0.08785344263305916
0.08785026319093708
0.08784698707917363
0.08784356242516685
0.0878399362961565
0.08783605534600616
0.08783186602041326
0.08782731532094348
0.0878223491875181
0.08781692088739416
0.08781097713277022
nan
nan
nan
nan
nan
0.09668243619632323
nan
nan
nan
nan
nan
0.09580948027756564
0.09557136706095973
0.09532516537030797
0.09515852715236
0.09499411795135694
0.09485543264370293
0.09471234469356857
0.09456035948853489
0.09444731697034181
0.09431946746309058
0.09419572732265752
0.09405398161166426
0.09396380241560809
0.0938477934648837
0.09373546086695461
0.09362576163726968
0.09351781677557683
0.09340201553190267
0.09331424175971588
0.09320997350312826
0.09311095346927609
0.09301373376632968
0.09291843603212585
0.0928250863567095
0.09273357667604021
0.09264391244392259
0.09255607862163756
0.0924700574836613
0.09238585553466253
0.09230357614751988
0.09222416697903393
0.09214284848262125
0.09206642994562853
0.0919909630466148
0.09191727139605615
0.0918452855274312
0.09177500301186733
0.09170640871879349
0.09163949113289227
0.09157423734330536
0.09151063345960664
0.0914486650122675
0.09138831666396754
0.09132957245345696
0.09127241616416999
0.0912168305347191
0.09116279466948882
0.09111030067866711
0.09105940759002948
0.09101015269507112
0.09096210239143748
0.09091216546119263
0.09086969538818665
0.09082544646384244
0.09078339089445675
0.0907424242303349
0.09070262853194333
0.09066418410863328
0.09062698631634815
0.0905910157155384
0.09055624393689193
0.09052264052520373
0.09049017305645368
0.09045881337430438
0.09042850186555523
0.09039920070474575
0.09037103217510098
0.09034345891798175
0.09031834398032379
0.09029225787561818
0.09026746785404914
0.09024375173091154
0.09022079442343309
0.09019854597003572
0.0901770211331055
0.09015617897773157
0.09013599585193097
0.09011642190733413
0.09009743487195229
0.09007906427434303
0.09006141242900731
0.09004416541403432
0.09002721805132749
0.09001742006813333
0.08999173003480315
0.08998803717810284
0.09015988607098084
0.08992715186098497
0.08972274897445838
nan
nan
nan
nan
nan
nan
nan
nan
nan
nan
nan
nan
nan
nan
nan
nan
nan
nan
nan
nan
nan
nan
0.10600040227516988
0.10276653634931766
nan
0.10140897813833016
0.10335270472367068
0.10256699985737336
0.09915586281282661
0.09917609874958838
0.1010531227891655
0.09877487462290105
0.09864656488309875
0.09837306017588623
0.09818056266427543
0.0979905087833972
0.09780518854110681
0.09761772719830905
0.09743569729946289
0.09724252509145725
0.09705023600329415
0.0968311566821479
0.0955628604627616
0.09637243094905744
0.09661349244633939
0.09656349781557015
0.09650446363820535
0.09648919413144735
0.09651170854704261
0.0965438787167886
0.09652608254263896
0.09634297814213831
0.09592825304387828
0.09576991017277736
0.0967155555711362
0.09546116750892672
0.09529806346000877
0.09517075852950119
0.09505389257210438
0.09494575022871667
0.09484321024152015
0.09474507744781
0.09465074115995827
0.09455967642564087
0.09447038648251482
0.09438616581149196
0.09430348447913996
0.09422332658449403
0.09414557626445788
0.09407009155355806
0.09399689548155972
0.09392582069030733
0.09385666348987176
0.09379026333906287
0.09372443146156327
0.09366192161131504
0.09361281905415308
0.09355157663737698
0.09347829857615425
0.09342192245612635
0.09337255000376313
0.09331965087651765
0.09326537037152294
0.09321344714427265
0.09316450632723325
0.09311764769215417
0.09307208889534341
0.09302746805165772
0.09298363134457911
0.09294071058264163
0.09289759257102677
0.09285591737891148
0.09281638260678252
0.09278123337048089
0.0927500944862584
0.09271533754820495
0.09266621317461812
0.0926236887214966
0.09268324682768654
0.09263480195163942
nan
nan
nan
nan
nan
nan
nan
nan
nan
nan
nan
nan
nan
nan
nan
nan
nan
nan
nan
nan
nan
nan
nan
nan
nan
nan
nan
nan
nan
nan
nan
nan
nan
nan
nan
nan
0.10064227868254627
nan
nan
nan
0.1056596264289482
0.10402525292388715
0.10373850432415967
0.10168743146957812
0.10093788816103069
0.1017400957371463
0.10026797038937825
0.10303753931251972
0.10179355133168877
0.1018178923362969
0.10184447414579884
0.10138126570685854
0.1019690578317374
0.10097881908283235
0.10081160037172625
0.1004436413429218
0.10026410216957027
0.09997003765207808
0.09996628103346045
0.09996890353310961
0.10014629958055152
0.0996539759263163
0.09948841561269715
0.09934033828208189
0.09919910192688011
0.09904914156230604
0.09892489969578738
0.09879439814741939
0.0986704304732827
0.09854874100172456
0.09845538107212351
0.09832307127694825
0.09821319366596123
0.09809944034092552
0.09800298026076898
0.09790265704531662
0.09780316351237119
0.09770368907680739
0.09760654095014126
0.0975047549619186
0.09738985735284603
0.09724119181017941
0.09694114395115204
0.0958728088779003
0.0963622763973636
0.09681888129097953
0.09655309558823283
0.0963075992459217
0.09627767264840575
0.09637858719325768
0.09650074555850682
0.09666508849657186
0.09670440749927814
0.09684966853424815
0.09695936490087848
0.09700404847408717
0.09709007291019858
0.0971203512496487
0.09722318314481568
0.09731081686028546
nan
nan
nan
nan
nan
nan
nan
nan
nan
nan
nan
nan
nan
nan
nan
nan
nan
nan
nan
nan
nan
nan
nan
nan
nan
nan
nan
nan
nan
nan
nan
nan
nan
nan
nan
nan
nan
nan
nan
nan
nan
nan
nan
nan
nan
nan
nan
nan
nan
nan
nan
nan
nan
nan
nan
nan
nan
nan
nan
nan
nan
0.10651394012508159
0.10638490624941299
0.10616345008574711
0.10577505650555687
0.10543128396732684
0.10507083013459201
0.1047205349910732
0.1044712493519036
0.10418407631479909
0.1039478032163084
0.10360750316568366
0.10328993651953591
0.10041666079397542
0.10189179784084554
0.10188714475843885
0.10176229189243016
0.1017688160806221
0.10179986950438918
0.10181026890780871
0.10180904221739898
0.1018020655124062
0.10183180766929076
0.10171536160428579
0.10368918066826818
0.10386714866827895
0.10202667011516142
0.10213300729793032
0.10415202024750655
0.1000084361473066
0.10003206974433171
0.10119381420567361
0.10250246646124014
0.10258322288113124
0.10023175060194961
0.10154712887939057
nan
0.09907053337198968
nan
0.10180822788980526
nan
nan
nan
nan
nan
nan
nan
nan
nan
nan
nan
nan
nan
nan
nan
nan
nan
nan
nan
nan
nan
nan
nan
nan
nan
nan
nan
nan
nan
nan
nan
nan
nan
nan
nan
nan
nan
nan
nan
nan
nan
nan
nan
nan
nan
nan
nan
nan
nan
nan
nan
nan
nan
nan
nan
nan
nan
nan
nan
nan
nan
nan
nan
nan
nan
nan
nan
nan
nan
nan
nan
nan
nan
nan
nan
nan
nan
nan
nan
nan
0.10528508587986729
nan
nan
0.10737598444085858
nan
0.10017735692494166
nan
0.10512722250722602
0.1059783172121495
0.1056967096515891
0.10548082755757382
0.10096611555449332
nan
nan
0.10203451325108034
0.10164121364214558
0.10204470072083213
nan
nan
nan
nan
nan
nan
nan
nan
nan
nan
nan
nan
nan
nan
nan
nan
nan
nan
nan
nan
nan
nan
nan
nan
nan
nan
nan
nan
nan
nan
nan
nan
nan
nan
nan
nan
nan
nan
nan
nan
nan
nan
nan
nan
nan
nan
nan
nan
nan
nan
nan
nan
nan
nan
nan
nan
nan
nan
nan
nan
nan
nan
nan
nan
nan
nan
nan
nan
nan
nan
nan
nan
nan
nan
nan
nan
nan
nan
nan
nan
nan
nan
nan
nan
nan
nan
nan
nan
nan
nan
nan
nan
nan
nan
nan
nan
nan
nan
nan
nan
nan
nan
nan
nan
nan
nan
nan
nan
nan
nan
nan
nan
nan
nan
nan
nan
nan
nan
nan
nan
nan
nan
nan
nan
nan
nan
nan
nan
nan
nan
nan
nan
nan
nan
nan
nan
nan
nan
nan
nan
nan
nan
nan
nan
nan
nan
nan
nan
nan
nan
nan
nan
nan
nan
nan
nan
nan
nan
nan
nan
nan
nan
nan
nan
nan
nan
nan
nan
nan
nan
nan
nan
nan
nan
nan
nan
nan
nan
nan
nan
nan
nan
nan
nan
nan
nan
nan
nan
nan
nan
nan
nan
nan
nan
nan
nan
nan
nan
nan
nan
nan
nan
nan
