3.908854118219962e-09
3.752515906369924e-09
3.599368270271927e-09
3.4494112099259713e-09
3.302644725332058e-09
3.1590688164901863e-09
3.0186834834003562e-09
2.8814887260625666e-09
2.7474845444768202e-09
2.6166709386431147e-09
2.48904790856145e-09
2.364615454231829e-09
2.2433735756542475e-09
2.125322272828709e-09
2.0104615457552116e-09
1.898791394433756e-09
1.7903118188643412e-09
1.6850228190469682e-09
1.582924394981637e-09
1.4840165466683476e-09
1.3882992741070997e-09
1.2957725772978938e-09
1.206436456240729e-09
1.1202909109356058e-09
1.0373359413825244e-09
9.575715475814845e-10
8.809977295324861e-10
8.076144872355294e-10
7.374218206906142e-10
6.704197298977405e-10
6.066082148569088e-10
5.459872755681182e-10
4.885569120313697e-10
4.3431712424666234e-10
3.8326791221399684e-10
3.354092759333729e-10
2.907412154047905e-10
2.492637306282497e-10
2.1097682160375057e-10
1.7588048833129293e-10
1.4397473081087698e-10
1.1525954904250278e-10
8.973494302616995e-11
6.740091276187878e-11
4.825745824962919e-11
3.2304579489421185e-11
1.954227648125474e-11
9.970549225129956e-12
3.589397721046823e-12
3.9882196900520767e-13
3.9882196900519187e-13
3.5893977210467753e-12
9.970549225129956e-12
1.954227648125474e-11
3.230457948942112e-11
4.825745824962909e-11
6.740091276187869e-11
8.973494302616985e-11
1.1525954904250262e-10
1.4397473081087698e-10
1.7588048833129293e-10
2.1097682160375057e-10
2.492637306282497e-10
2.907412154047905e-10
3.354092759333729e-10
3.8326791221399684e-10
4.3431712424666234e-10
4.885569120313697e-10
5.459872755681182e-10
6.066082148569088e-10
6.704197298977405e-10
7.374218206906142e-10
8.076144872355294e-10
8.809977295324861e-10
9.575715475814845e-10
1.0373359413825244e-09
1.120290910935606e-09
1.206436456240729e-09
1.2957725772978938e-09
1.3882992741071005e-09
1.484016546668348e-09
1.5829243949816366e-09
1.685022819046968e-09
1.7903118188643404e-09
1.8987913944337547e-09
2.0104615457552108e-09
2.125322272828709e-09
2.2433735756542475e-09
2.364615454231828e-09
2.48904790856145e-09
2.6166709386431147e-09
2.7474845444768202e-09
2.8814887260625687e-09
3.0186834834003562e-09
3.1590688164901875e-09
3.302644725332058e-09
3.44941120992597e-09
3.599368270271927e-09
3.752515906369922e-09
3.908854118219962e-09
9.512835504516866e-07
9.537347578488126e-07
9.561891558216903e-07
9.586467443703204e-07
9.611075234947025e-07
9.635714931948366e-07
9.660386534707228e-07
9.685090043223612e-07
9.709825457497516e-07
9.734592777528936e-07
9.75939200331788e-07
9.784223134864345e-07
9.809086172168326e-07
9.833981115229831e-07
9.85890796404886e-07
9.883866718625404e-07
9.908857378959471e-07
9.933879945051056e-07
9.958934416900162e-07
9.98402079450679e-07
1.0009139077870935e-06
1.0034289266992605e-06
1.0059471361871793e-06
1.0084685362508502e-06
1.0109931268902733e-06
1.0135209081054481e-06
1.016051879896375e-06
1.018586042263054e-06
1.021123395205485e-06
1.0236639387236686e-06
1.0262076728176037e-06
1.0287545974872906e-06
1.0313047127327298e-06
1.0338580185539211e-06
1.0364145149508644e-06
1.0389742019235599e-06
1.0415370794720075e-06
1.044103147596207e-06
1.0466724062961584e-06
1.0492448555718618e-06
1.0518204954233174e-06
1.054399325850525e-06
1.0569813468534847e-06
1.0595665584321967e-06
1.0621549605866604e-06
1.064746553316876e-06
1.067341336622844e-06
1.0699393105045638e-06
1.0725404749620356e-06
1.0751448299952597e-06
1.0777523756042358e-06
1.0803631117889637e-06
1.0829770385494438e-06
1.0855941558856758e-06
1.08821446379766e-06
1.0908379622853962e-06
1.0934646513488844e-06
1.0960945309881252e-06
1.0987276012031175e-06
1.1013638619938617e-06
1.104003313360358e-06
1.1066459553026066e-06
1.1092917878206069e-06
1.1119408109143593e-06
1.1145930245838642e-06
1.117248428829121e-06
1.1199070236501294e-06
1.1225688090468901e-06
1.1252337850194029e-06
1.1279019515676675e-06
1.1305733086916843e-06
1.1332478563914535e-06
1.1359255946669744e-06
1.1386065235182472e-06
1.1412906429452722e-06
1.143977952948049e-06
1.1466684535265783e-06
1.1493621446808593e-06
1.1520590264108927e-06
1.154759098716678e-06
1.1574623615982152e-06
1.1601688150555044e-06
1.1628784590885457e-06
1.1655912936973391e-06
1.1683073188818845e-06
1.1710265346421818e-06
1.1737489409782317e-06
1.1764745378900331e-06
1.1792033253775867e-06
1.1819353034408922e-06
1.1846704720799498e-06
1.1874088312947596e-06
1.1901503810853216e-06
1.1928951214516352e-06
1.195643052393701e-06
1.198394173911519e-06
1.2011484860050887e-06
1.2039059886744105e-06
1.2066666819194847e-06
1.2094305657403106e-06
4.0515546547407095e-06
4.056613407746812e-06
4.061675351328666e-06
4.066740485486272e-06
4.071808810219631e-06
4.07688032552874e-06
4.081955031413604e-06
4.0870329278742165e-06
4.092114014910584e-06
4.097198292522701e-06
4.102285760710571e-06
4.107376419474195e-06
4.1124702688135685e-06
4.117567308728695e-06
4.122667539219573e-06
4.127770960286204e-06
4.132877571928587e-06
4.1379873741467215e-06
4.143100366940608e-06
4.148216550310247e-06
4.153335924255638e-06
4.15845848877678e-06
4.163584243873676e-06
4.168713189546322e-06
4.173845325794722e-06
4.178980652618873e-06
4.1841191700187755e-06
4.18926087799443e-06
4.194405776545836e-06
4.199553865672997e-06
4.2047051453759065e-06
4.209859615654571e-06
4.215017276508987e-06
4.2201781279391535e-06
4.225342169945074e-06
4.230509402526743e-06
4.235679825684167e-06
4.240853439417343e-06
4.24603024372627e-06
4.251210238610951e-06
4.2563934240713815e-06
4.261579800107566e-06
4.266769366719501e-06
4.271962123907189e-06
4.277158071670628e-06
4.28235721000982e-06
4.287559538924764e-06
4.292765058415459e-06
4.297973768481908e-06
4.303185669124107e-06
4.30840076034206e-06
4.313619042135763e-06
4.31884051450522e-06
4.324065177450427e-06
4.329293030971388e-06
4.334524075068101e-06
4.339758309740564e-06
4.344995734988781e-06
4.3502363508127495e-06
4.35548015721247e-06
4.360727154187942e-06
4.365977341739167e-06
4.371230719866144e-06
4.376487288568871e-06
4.381747047847352e-06
4.387009997701584e-06
4.39227613813157e-06
4.397545469137305e-06
4.402817990718795e-06
4.408093702876036e-06
4.413372605609028e-06
4.418654698917774e-06
4.4239399828022695e-06
4.429228457262519e-06
4.434520122298519e-06
4.439814977910273e-06
4.445113024097779e-06
4.4504142608610355e-06
4.455718688200045e-06
4.461026306114806e-06
4.466337114605319e-06
4.4716511136715835e-06
4.476968303313602e-06
4.482288683531372e-06
4.487612254324892e-06
4.492939015694167e-06
4.498268967639191e-06
4.5036021101599696e-06
4.508938443256498e-06
4.514277966928781e-06
4.519620681176815e-06
4.524966586000599e-06
4.5303156814001385e-06
4.535667967375427e-06
4.541023443926469e-06
4.5463821110532625e-06
4.5517439687558086e-06
4.557109017034108e-06
4.5624772558881565e-06
4.567848685317959e-06
9.304722166985293e-06
9.312388465600367e-06
9.320057954791198e-06
9.327730634557781e-06
9.335406504900116e-06
9.343085565818203e-06
9.350767817312038e-06
9.35845325938163e-06
9.366141892026972e-06
9.373833715248067e-06
9.38152872904491e-06
9.38922693341751e-06
9.39692832836586e-06
9.404632913889963e-06
9.412340689989821e-06
9.420051656665422e-06
9.427765813916782e-06
9.435483161743894e-06
9.443203700146758e-06
9.450927429125372e-06
9.458654348679738e-06
9.466384458809857e-06
9.474117759515727e-06
9.48185425079735e-06
9.489593932654724e-06
9.497336805087852e-06
9.505082868096731e-06
9.512832121681364e-06
9.520584565841747e-06
9.528340200577879e-06
9.536099025889766e-06
9.543861041777407e-06
9.5516262482408e-06
9.559394645279944e-06
9.567166232894835e-06
9.574941011085484e-06
9.582718979851884e-06
9.590500139194036e-06
9.598284489111937e-06
9.606072029605593e-06
9.613862760675001e-06
9.621656682320163e-06
9.629453794541073e-06
9.637254097337736e-06
9.645057590710151e-06
9.652864274658321e-06
9.66067414918224e-06
9.668487214281914e-06
9.676303469957336e-06
9.684122916208511e-06
9.69194555303544e-06
9.69977138043812e-06
9.70760039841655e-06
9.715432606970736e-06
9.723268006100673e-06
9.731106595806362e-06
9.738948376087803e-06
9.746793346944992e-06
9.754641508377937e-06
9.762492860386635e-06
9.770347402971084e-06
9.778205136131284e-06
9.786066059867235e-06
9.79393017417894e-06
9.801797479066397e-06
9.809667974529607e-06
9.817541660568564e-06
9.825418537183279e-06
9.833298604373743e-06
9.84118186213996e-06
9.84906831048193e-06
9.856957949399648e-06
9.864850778893122e-06
9.872746798962349e-06
9.880646009607325e-06
9.888548410828056e-06
9.896454002624535e-06
9.904362784996768e-06
9.912274757944755e-06
9.920189921468492e-06
9.928108275567979e-06
9.93602982024322e-06
9.943954555494215e-06
9.951882481320961e-06
9.959813597723458e-06
9.967747904701705e-06
9.975685402255707e-06
9.983626090385463e-06
9.991569969090967e-06
9.999517038372227e-06
1.0007467298229233e-05
1.0015420748661995e-05
1.002337738967051e-05
1.0031337221254777e-05
1.0039300243414791e-05
1.0047266456150562e-05
1.0055235859462084e-05
1.0063208453349361e-05
1.0071184237812386e-05
1.0079163212851162e-05
1.671078608718543e-05
1.6721059931409483e-05
1.6731336966209292e-05
1.674161719158485e-05
1.6751900607536158e-05
1.6762187214063225e-05
1.6772477011166035e-05
1.67827699988446e-05
1.6793066177098916e-05
1.680336554592899e-05
1.6813668105334812e-05
1.6823973855316387e-05
1.6834282795873712e-05
1.684459492700679e-05
1.6854910248715624e-05
1.6865228761000203e-05
1.6875550463860536e-05
1.6885875357296626e-05
1.6896203441308466e-05
1.6906534715896056e-05
1.6916869181059397e-05
1.6927206836798495e-05
1.693754768311334e-05
1.6947891720003937e-05
1.6958238947470286e-05
1.696858936551239e-05
1.6978942974130247e-05
1.6989299773323853e-05
1.6999659763093216e-05
1.7010022943438322e-05
1.7020389314359186e-05
1.7030758875855803e-05
1.7041131627928173e-05
1.705150757057629e-05
1.706188670380016e-05
1.7072269027599784e-05
1.708265454197516e-05
1.7093043246926287e-05
1.7103435142453163e-05
1.71138302285558e-05
1.712422850523418e-05
1.7134629972488318e-05
1.7145034630318208e-05
1.715544247872384e-05
1.7165853517705235e-05
1.717626774726238e-05
1.7186685167395274e-05
1.7197105778103925e-05
1.7207529579388324e-05
1.7217956571248472e-05
1.722838675368438e-05
1.7238820126696037e-05
1.7249256690283443e-05
1.7259696444446603e-05
1.7270139389185516e-05
1.728058552450018e-05
1.72910348503906e-05
1.730148736685676e-05
1.7311943073898682e-05
1.732240197151636e-05
1.7332864059709785e-05
1.7343329338478963e-05
1.7353797807823885e-05
1.7364269467744568e-05
1.7374744318241e-05
1.7385222359313187e-05
1.739570359096112e-05
1.740618801318481e-05
1.741667562598425e-05
1.7427166429359444e-05
1.7437660423310392e-05
1.7448157607837086e-05
1.7458657982939535e-05
1.7469161548617736e-05
1.7479668304871688e-05
1.7490178251701394e-05
1.750069138910685e-05
1.751120771708806e-05
1.7521727235645022e-05
1.753224994477774e-05
1.75427758444862e-05
1.7553304934770413e-05
1.7563837215630384e-05
1.757437268706611e-05
1.7584911349077584e-05
1.7595453201664805e-05
1.7605998244827784e-05
1.7616546478566516e-05
1.7627097902880995e-05
1.763765251777123e-05
1.7648210323237214e-05
1.765877131927895e-05
1.766933550589644e-05
1.7679902883089685e-05
1.7690473450858676e-05
1.7701047209203423e-05
1.771162415812392e-05
1.772220429762017e-05
1.7732787627692175e-05
1.7743374148339924e-05
2.626974641534113e-05
2.6282627805174153e-05
2.629551238558294e-05
2.6308400156567474e-05
2.632129111812776e-05
2.63341852702638e-05
2.6347082612975587e-05
2.635998314626313e-05
2.6372886870126424e-05
2.6385793784565475e-05
2.6398703889580266e-05
2.6411617185170817e-05
2.6424533671337122e-05
2.6437453348079178e-05
2.6450376215396986e-05
2.646330227329054e-05
2.647623152175985e-05
2.6489163960804914e-05
2.650209959042573e-05
2.6515038410622298e-05
2.6527980421394615e-05
2.6540925622742686e-05
2.655387401466651e-05
2.6566825597166084e-05
2.657978037024141e-05
2.6592738333892488e-05
2.660569948811932e-05
2.6618663832921905e-05
2.663163136830024e-05
2.664460209425432e-05
2.6657576010784164e-05
2.6670553117889757e-05
2.66835334155711e-05
2.66965169038282e-05
2.670950358266104e-05
2.672249345206964e-05
2.6735486512053995e-05
2.67484827626141e-05
2.6761482203749952e-05
2.6774484835461558e-05
2.6787490657748917e-05
2.680049967061203e-05
2.6813511874050896e-05
2.682652726806551e-05
2.6839545852655876e-05
2.6852567627822e-05
2.686559259356387e-05
2.6878620749881496e-05
2.6891652096774867e-05
2.6904686634244e-05
2.691772436228888e-05
2.6930765280909513e-05
2.694380939010589e-05
2.6956856689878028e-05
2.696990718022592e-05
2.698296086114956e-05
2.699601773264895e-05
2.700907779472409e-05
2.7022141047374992e-05
2.703520749060164e-05
2.7048277124404044e-05
2.7061349948782196e-05
2.7074425963736094e-05
2.7087505169265753e-05
2.7100587565371162e-05
2.7113673152052325e-05
2.712676192930923e-05
2.7139853897141897e-05
2.7152949055550314e-05
2.7166047404534488e-05
2.717914894409441e-05
2.719225367423008e-05
2.7205361594941504e-05
2.7218472706228682e-05
2.723158700809161e-05
2.7244704500530296e-05
2.725782518354472e-05
2.727094905713491e-05
2.7284076121300847e-05
2.729720637604254e-05
2.7310339821359973e-05
2.732347645725317e-05
2.7336616283722118e-05
2.7349759300766815e-05
2.7362905508387263e-05
2.737605490658346e-05
2.7389207495355416e-05
2.7402363274703125e-05
2.7415522244626583e-05
2.7428684405125793e-05
2.7441849756200752e-05
2.7455018297851465e-05
2.746819003007793e-05
2.7481364952880152e-05
2.749454306625812e-05
2.750772437021184e-05
2.7520908864741314e-05
2.7534096549846542e-05
2.754728742552752e-05
2.756048149178425e-05
3.798160315145238e-05
3.7997092086894387e-05
3.8012584212912145e-05
3.802807952950566e-05
3.804357803667491e-05
3.805907973441992e-05
3.8074584622740696e-05
3.809009270163721e-05
3.8105603971109476e-05
3.81211184311575e-05
3.8136636081781284e-05
3.815215692298081e-05
3.816768095475609e-05
3.818320817710711e-05
3.819873859003389e-05
3.8214272193536425e-05
3.8229808987614714e-05
3.824534897226875e-05
3.8260892147498546e-05
3.827643851330409e-05
3.8291988069685386e-05
3.830754081664244e-05
3.832309675417522e-05
3.833865588228377e-05
3.835421820096808e-05
3.8369783710228134e-05
3.838535241006394e-05
3.8400924300475505e-05
3.841649938146282e-05
3.843207765302588e-05
3.8447659115164696e-05
3.8463243767879255e-05
3.8478831611169576e-05
3.849442264503565e-05
3.851001686947747e-05
3.852561428449505e-05
3.854121489008838e-05
3.855681868625746e-05
3.857242567300229e-05
3.858803585032288e-05
3.860364921821921e-05
3.861926577669129e-05
3.863488552573913e-05
3.865050846536273e-05
3.866613459556207e-05
3.868176391633717e-05
3.869739642768802e-05
3.8713032129614616e-05
3.872867102211697e-05
3.874431310519508e-05
3.8759958378848916e-05
3.877560684307853e-05
3.879125849788389e-05
3.8806913343265e-05
3.882257137922187e-05
3.8838232605754485e-05
3.885389702286286e-05
3.886956463054698e-05
3.888523542880685e-05
3.8900909417642466e-05
3.891658659705384e-05
3.893226696704097e-05
3.894795052760386e-05
3.896363727874249e-05
3.8979327220456874e-05
3.8995020352747016e-05
3.9010716675612906e-05
3.902641618905455e-05
3.904211889307194e-05
3.905782478766507e-05
3.9073533872833965e-05
3.908924614857862e-05
3.910496161489902e-05
3.912068027179518e-05
3.913640211926709e-05
3.915212715731474e-05
3.9167855385938153e-05
3.918358680513731e-05
3.919932141491222e-05
3.921505921526288e-05
3.92308002061893e-05
3.924654438769147e-05
3.926229175976939e-05
3.9278042322423065e-05
3.92937960756525e-05
3.9309553019457674e-05
3.932531315383861e-05
3.9341076478795276e-05
3.935684299432771e-05
3.9372612700435894e-05
3.9388385597119836e-05
3.940416168437953e-05
3.941994096221497e-05
3.9435723430626165e-05
3.9451509089613116e-05
3.946729793917581e-05
3.948308997931425e-05
3.9498885210028454e-05
3.9514683631318406e-05
3.953048524318412e-05
5.184635629551919e-05
5.186445277657018e-05
5.1882552448196905e-05
5.1900655310399384e-05
5.191876136317762e-05
5.1936870606531615e-05
5.195498304046136e-05
5.1973098664966854e-05
5.19912174800481e-05
5.20093394857051e-05
5.2027464681937855e-05
5.2045593068746356e-05
5.206372464613061e-05
5.2081859414090604e-05
5.2099997372626366e-05
5.211813852173788e-05
5.213628286142514e-05
5.215443039168816e-05
5.217258111252692e-05
5.2190735023941445e-05
5.220889212593172e-05
5.2227052418497745e-05
5.224521590163951e-05
5.226338257535703e-05
5.228155243965031e-05
5.229972549451935e-05
5.231790173996413e-05
5.2336081175984664e-05
5.2354263802580956e-05
5.2372449619753e-05
5.2390638627500795e-05
5.240883082582432e-05
5.2427026214723614e-05
5.244522479419866e-05
5.246342656424947e-05
5.2481631524876015e-05
5.249983967607832e-05
5.251805101785638e-05
5.253626555021019e-05
5.255448327313975e-05
5.257270418664507e-05
5.259092829072612e-05
5.260915558538294e-05
5.26273860706155e-05
5.2645619746423825e-05
5.26638566128079e-05
5.2682096669767726e-05
5.27003399173033e-05
5.271858635541463e-05
5.273683598410171e-05
5.275508880336453e-05
5.2773344813203114e-05
5.279160401361746e-05
5.2809866404607545e-05
5.2828131986173384e-05
5.2846400758314983e-05
5.286467272103233e-05
5.288294787432543e-05
5.290122621819427e-05
5.2919507752638857e-05
5.293779247765921e-05
5.2956080393255325e-05
5.297437149942717e-05
5.299266579617479e-05
5.3010963283498156e-05
5.3029263961397265e-05
5.3047567829872134e-05
5.306587488892275e-05
5.308418513854912e-05
5.310249857875123e-05
5.3120815209529106e-05
5.313913503088273e-05
5.315745804281211e-05
5.317578424531724e-05
5.319411363839812e-05
5.321244622205476e-05
5.3230781996287146e-05
5.3249120961095284e-05
5.326746311647915e-05
5.3285808462438795e-05
5.3304156998974195e-05
5.332250872608534e-05
5.334086364377224e-05
5.335922175203489e-05
5.3377583050873296e-05
5.339594754028745e-05
5.341431522027736e-05
5.3432686090843e-05
5.3451060151984414e-05
5.346943740370157e-05
5.3487817845994484e-05
5.350620147886316e-05
5.3524588302307576e-05
5.3542978316327746e-05
5.3561371520923676e-05
5.3579767916095346e-05
5.3598167501842756e-05
5.361657027816594e-05
5.363497624506487e-05
5.365338540253955e-05
6.786400584754157e-05
6.788470987420152e-05
6.790541709143723e-05
6.792612749924871e-05
6.794684109763589e-05
6.796755788659886e-05
6.798827786613758e-05
6.800900103625206e-05
6.802972739694228e-05
6.805045694820826e-05
6.807118969004998e-05
6.809192562246746e-05
6.811266474546069e-05
6.813340705902966e-05
6.81541525631744e-05
6.817490125789488e-05
6.819565314319112e-05
6.821640821906313e-05
6.823716648551086e-05
6.825792794253436e-05
6.827869259013361e-05
6.829946042830862e-05
6.832023145705934e-05
6.834100567638585e-05
6.836178308628811e-05
6.838256368676612e-05
6.840334747781988e-05
6.842413445944939e-05
6.844492463165466e-05
6.846571799443568e-05
6.848651454779244e-05
6.850731429172496e-05
6.852811722623322e-05
6.854892335131725e-05
6.856973266697703e-05
6.859054517321256e-05
6.861136087002383e-05
6.863217975741086e-05
6.865300183537366e-05
6.867382710391219e-05
6.869465556302649e-05
6.871548721271651e-05
6.87363220529823e-05
6.875716008382383e-05
6.877800130524114e-05
6.879884571723419e-05
6.8819693319803e-05
6.884054411294754e-05
6.886139809666786e-05
6.888225527096391e-05
6.890311563583569e-05
6.892397919128326e-05
6.894484593730657e-05
6.896571587390563e-05
6.898658900108046e-05
6.900746531883103e-05
6.902834482715735e-05
6.904922752605943e-05
6.907011341553726e-05
6.909100249559082e-05
6.911189476622015e-05
6.913279022742523e-05
6.915368887920606e-05
6.917459072156265e-05
6.919549575449498e-05
6.921640397800308e-05
6.923731539208692e-05
6.925822999674652e-05
6.927914779198187e-05
6.930006877779294e-05
6.932099295417978e-05
6.93419203211424e-05
6.936285087868075e-05
6.938378462679485e-05
6.940472156548472e-05
6.942566169475032e-05
6.944660501459169e-05
6.946755152500881e-05
6.948850122600166e-05
6.950945411757028e-05
6.953041019971464e-05
6.955136947243477e-05
6.957233193573064e-05
6.959329758960228e-05
6.961426643404964e-05
6.963523846907278e-05
6.965621369467166e-05
6.967719211084628e-05
6.969817371759667e-05
6.971915851492281e-05
6.97401465028247e-05
6.976113768130234e-05
6.978213205035575e-05
6.980312960998489e-05
6.982413036018978e-05
6.984513430097044e-05
6.986614143232681e-05
6.988715175425898e-05
6.990816526676689e-05
6.992918196985055e-05
8.603455180751946e-05
8.60578633797884e-05
8.60811781426331e-05
8.610449609605353e-05
8.612781724004969e-05
8.615114157462164e-05
8.617446909976934e-05
8.61977998154928e-05
8.6221133721792e-05
8.624447081866694e-05
8.626781110611765e-05
8.62911545841441e-05
8.631450125274631e-05
8.633785111192426e-05
8.636120416167797e-05
8.638456040200744e-05
8.640791983291265e-05
8.643128245439363e-05
8.645464826645034e-05
8.647801726908282e-05
8.650138946229105e-05
8.652476484607502e-05
8.654814342043472e-05
8.65715251853702e-05
8.659491014088145e-05
8.661829828696841e-05
8.664168962363116e-05
8.666508415086965e-05
8.668848186868389e-05
8.671188277707388e-05
8.673528687603962e-05
8.675869416558111e-05
8.678210464569835e-05
8.680551831639136e-05
8.68289351776601e-05
8.685235522950461e-05
8.687577847192487e-05
8.689920490492088e-05
8.692263452849265e-05
8.694606734264016e-05
8.696950334736342e-05
8.699294254266243e-05
8.701638492853719e-05
8.703983050498772e-05
8.706327927201398e-05
8.708673122961601e-05
8.71101863777938e-05
8.713364471654733e-05
8.715710624587662e-05
8.718057096578164e-05
8.72040388762624e-05
8.722750997731894e-05
8.725098426895123e-05
8.727446175115927e-05
8.729794242394307e-05
8.732142628730262e-05
8.734491334123791e-05
8.736840358574896e-05
8.739189702083576e-05
8.74153936464983e-05
8.743889346273661e-05
8.746239646955067e-05
8.748590266694048e-05
8.750941205490603e-05
8.753292463344735e-05
8.755644040256442e-05
8.757995936225725e-05
8.760348151252581e-05
8.762700685337015e-05
8.765053538479019e-05
8.767406710678602e-05
8.76976020193576e-05
8.772114012250492e-05
8.7744681416228e-05
8.776822590052684e-05
8.779177357540144e-05
8.781532444085177e-05
8.783887849687787e-05
8.786243574347969e-05
8.788599618065728e-05
8.790955980841063e-05
8.793312662673973e-05
8.795669663564458e-05
8.798026983512519e-05
8.800384622518154e-05
8.802742580581365e-05
8.805100857702151e-05
8.807459453880511e-05
8.809818369116446e-05
8.812177603409958e-05
8.814537156761045e-05
8.816897029169707e-05
8.819257220635944e-05
8.821617731159756e-05
8.823978560741145e-05
8.826339709380107e-05
8.828701177076643e-05
8.831062963830756e-05
8.833425069642445e-05
8.835787494511708e-05
