nan
nan
nan
nan
nan
nan
nan
nan
nan
nan
nan
nan
nan
nan
nan
nan
nan
nan
nan
nan
nan
nan
nan
nan
nan
nan
nan
nan
nan
nan
nan
nan
nan
nan
nan
nan
nan
nan
nan
nan
nan
nan
nan
nan
nan
nan
nan
nan
0.08733064341616215
0.08733009396705317
0.08733009398349986
0.08733064389728562
0.08733174372284505
nan
nan
nan
nan
nan
nan
nan
nan
nan
nan
nan
nan
nan
nan
nan
nan
nan
nan
nan
nan
nan
nan
nan
nan
nan
nan
nan
nan
nan
nan
nan
nan
nan
nan
nan
nan
nan
nan
nan
nan
nan
nan
nan
nan
nan
nan
nan
0.08816301962588347
0.08814336188686696
0.0881237136114372
0.08810409973587467
0.08808454229602286
0.0880650636199482
0.08804568518540767
0.08802642818509246
0.08800731303044326
0.0879883596130589
0.08796958739520948
0.08795101523908827
0.08793266149390865
0.08791454398587681
0.08789668004484534
0.08787908650304371
0.08786177966572842
0.08784477536580669
0.08782808892861434
0.08781173520552794
0.08779572856121115
0.08778008287689093
0.08776481156393812
0.08774992755910307
0.08773544333129343
0.08772137088531323
0.08770772176235406
0.08769450704367768
0.0876817373540886
0.08766942286365842
0.0876575732898679
0.08764619789996476
0.08763530551308174
0.08762490450205943
0.08761500279436418
0.08760560787468859
0.08759672678548658
0.08758836612870204
0.08758053206674449
0.08757323032316514
0.08756646618386764
0.08756024449752996
0.08755456967615496
0.08754944569559331
0.08754487609567767
0.08754086398033067
0.08753741201754728
0.08753452243917915
0.08753219704118112
0.08753043718255102
0.08752924378497934
0.0875286173321346
0.08752855786880602
0.08752906499994875
0.08753013788941232
0.08753177525886335
0.087533975386535
0.08753673610537899
0.08754005480122143
0.08754392841111551
0.08754835342113941
0.0875533258646713
0.08755884131952571
0.08756489490542346
0.08757148128186085
0.08757859464486553
0.08758622872392655
0.08759437677900252
0.08760303159727606
0.0876121854887624
0.08762183028386125
0.08763195732841005
0.08764255748008773
0.08765362110335467
0.08766513806611548
0.08767709773430402
0.08768948896550685
0.0877023001059259
0.0877155189855146
0.08772913290787784
0.08774312865059128
0.08775749245682693
0.08777221001971061
0.08778726649472413
0.08780264647360192
0.08781833399313398
0.08783431252189447
0.08785056492342658
0.087867073518383
0.0878838199877599
0.08790078548905847
0.0879179504138223
0.0879352947037681
0.08795279754785194
0.08797043763532086
0.08798819269699674
0.08800603996735393
0.08802395681670017
0.08804191744434808
0.08805989812227635
0.08894757059271281
0.08892288844132554
0.08889800034343309
0.08887311047890277
0.08884830331896235
0.08882360314697832
0.08879902588930326
0.08877459453810749
0.08875033224307027
0.08872625897993372
0.08870239855551917
0.0886787679070446
0.08865538785383031
0.0886322784752938
0.08860946251653781
0.08858693408902074
0.08856476829834628
0.08854297370131622
0.08852140329583716
0.08850018923040098
0.08847948446564488
0.08845916672928913
0.08843922027100995
0.08841972930263285
0.08840068232024433
0.0883820744359183
0.08836393882590385
0.08834628554782564
0.08832911736303015
0.08831244845314357
0.08829629141687215
0.08828065424849349
0.08826554566055111
0.08825097505081944
0.08823695087147616
0.0882234808198569
0.0882105722674401
0.0881982321821319
0.0881864670297393
0.08817528280407239
0.08816468505577303
0.08815467888247325
0.08814526891946053
0.08813645934186297
0.08812825386891146
0.08812065576680353
0.08811366784767066
0.08810729246920108
0.08810153153493823
0.0880963864943124
0.08809185834224623
0.08808794761949207
0.08808465441200822
0.08808197835074985
0.0880799186109118
0.0880784739109863
0.08807764251229308
0.08807742221778805
0.08807781037119196
0.08807880385533501
0.0880803990913502
0.08808259203601446
0.08808537818113207
0.08808875255140813
0.08809270970233568
0.0880972437184325
0.08810234821087354
0.08810801631465921
0.0881142406848873
0.08812101349339943
0.0881283264313505
0.08813617070295654
0.08814453702749642
0.08815341562178357
0.08816279619498962
0.08817266796580225
0.08818301967210032
0.08819383950080635
0.08820511505304551
0.08821683356289844
0.08822898197255713
0.08824154621087561
0.08825451105125767
0.08826786215857314
0.08828158582275492
0.08829566396314062
0.08831007708876756
0.0883248137690073
0.08833985822458519
0.08835518008528914
0.08837076653690573
0.08838661535308141
0.08840268038001275
0.08841892405903931
0.08843536954486768
0.0884520039809446
0.08846876789666358
0.08848563970724227
0.08850260725780017
0.08851964313782823
0.09012695006647835
0.0900952615574704
0.09006356667713199
0.09003190290942448
0.09000032816484593
0.08996900726134138
0.08993839016478886
0.08991129078910329
0.08986421290991213
0.0898412147152097
0.08981144175789862
0.0897810976831983
0.08975080344880851
0.08972078186592297
0.08969106177352056
0.08966164795438372
0.08963256591105599
0.08960383861426949
0.08957548678380434
0.08954753017591822
0.08951998731306599
0.08949287587386684
0.08946621267537395
0.08944001320369058
0.08941429516054347
0.08938907092945364
0.08936435565545078
0.08934016288087936
0.08931650553464887
0.08929339601266603
0.08927084610652458
0.0892488670850603
0.08922746966146694
0.08920666390779775
0.0891864594877278
0.08916686537773345
0.08914789017740306
0.0891295419462205
0.08911182800114967
0.08909475537469913
0.0890783305639809
0.08906255935313703
0.08904744722485616
0.08903299926720996
0.08901921985407085
0.08900611278751888
0.08899368147475606
0.08898192884428296
0.08897085730504523
0.08896046883499595
0.08895076499265203
0.0889417468119479
0.08893341473624253
0.0889257686667008
0.08891880805500668
0.0889125319488214
0.08890693897292247
0.08890202728218762
0.08889779452867191
0.08889423785292573
0.088891353897645
0.08888913882625404
0.08888758833627233
0.08888669765721127
0.0888864615270513
0.0888868741479843
0.08888792913808768
0.08888961951428254
0.088891937745046
0.0888948758758397
0.08889842565310077
0.08890257852124325
0.08890732544544866
0.08891265671902242
0.08891856199231765
0.08892503052656638
0.08893205126973619
0.08893961256315057
0.08894770165933265
0.08895630571491504
0.08896541147893144
0.08897500546577719
0.08898507326932989
0.08899559987934683
0.0890065700340319
0.08901796788058441
0.08902977684509039
0.08904198004558947
0.08905456009965293
0.08906749894092816
0.08908077815837737
0.08909437873728734
0.08910828137752877
0.08912246618682891
0.08913691392586948
0.08915160336523276
0.08916652262829405
0.08918168489159628
0.08919701207162034
0.0892122754008233
0.09151087305314323
0.09147716763708141
0.09144292444791519
0.09140823603701123
0.09137316609494692
0.09133779914723604
0.09130217930787518
0.09126631797993492
0.09123055728072718
0.09119411905739594
0.09115885455306982
0.09112148331074371
0.09108734850771019
0.09104961509797062
0.09101432178697808
0.09098182009598313
0.09093488879604984
0.09089670088551842
0.09086629518215752
0.09083970218899601
0.09080527195089932
0.09077036545008091
0.09073692681086622
0.09070437376721807
0.09067167208294843
0.09063930471951868
0.09060749907300164
0.09057627863741931
0.09054558100091141
0.0905153911312102
0.09048573360356624
0.09045663801482322
0.09042812656241994
0.0904002153048124
0.09037291742451639
0.090346245148824
0.09032021046599749
0.0902948249376585
0.09027009957708364
0.09024604477715073
0.0902226702314952
0.09019998495065398
0.09017799724577809
0.09015671476879847
0.09013614450354362
0.0901162927903825
0.09009716533890541
0.09007876723618846
0.09006110297050246
0.09004417640883092
0.09002799084291072
0.09001254892692653
0.08999785273920119
0.08998390380911
0.08997070306715435
0.08995825087505602
0.08994654703525623
0.08993559078139096
0.08992538078449627
0.08991591523651181
0.08990719160356475
0.08989920606777947
0.08989195522604465
0.08988543957322007
0.08987965733316597
0.08987459245765647
0.08987023193113121
0.08986658813607787
0.08986365764537546
0.08986141002501
0.08985985255757553
0.08985898645740473
0.08985877894468622
0.08985923792896104
0.0898603531063717
0.08986210347356482
0.08986448919943284
0.08986749284495009
0.08987110424248003
0.08987531066162366
0.0898800995247053
0.08988545680884613
0.08989136894166974
0.08989782142302255
0.08990479944107233
0.08991229008326396
0.08992026797636862
0.0899287288664321
0.0899376506479721
0.08994701931668991
0.08995681661259042
0.08996703927441294
0.08997763776719725
0.08998848184517771
0.09000007572304722
0.09001336717122288
0.09002798728940706
0.09003005692178463
0.09004660122961061
0.09005938379921827
0.09269715691733692
0.09270622774130403
0.09273803092409458
0.09268899408623951
0.0926701150050672
0.09264762435631568
0.0926242253888955
0.09259599421163123
0.09257161595473865
0.09254258900981208
0.09251316078940258
0.09248235031193272
0.0924505840817322
0.09241805721288524
0.0923833861784561
0.0923510709267898
0.09231646384669344
0.092281561167922
0.09224637970722441
0.09221087863069052
0.09217525528291058
0.0921392284186169
0.09210379362581265
0.09206794402006398
0.09203206933247315
0.09199609936119242
0.09196603127883443
0.0919153350885744
0.09188759297582154
0.09185417639083854
0.09181986528460317
0.09178571970041449
0.09175204385358403
0.0917187548682273
0.09168589428323742
0.09165349866107553
0.09162159775063021
0.09159021799838722
0.09155938387363244
0.09152911776167649
0.09149944043775443
0.09147037105957023
0.09144192793367698
0.09141412732429899
0.09138698469804414
0.09136051426586819
0.09133472916445162
0.09130964130183672
0.0912852617177714
0.09126160006378423
0.09123866629941343
0.09121646675819767
0.09119501015601161
0.0911742990096416
0.0911543503349572
0.09113515639402531
0.09111668938069653
0.09109904975986258
0.09108219818478452
0.0910659521502767
0.09105051132615363
0.09103611176912055
0.09102239724596581
0.09100901414159397
0.09099634862022343
0.0909849796327939
0.09097477604735955
0.09096498896604177
0.09095507189467036
0.09094521032122924
0.09093609053104965
0.09092830317678603
0.09092202141684838
0.09091708086399186
0.09091319351942653
0.09091009706675866
0.09090761070193235
0.09090563436626896
0.09090412599196883
0.09090307603005843
0.09090248746018731
0.09090236291405926
0.09090269837382248
0.09090348338615668
0.09090470491636543
0.09090635080580525
0.09090843081944383
0.09091094839556746
0.09091411954302794
0.09091785239405663
0.0909217535439191
0.09092759745245094
0.09093999418303268
0.09093350709398228
0.09095134762069483
0.09095769830690006
0.09096309805243007
0.0909715390968591
0.09097938626951561
0.09098723811374167
nan
nan
nan
nan
nan
0.09289794343921862
0.09288871415974367
0.09320978865243072
0.09317532594931979
0.09309108322961443
0.09331346020756415
0.09334696483183473
0.09336909056432105
0.09338243570223513
0.0933872189053972
0.09339205352005438
0.0933888128581703
0.09337880498548445
0.09336963663204523
0.09335635211220836
0.0933409527396151
0.09332237091565972
0.09330123774826626
0.09327825043018835
0.09325420364052461
0.09322879990650065
0.09320273237373694
0.09317497789730832
0.09314666564451957
0.09311758179175221
0.09308791181625237
0.0930577327985253
0.09302708173493235
0.09299600365074503
0.09296519891069757
0.09293886506172286
0.09289771389551918
0.09286996706496356
0.09283814314695132
0.0928069950592755
0.092775949425754
0.09274498297332251
0.09271418080678287
0.09268372385070825
0.09265356322959171
0.09262376270715772
0.09259435513666944
0.09256537338207912
0.0925368489710842
0.09250881043177184
0.09248128416887368
0.09245429455933828
0.0924278640714444
0.09240201339225163
0.09237676151606466
0.09235212580775487
0.0923281220565905
0.09230476455706199
0.09228206616926773
0.09226003838424587
0.09223869137467705
0.09221803402436146
0.09219807394194751
0.09217881770452808
0.092160270136289
0.0921424366009487
0.09212531775303866
0.09210891923588566
0.09209323827985927
0.0920782751059782
0.09206403611457813
0.09205049317309445
0.09203768370293791
0.09202561117970401
0.09201420708863636
0.09200349439856383
0.0919934984982694
0.0919841792236877
0.09197552931758923
0.09196756041600156
0.09196025356962714
0.09195359005007409
0.0919475726882564
0.09194219410292157
0.09193739372942106
0.09193348453003214
0.09192929560137435
0.09192796973924627
0.09192422072265821
0.09193156941442782
0.09191809462549352
0.09191722165933884
0.09191798554576466
0.0919178668435786
0.09191816004922806
0.09191895256879866
0.09192008997422962
0.0919215664010825
0.09192335796614753
0.09192551429612102
nan
nan
nan
nan
nan
nan
nan
nan
nan
nan
nan
nan
nan
nan
nan
nan
nan
nan
nan
nan
nan
nan
nan
nan
0.09378716459812396
0.09380197487516811
0.09385667507723569
0.09388199352932707
0.09389883105383415
0.09391221301602103
0.09391926585927662
0.0939219033566002
0.09392089159143466
0.0939166124155435
0.09390949183473969
0.09389979554392336
0.09388792660461143
0.0938741452656843
0.09385865231225049
0.09384166898672776
0.09382339857824426
0.09380402907118299
0.09378361123795262
0.09376228781264805
0.09374071261997076
0.09371837610996137
0.09369559558243387
0.09367069864523894
0.09364728807613706
0.09362306022560801
0.09359877276331297
0.09357428123570234
0.09354973455553921
0.09352516297856625
0.09350062567353601
0.09347617299229519
0.09345185029823144
0.0934277002877909
0.09340376376355183
0.09338007753091071
0.09335667609431644
0.09333359122041024
0.09331085223806718
0.09328848618323891
0.09326651825574057
0.09324497091272553
0.09322386477412425
0.09320321831703629
0.09318304824725146
0.09316336948781327
0.09314419532994553
0.093125535302756
0.09310740267538237
0.09308980254850853
0.09307274140429389
0.0930562251698501
0.09304025639076186
0.0930248329895004
0.09300997719584722
0.09299564697003108
0.09298187310309407
0.09296874289821636
0.09295583895692841
0.09294434632344378
0.09293153716853168
0.09292541416384159
0.09291009716954285
0.0928999306978878
0.0928892388450486
0.09288091579892432
0.09287185506935244
0.09286350253117767
0.09285563137675767
0.09284832925922723
0.09284084786739089
0.09283403029969671
0.0928274580597378
0.09282123214240418
0.09281524909645403
0.09280951283219085
nan
nan
nan
nan
nan
nan
nan
nan
nan
nan
nan
nan
nan
nan
nan
nan
nan
nan
nan
nan
nan
nan
nan
nan
nan
nan
nan
nan
nan
nan
nan
nan
nan
nan
nan
nan
nan
nan
nan
nan
nan
nan
nan
nan
0.09429570460071002
0.09430571262274814
0.09431203829495585
0.09431567327930007
0.09431730944635494
0.09431742575799945
0.09431383534949517
0.09430861292967747
0.09430219027302067
0.0942941937631546
0.0942850185211264
0.09427468263995074
0.09426335676291629
0.09425108989417799
0.09423802597755862
0.09422421182753359
0.09420970968862691
0.0941946165765544
0.0941789964188281
0.0941629005062142
0.09414638288087204
0.09412949834820511
0.0941122997557508
0.09409483638452207
0.09407715308979439
0.09405929092277915
0.09404128957193861
0.09402318989399334
0.09400503267841877
0.09398684898507345
0.09396865088111667
0.09395045293648235
0.09393236219202494
0.09391462239420469
0.09389726133223986
0.09387959190855612
0.09386121400178087
0.09384366590593052
0.0938267763579175
0.0938093149962203
0.09379266228610093
0.09377585874548533
0.09375941397365342
0.09374310785629399
0.09372703512560501
0.0937111387898717
0.0936954455158917
0.09367994309766658
0.09366460321420489
0.09364942530543693
0.09363439538584147
0.09361951940570926
0.09360468700625085
0.09359013257652352
0.09357525549434356
0.09356139335988524
nan
nan
nan
nan
nan
nan
nan
nan
nan
nan
nan
nan
nan
nan
nan
nan
nan
nan
nan
nan
nan
nan
nan
nan
nan
nan
nan
nan
nan
nan
nan
nan
nan
nan
nan
nan
nan
nan
nan
nan
nan
nan
nan
nan
nan
nan
nan
nan
nan
nan
nan
nan
nan
nan
nan
nan
nan
nan
nan
nan
nan
nan
nan
0.09448247035449212
0.09448701677011705
0.09449001536642773
0.09449158994096435
0.09449185304185885
0.09449088968403942
0.09448876470852921
0.09448553104324914
0.09448123384046667
0.09447591239998035
0.09446960142154298
0.0944623321865051
0.09445413392604624
0.09444503574140867
0.0944350700473457
0.09442427924399496
0.09441272679369826
0.09440051134572389
0.09438777707167811
0.09437469612158482
0.09436137963929803
0.09434770256405553
0.09433311630759154
0.09431673052869613
0.09429825069061265
0.09427923009206836
0.09426153783820582
0.0942443882638897
0.09422575869091848
0.0942062404089912
0.0941871727935498
0.09416746152682554
0.09414702744777556
0.09412659725185046
0.09410542747539344
0.0940839319776069
0.09406195721414609
