nan
nan
nan
nan
nan
nan
nan
nan
nan
nan
nan
nan
nan
nan
nan
nan
nan
nan
nan
nan
nan
nan
nan
nan
nan
nan
nan
nan
nan
nan
nan
nan
nan
nan
nan
nan
0.08553690129119587
0.08553024022524602
0.08552403053420098
0.08551828676846662
0.0855130222698742
0.08550824917927291
0.08550397844355491
0.08550021981977665
0.08549698187879003
0.08549427200960552
0.08549209642023195
0.08549046013880364
0.08548936701361945
0.08548881971455542
0.08548881973000465
0.08548936735398985
0.08549046170738445
0.08549210070993565
0.08549428108255089
0.08549699834262688
0.08550024679512971
0.08550401952362725
0.08550830838068485
0.08551310397875297
0.0855183956758718
0.08552417156630714
nan
nan
nan
nan
nan
nan
nan
nan
nan
nan
nan
nan
nan
nan
nan
nan
nan
nan
nan
nan
nan
nan
nan
nan
nan
nan
nan
nan
nan
nan
nan
nan
nan
nan
nan
nan
nan
nan
0.08692439250320855
0.08691718352148403
0.08690900506046895
0.08689982265912563
0.08688961349411622
0.08687844103084494
0.08686634888446974
0.08685339924880164
0.08683966130772511
0.08682520049300936
0.08681008488755029
0.08679438259410421
0.0867781589829
0.08676147737000015
0.08674440174308355
0.08672698995839975
0.08670930187983628
0.08669139247186473
0.08667331468630035
0.08665512108038344
0.08663686061188966
0.08661858064144037
0.08660032647191199
0.08658214143589565
0.08656406691665322
0.08654614239913126
0.08652840557353803
0.08651089229207246
0.08649363665299165
0.08647667112915663
0.08646002646482662
0.08644373165843738
0.08642781417390563
0.08641230003595202
0.08639721371885614
0.08638257808637516
0.08636841448322771
0.08635474284401787
0.08634158172010148
0.0863289482587533
0.08631685819637656
0.08630532587919931
0.08629436429491336
0.08628398509639246
0.08627419861699016
0.08626501388029778
0.08625643860858251
0.08624847923141683
0.08624114089389417
0.08623442746406439
0.08622834153904471
0.08622288445020039
0.08621805626672224
0.08621385579797186
0.08621028059463741
0.08620732694849623
0.08620498989084238
0.08620326319019528
0.08620213934964205
0.08620160960518648
0.08620166392605011
0.08620229101435188
0.08620347829748898
0.08620521190455147
0.08620747662831976
0.08621025589944975
0.08621353181050873
0.0862172851891325
0.08622149562701108
0.08622614135610049
0.08623119905061291
0.08623664382662027
0.08624244950109328
0.08624858870395392
0.08625503259152947
0.08626175063723465
0.08626871082715665
0.08627587974373871
0.08628322237924842
0.08629070215881283
0.08629828096662184
0.08630591898565951
0.08631357471281625
0.08632120568332632
0.08632876636161518
0.08633621019606438
0.08634349053513146
0.08635055556332016
0.0863573558963619
0.08636383636873357
0.08636994289934798
0.08637562112675978
0.08638080968365272
0.08638544925712142
0.0863894915542529
0.08639285754413456
0.08639548528449147
0.0863973972326545
0.08639826744263682
0.08639796849938852
0.0904549904903025
0.09041534030075113
0.09037533177917229
0.09033415974771197
0.09029211608375559
0.09024961011548599
0.09020631222157857
0.09016939480634073
0.09014954845397698
0.09001159321952129
0.08998219819470159
0.0899492199321604
0.08990135251907547
0.08985394241099617
0.0898055205817809
0.08975659735743025
0.0897073959478287
0.08965806845804983
0.08960872183665777
0.08955942998096722
0.08951030140098083
0.0894613852363652
0.08941274751085287
0.08936444379287835
0.0893165261130449
0.08926904258457227
0.08922203831829059
0.08917555354019066
0.08912962819898687
0.08908429163415339
0.08903956963748391
0.08899557234223618
0.08895232925398336
0.08890944110552845
0.08886659140019289
0.08882455850963786
0.08878466957785028
0.08874705437642097
0.08871044804310382
0.08867364806358571
0.08863657965594679
0.08859997903196204
0.08856446196584639
0.08853014883252866
0.08849690260461784
0.08846460807922969
0.0884332389754074
0.08840280889331623
0.08837332993592799
0.0883448052379332
0.08831723412099071
0.08829061519333635
0.08826494641240243
0.08824022460846029
0.0882164453782143
0.08819360313761027
0.08817169112475418
0.08815070136351051
0.08813062464068544
0.08811145051041935
0.08809316730409514
0.08807576213601309
0.08805922090115811
0.08804352827036653
0.08802866768660383
0.08801462135943702
0.08800137026455701
0.08798889413967971
0.08797717148178336
0.08796617954174712
0.08795589431680986
0.08794629054048622
0.08793734166957332
0.08792901988081035
0.08792129608012447
0.08791413991716007
0.08790751977042446
0.08790140268719944
0.08789575434903878
0.0878905391373232
0.08788572014495216
0.08788125912896953
0.08787711639781903
0.08787325145746414
0.08786962172750368
0.08786618190401392
0.0878628917210027
0.08785969910646914
0.08785656130899874
0.08785342719428463
0.0878502474893872
0.08784697105623684
0.08784354598064628
0.08783991949963357
0.08783603796345611
0.08783184821595601
0.08782729687709678
0.08782233094654902
0.0878168996225602
0.08781095121159578
nan
nan
nan
nan
nan
0.09662190424040332
nan
0.09683177066357307
nan
nan
nan
0.09581867395337507
0.09556075708618782
0.09530817283211193
0.09515700893091032
0.09499287072496534
0.09485507928131756
0.09471136595052546
0.09457477083199542
0.09444622621780997
0.09431902957539919
0.09419539265402611
0.09406578357803747
0.09396331135661613
0.0938471806075466
0.09373492373983444
0.09362516228414515
0.09351696994026337
0.09341807358317039
0.09331496176304549
0.09320959346577484
0.0931105106640612
0.0930133064353681
0.09291805309811063
0.09282469604396129
0.09273320055375853
0.09264355166567312
0.09255573765258465
0.09246968874014933
0.09238549494516937
0.0923034675322085
0.09222265320309278
0.09214313782824546
0.09206598227363066
0.09199068824013716
0.09191701468338936
0.09184503977372413
0.0917747647476441
0.09170617855109722
0.09163926868189445
0.09157402217789093
0.09151042526589497
0.09144846341943652
0.09138812136534899
0.09132938317000447
0.0912722324877061
0.0912166516828685
0.09116262545542367
0.09111010509726372
0.09105921155896002
0.09100995836167157
0.09096141869360853
0.09091373708680064
0.09086844747360802
0.09082536894760104
0.09078335124536992
0.09074228128341015
0.09070249993877814
0.09066404978993384
0.0906268574942371
0.09059088945580765
0.09055612043521082
0.09052251922945018
0.09049005457631736
0.09045869611179286
0.09042839195870978
0.09039907397419623
0.09037080749179993
0.09034376534724944
0.0903177472262083
0.09029228074781045
0.0902674515476331
0.09024362014657743
0.09022067739980676
0.09019844230258012
0.09017691926593324
0.09015607452359278
0.09013588743666832
0.09011632062310226
0.0900973499521906
0.09007897897538494
0.09006137315904986
0.09004432351467472
0.0900264265513241
0.0900094100192299
0.09000535884902405
0.09001844266390281
0.0900102020038195
0.08995515981036589
0.08988578094858543
nan
nan
nan
nan
nan
nan
nan
nan
nan
nan
nan
nan
nan
nan
nan
nan
nan
nan
0.10226070699496531
nan
0.10148108628116888
nan
0.10180510545375016
0.1022184360196578
0.10229335603400097
0.0997777949938499
0.1006324699817996
0.09945967389146212
0.09908524981425035
0.09917778854365386
0.09952602644503453
0.09878637386297001
0.09865673297030209
0.09837050512571091
0.098199976580439
0.09799150007492896
0.09780247222990465
0.0976168241677114
0.09743247110763585
0.09724069324821136
0.09702971637412729
0.09683202405610952
0.0955758428253409
0.09570466370424471
0.09583664224707224
0.09592382958299472
0.09597027452819998
0.09598699499116711
0.09598407379133177
0.09597194410098538
0.09596434473078314
0.09598353779457892
0.09606952474152397
0.09628480434748951
0.09666991441555028
0.09543195198161847
0.09530598705073232
0.09516941836136109
0.09505293672786624
0.09494457570748513
0.09484209686555282
0.09474420280137333
0.09464984897933078
0.0945589611541808
0.0944703378965665
0.09438523688141369
0.09430276744543512
0.09422262428251094
0.09414488561551113
0.09406945353918289
0.09399623102309138
0.09392506029064498
0.0938560398992802
0.09378959329628042
0.09372588095493475
0.09366436431483059
0.09360414592264521
0.09354461556999297
0.09348575057027161
0.09342795786102495
0.09337169987426423
0.09331725704307625
0.0932646823247281
0.09321388147157203
0.09316470856299218
0.09311701707918021
0.09307067987660121
0.09302559954835102
0.09298173570827806
0.0929390623599903
0.09289730171393024
0.09285688345781738
0.09281781158942842
0.09278043973371411
0.09274522237897592
0.09271272082161265
0.09268329743878892
0.09265652883586195
0.09263061749625134
0.09260270594152235
nan
nan
nan
nan
nan
nan
nan
nan
nan
nan
nan
nan
nan
nan
nan
nan
nan
nan
nan
nan
nan
nan
nan
nan
nan
nan
nan
nan
nan
nan
nan
nan
nan
nan
nan
nan
0.10456051777309867
0.10475158329720057
0.10428714607677403
nan
0.1058240398724242
0.10214938885932981
0.10291712252132337
0.10128500796971154
0.10141762237101651
0.10262575857517084
0.1000502296685282
0.10275159581882137
0.10180675055111196
0.10178179696982143
0.10184196298244566
0.10181688630745825
0.10193059847153421
0.10082069093447
0.10083590557655159
0.10045446393800944
0.10025356576172612
0.10003291749215551
0.10004467281106928
0.1000415983755632
0.10016484254652938
0.09965028284684321
0.09948518866142597
0.09933727586799532
0.09919629328615043
0.09908562964502649
0.09891439150077157
0.0987916754780383
0.09866778990271152
0.09854673576703499
0.09843863731704819
0.09832068805773708
0.098210800694507
0.09810116581446426
0.09800083258289255
0.09790055191146768
0.09780094126638737
0.09770262966137645
0.09760382185163648
0.09750293755270936
0.0973868448926617
0.09723905886985723
0.0969565432197555
0.09677998299111604
0.09685659074582337
0.09671426775423918
0.09656093422386552
0.09646560400770132
0.09642345015014026
0.09642272914386402
0.09643405764047837
0.09648162542279157
0.09650270652791534
0.09656069770600735
0.09660826581739951
0.09664941251622194
0.09667562491771799
0.09673480322910724
0.09678791272489584
0.09683527934440159
nan
nan
nan
nan
nan
nan
nan
nan
nan
nan
nan
nan
nan
nan
nan
nan
nan
nan
nan
nan
nan
nan
nan
nan
nan
nan
nan
nan
nan
nan
nan
nan
nan
nan
nan
nan
nan
nan
nan
nan
nan
nan
nan
nan
nan
nan
nan
nan
nan
nan
nan
nan
nan
nan
nan
nan
nan
nan
nan
0.10678050830792118
nan
0.1066999651690506
0.10646916739009347
0.10609744276695426
0.1057637040974213
0.10541571532453935
0.10505959466733523
0.1047532121652335
0.1044617861376144
0.10417442674972605
0.10392990348543424
0.1035982928838105
0.1032786866947914
0.10194260623550375
0.1015473654219313
0.10186466811893267
0.1017721826621468
0.10176826695509221
0.1017856042376655
0.10179968136952469
0.10180909424224996
0.10181385563054257
0.10181219559727259
0.10179521424132373
0.10180350016453521
0.10175665619942173
0.10177985058633207
0.10171999654554148
0.10391919649105445
0.10203025556420046
0.10179833542314448
0.1014533748828572
0.10365868145395654
0.10293063142303532
0.10165576018567626
0.10151713371583887
nan
0.10324110178988136
0.10370601842505875
0.10133008956935965
nan
nan
nan
nan
nan
nan
nan
nan
nan
nan
nan
nan
nan
nan
nan
nan
nan
nan
nan
nan
nan
nan
nan
nan
nan
nan
nan
nan
nan
nan
nan
nan
nan
nan
nan
nan
nan
nan
nan
nan
nan
nan
nan
nan
nan
nan
nan
nan
nan
nan
nan
nan
nan
nan
nan
nan
nan
nan
nan
nan
nan
nan
nan
nan
nan
nan
nan
nan
nan
nan
nan
nan
nan
nan
nan
nan
nan
nan
nan
nan
0.10152393489702918
nan
nan
0.10741947780946612
0.10604132460627685
0.106566303404999
0.10525317317263745
0.10581201675177297
0.10557655606064119
0.1055537222169684
0.10571728078958956
0.10470681872637155
0.10485900817875707
nan
0.10091126003628134
0.10416147613193483
0.10415016042030523
nan
0.1064177011139795
nan
nan
nan
nan
nan
nan
nan
nan
nan
nan
nan
nan
nan
nan
nan
nan
nan
nan
nan
nan
nan
nan
nan
nan
nan
nan
nan
nan
nan
nan
nan
nan
nan
nan
nan
nan
nan
nan
nan
nan
nan
nan
nan
nan
nan
nan
nan
nan
nan
nan
nan
nan
nan
nan
nan
nan
nan
nan
nan
nan
nan
nan
nan
nan
nan
nan
nan
nan
nan
nan
nan
nan
nan
nan
nan
nan
nan
nan
nan
nan
nan
nan
nan
nan
nan
nan
nan
nan
nan
nan
nan
nan
nan
nan
nan
nan
nan
nan
nan
nan
nan
nan
nan
nan
nan
nan
nan
nan
nan
nan
nan
nan
nan
nan
nan
nan
nan
nan
nan
nan
nan
nan
nan
nan
nan
nan
nan
nan
nan
nan
nan
nan
nan
nan
nan
nan
nan
nan
nan
nan
nan
nan
nan
nan
nan
nan
nan
nan
nan
nan
nan
nan
nan
nan
nan
nan
nan
nan
nan
nan
nan
nan
nan
nan
nan
nan
nan
nan
nan
nan
nan
nan
nan
nan
nan
nan
nan
nan
nan
nan
nan
nan
nan
nan
nan
nan
nan
nan
nan
nan
nan
nan
nan
nan
nan
nan
nan
nan
nan
nan
nan
