0.7074503323968321
0.7075416928918918
0.7076313637901298
0.7077192793979098
0.7078053800293147
0.7078896588302355
0.7079721173400484
0.7080527507850229
0.7081315535485272
0.7082085212177821
0.708283649760679
0.7083569353063893
0.7084283743345101
0.7084979637753661
0.7085657002142536
0.7086315810303232
0.708695604260698
0.7087577671760846
0.7088180675613713
0.7088765034887553
0.7089330730947724
0.7089877746513702
0.7090406065441168
0.7090915672594231
0.7091406553726393
0.7091878695379236
0.7092332084767032
0.70927667096869
0.7093182558424695
0.7093579619672412
0.7093957882450379
0.7094317336044673
0.7094657969907396
0.7094979773632496
0.7095282736873093
0.7095566849296661
0.7095832100537203
0.7096078480139398
0.709630597753065
0.7096514581975537
0.7096704282540014
0.7096875068067479
0.7097026927143847
0.709715984807559
0.7097273818873056
0.7097368827222479
0.7097444860479493
0.7097501905657181
0.7097539949403486
0.7097558978015359
0.7097558977404653
0.709753993315554
0.7097501830416701
0.7097444654031312
0.7097368388445041
0.7097273017797107
0.7097158525847236
0.7097024896067239
0.7096872111596696
0.709670015531323
0.7096509009816323
0.7096298657481208
0.7096069080466346
0.709582026076091
0.7095552180213416
0.7095264820574124
0.7094958163528577
0.7094632190755215
0.7094286883969687
0.7093922224972289
0.70935381957193
0.7093134778375543
0.7092711955385073
0.7092269709547306
0.7091808024089385
0.7091326882746639
0.7090826269866434
0.709030617049641
0.7089766570482894
0.7089207456592223
0.7088628816631819
0.7088030639567566
0.708741291561374
0.7086775637283285
0.7086118797157805
0.7085442387210952
0.7084746409362845
0.7084030862907296
0.7083295747181391
0.7082541067279442
0.7081766830694667
0.7080973048512325
0.7080159734387488
0.7079326906905814
0.7078474595530758
0.7077602820031764
0.7076711558285902
0.7075800890218422
0.7074871292108968
0.7073923133370756
0.707318810056289
0.7074250637175548
0.7075284179131571
0.707629057854825
0.707727073521397
0.707822583001458
0.7079156335832023
0.7080062732531782
0.7080945421716793
0.7081804679119335
0.7082640767887979
0.7083453918024649
0.7084244321123347
0.708501215530984
0.7085757556919617
0.7086480733823607
0.7087181872072783
0.7087860925894482
0.7088518106314289
0.7089153554185065
0.7089767357603614
0.7090359621825677
0.7090930444924156
0.7091479920661317
0.7092008138344716
0.7092515183131055
0.7093001136958222
0.7093466077658108
0.7093910079501904
0.7094333215027514
0.7094735553069784
0.7095117156570223
0.7095478085674017
0.7095818401340461
0.7096138163911607
0.7096437429289291
0.7096716247900947
0.7096974666731368
0.7097212731406515
0.7097430486643121
0.7097627975564578
0.7097805239010042
0.7097962315310675
0.7098099240468094
0.7098216048378126
0.7098312771023025
0.7098389438560984
0.7098446079379399
0.7098482720117343
0.8275311450705385
0.8275433169206846
0.7098472883203408
0.709842975692931
0.7098366739385233
0.7098283847830834
0.7098181098145833
0.70980585049021
0.7097916081457156
0.7097753840020167
0.7097571791779625
0.709736994694397
0.7097148314703418
0.7096906903069785
0.7096645718674748
0.7096364766858795
0.7096064052294828
0.7095743580052992
0.7095403356165455
0.7095043386617769
0.7094663675137473
0.7094264222278865
0.709384502774697
0.7093406093637641
0.70929474241398
0.7092469022288189
0.7091970889210745
0.7091453026395462
0.709091543622551
0.709035812095396
0.7089781083159664
0.7089184325986195
0.708856785257278
0.7087931663341608
0.7087275781747338
0.7086600209173273
0.7085904867628652
0.7085189848987891
0.7084455173238201
0.7083700803350201
0.7082926747317397
0.7082133007772708
0.7081319592969393
0.7080486479430524
0.7079633639665565
0.7078761105665308
0.7077868717731124
0.7076956309278701
0.7076024236184906
0.707507015258746
0.7074090836421042
0.7069871743874917
0.7071331104667393
0.7072750739302043
0.7074122144925589
0.7075447943520699
0.7076731278743971
0.7077975099482298
0.7079212475967496
0.7080514140930758
0.7081131897400783
0.7082305859982228
0.7083432422659257
0.708443913858373
0.7085417293712274
0.7086357191116881
0.7087262074761297
0.7088133535102522
0.7088972264537715
0.7089779249027313
0.7090556465410126
0.7091302804643456
0.7092019443032777
0.7092706943521287
0.7093365755920203
0.7093996323242922
0.7094599056035846
0.7095174340498019
0.709572253589312
0.7096243986035041
0.7096739001935053
0.7097207876044296
0.7097651001832737
0.7098068656228088
0.7098460489255174
0.7098826078675868
0.7099166550724317
0.7099484516779226
0.7099781343455689
0.7100055518102947
0.7100304296395585
0.7100526393658327
0.7100722977824776
0.7100896150604722
0.7101047085509165
0.7101175749026085
0.7101281698216564
0.7101364733614762
0.7101424977479386
0.8232533401225988
0.8233103894687016
0.8233655317096438
0.8234187695735724
0.8234701071370487
0.8235195507487348
0.8235671092125303
0.7101106023566783
0.7100967613743375
0.7100807608947671
0.7100626088750123
0.7100423129117827
0.7100198802655233
0.7099953178670494
0.709968632324832
0.709939829934893
0.7099089166949792
0.709875898320719
0.7098407802607558
0.7098035677138539
0.7097642656384341
0.7097228787604
0.7096794115885301
0.709633868429542
0.7095862533971788
0.7095365704182344
0.7094848232552928
0.7094310155274495
0.7093751506994284
0.7093172320767055
0.7092572628276451
0.7091952460048583
0.7091311845583654
0.7090650813764154
0.7089969387789246
0.7089267608901851
0.7088545575354843
0.7087802994321141
0.7087040087893365
0.7086257124541165
0.7085453828787808
0.7084630276000601
0.7083786480694051
0.7082922446661162
0.7082038173494812
0.708113365390527
0.708020886274279
0.7079263767872291
0.7078298303473783
0.7077312372165576
0.7076305873594897
0.7075278542250566
nan
nan
nan
nan
nan
0.7067613866104934
nan
0.7068609916757957
nan
nan
nan
0.7082239315033012
0.7084091347398405
0.7085332644880431
0.7086980000390745
0.708829029578717
0.7089767974212735
0.7090954533991085
0.7092099006548884
0.7093200488000874
0.7094220370299671
0.7095173348887973
0.7096084413846063
0.7097014323097383
0.7097843750955236
0.7098633617787913
0.7099380968131259
0.710008478531271
0.710077898338929
0.7101413886870899
0.7101981255346391
0.7102536812029825
0.7103056267402595
0.7103541292800997
0.7103992549637257
0.7104410723387871
0.7104796468695201
0.7105150310563868
0.710547371030992
0.7105765830850725
0.710602786096436
0.7106262980189214
0.7106461888335877
0.710663327039128
0.7106780822392933
0.7106899800871581
0.8163099201605291
0.8164504701510311
0.8165876426279577
0.8167214624370367
0.8168519554136524
0.8169791491861798
0.8171030728811605
0.8172237570207277
0.817341233418078
0.8174555347333344
0.817566696408582
0.8176747489116664
0.8177797910670549
0.8178815755273259
0.8179800796592853
0.7105256233099189
0.7104943456548718
0.710460997448346
0.7104254118104119
0.7103874453718362
0.7103471659336849
0.7103046201538479
0.7102598175088435
0.7102127731048719
0.7101635004887491
0.7101120109893455
0.7100583168118475
0.7100024276146262
0.7099443506863004
0.7098841170627337
0.7098217502480504
0.7097571710722737
0.7096903412585861
0.7096214241569117
0.7095504956862646
0.7094774465742707
0.7094022591005726
0.7093249697681592
0.7092455828054782
0.7091641280501356
0.7090805985956936
0.7089948863283433
0.7089073042270331
0.7088176723469747
0.7087260202505477
0.7086325220042908
0.7085370468025529
0.7084386896397787
0.7083385968471583
0.7082439971233031
0.7081566042846704
0.7080539879539793
0.7079241586085666
0.7077863913114111
nan
nan
nan
nan
nan
nan
nan
nan
nan
nan
nan
nan
nan
nan
nan
nan
nan
nan
0.7082418851951974
nan
0.7093649759788443
nan
0.7096957971771458
0.7105418481641614
0.7101895029588936
0.7099827345471874
0.7105908929314746
0.7105928592859365
0.7106996738452598
0.7108346804658514
0.7110410472879497
0.711037871461715
0.7111253967221042
0.7111925063444473
0.7112682325490931
0.7113324220752554
0.711393394016271
0.711451169974753
0.7115088434688528
0.711566569370118
0.7116319763731521
0.7116637615440738
0.8088494526395189
0.8085965072493364
0.8083450517068144
0.8081666995194771
0.8080652629829773
0.808024436613809
0.8080253693176478
0.808049351525949
0.8080736069810308
0.8080574386282818
0.8078995490492948
0.8073934084573859
0.8066183204002327
0.8091312311181678
0.8093889505025388
0.8096611973265608
0.8098941260244731
0.810110787695276
0.8103157705548448
0.810511590749307
0.8107002588775921
0.8108820597135593
0.8110593246285751
0.8112295015742279
0.8113944510587057
0.8115547523150435
0.8117102183083901
0.7110420568609336
0.7109818468389721
0.7109194621614312
0.7108548306764069
0.710788143728712
0.7107197141682343
0.7106494676216302
0.7105769112789265
0.7105015837352112
0.710423399727253
0.7103426179646792
0.7102596030221573
0.7101745911586967
0.7100876766282355
0.7099988475778606
0.7099080526368737
0.7098152393015348
0.7097203697224947
0.7096234235384398
0.7095243796478008
0.709423350041194
0.7093192986381368
0.7092149509750392
0.7091082222500826
0.7089994786301272
0.7088892597948389
0.708777733954753
0.7086649945285579
0.7085507975685239
0.7084343884456964
0.7083147090340747
nan
nan
nan
nan
nan
nan
nan
nan
nan
nan
nan
nan
nan
nan
nan
nan
nan
nan
nan
nan
nan
nan
nan
nan
nan
nan
nan
nan
nan
nan
nan
nan
nan
nan
nan
nan
0.7099614026195785
0.7094871966115873
0.7086803509630839
nan
0.7883532421276456
0.711556044371261
0.7123008044939324
0.7118917051215777
0.7120468317510398
0.7128645701264384
0.7120839988223545
0.7940915699585135
0.7963867648362275
0.7964366549456035
0.7963161358123079
0.796366384220341
0.7961724039943341
0.7983566108060567
0.7983275398856514
0.7990907891822492
0.7994927377181402
0.7999324506045407
0.7999112373043097
0.7999173496323876
0.7996710322722628
0.8006994182505035
0.8010296198781752
0.8013254463036414
0.8016074103011427
0.8018287899398564
0.8021711621484138
0.8024166474706964
0.8026644171901225
0.8029065213554467
0.8031227064336772
0.8033586234718775
0.8035784022898987
0.8037976669935484
0.8039983552415282
0.7118802725444469
0.7117900784011191
0.7116985216500268
0.7116062884412223
0.7115141705578396
0.7114253422359356
0.7113400105387708
0.7112766451355528
0.711075428038888
0.710905482414401
0.7107690730073599
0.7106453336880848
0.710524129807647
0.7104060567423309
0.7102736497700213
0.7101589721415269
0.7100012292671813
0.7098989418652726
0.7097258830099438
0.7095992976721897
0.7094397275521372
0.7092797267441731
0.7091325826718309
0.7089435981718066
0.7087446534644584
nan
nan
nan
nan
nan
nan
nan
nan
nan
nan
nan
nan
nan
nan
nan
nan
nan
nan
nan
nan
nan
nan
nan
nan
nan
nan
nan
nan
nan
nan
nan
nan
nan
nan
nan
nan
nan
nan
nan
nan
nan
nan
nan
nan
nan
nan
nan
nan
nan
nan
nan
nan
nan
nan
nan
nan
nan
nan
nan
0.7112468655513743
nan
0.7866007393862735
0.7870615704428582
0.7878050979648092
0.788472580353129
0.7891685575921171
0.7898808025928894
0.7904935921368796
0.7910764131321817
0.7916511378808402
0.7921401709921329
0.7928034074801551
0.793442606190917
0.7961127520111413
0.7969654023566621
0.7962713516825153
0.7964556574052137
0.796463529138689
0.7964288494100318
0.7964006573710338
0.7963818464143891
0.7963723745755559
0.7963757662375557
0.7964100557358493
0.7964165066094737
0.7964991285938043
0.7124610143269168
0.7122582169161618
0.7921160142632409
0.7122209739399857
0.7120220313029357
0.7116387434477793
0.7124128639105871
0.712099776379006
0.7114269625456691
0.7111185078194864
nan
0.711440907240009
0.7106789042083461
0.7101277769647386
nan
nan
nan
nan
nan
nan
nan
nan
nan
nan
nan
nan
nan
nan
nan
nan
nan
nan
nan
nan
nan
nan
nan
nan
nan
nan
nan
nan
nan
nan
nan
nan
nan
nan
nan
nan
nan
nan
nan
nan
nan
nan
nan
nan
nan
nan
nan
nan
nan
nan
nan
nan
nan
nan
nan
nan
nan
nan
nan
nan
nan
nan
nan
nan
nan
nan
nan
nan
nan
nan
nan
nan
nan
nan
nan
nan
nan
nan
nan
nan
0.7103612240235962
nan
nan
0.7849649812094941
0.7879434466698111
0.7868340119364026
0.7123388269271982
0.7883804097181515
0.7888469883382377
0.7888922494217246
0.7885672707407976
0.7905836828726169
0.7902815830164376
nan
0.7114775379184026
0.7916747970500546
0.712450944386117
nan
0.7871459902259004
nan
nan
nan
nan
nan
nan
nan
nan
nan
nan
nan
nan
nan
nan
nan
nan
nan
nan
nan
nan
nan
nan
nan
nan
nan
nan
nan
nan
nan
nan
nan
nan
nan
nan
nan
nan
nan
nan
nan
nan
nan
nan
nan
nan
nan
nan
nan
nan
nan
nan
nan
nan
nan
nan
nan
nan
nan
nan
nan
nan
nan
nan
nan
nan
nan
nan
nan
nan
nan
nan
nan
nan
nan
nan
nan
nan
nan
nan
nan
nan
nan
nan
nan
nan
nan
nan
nan
nan
nan
nan
nan
nan
nan
nan
nan
nan
nan
nan
nan
nan
nan
nan
nan
nan
nan
nan
nan
nan
nan
nan
nan
nan
nan
nan
nan
nan
nan
nan
nan
nan
nan
nan
nan
nan
nan
nan
nan
nan
nan
nan
nan
nan
nan
nan
nan
nan
nan
nan
nan
nan
nan
nan
nan
nan
nan
nan
nan
nan
nan
nan
nan
nan
nan
nan
nan
nan
nan
nan
nan
nan
nan
nan
nan
nan
nan
nan
nan
nan
nan
nan
nan
nan
nan
nan
nan
nan
nan
nan
nan
nan
nan
nan
nan
nan
nan
nan
nan
nan
nan
nan
nan
nan
nan
nan
nan
nan
nan
nan
nan
nan
nan
