0.08073135093945763
0.08093625381010147
0.08113639476632457
0.0813318076505417
0.08152252625492978
0.08170858395326569
0.08189001346414239
0.08206684693279329
0.08223911600857128
0.0824068518068789
0.08257008484582407
0.08272884502892552
0.08288316164850011
0.08303306337921298
0.08317857825841286
0.08331973366800953
0.0834565563205238
0.08358907225043917
0.0837173068031367
0.08384128462403267
0.083961029644048
0.08407656507580308
0.08418791339424284
0.08429509633246685
0.08439813487248457
0.08449704923356816
0.08459185886520654
0.084682582437906
0.08476923783465172
0.0848518421431094
0.08493041164800408
0.08500496182312177
0.08507550732508565
0.08514206198566811
0.08520463880553764
0.0852632499478315
0.08531790673243678
0.08536861962952522
0.08541539825468361
0.08545825136349364
0.08549718684633395
0.08553221172394701
0.08556333214325423
0.08559055337272757
0.08561387979897721
0.08563331492301465
0.08564886135713007
0.08566052082171599
0.08566829414252898
0.08567218124895634
0.08567218117077442
0.08566829203806037
0.08566051107683349
0.08564883461071016
0.08563325805852942
0.08561377593383965
0.08559038184455464
0.0855630684929563
0.08553182767592866
0.08549665028523816
0.08545752630854135
0.08541444483046773
0.08536739403371277
0.08531636120109322
0.08526133271711918
0.08520229407040225
0.08513922985626449
0.08507212377932946
0.08500095865672502
0.08492571642152445
0.0848463781264025
0.08476292394756271
0.0846753331888555
0.0845835842868721
0.08448765481483281
0.08438752148854618
0.0842831601715271
0.08417454588100085
0.08406165279377452
0.08394445425181896
0.08382292277121361
nan
nan
nan
nan
nan
nan
nan
nan
nan
nan
nan
nan
nan
nan
nan
nan
nan
nan
nan
0.08275261453421344
0.08293300832367118
0.08310960542405911
0.08328260916217786
0.08345098450644405
0.08361487100703252
0.08377472288257609
0.08393091154614267
0.08408249913988901
0.08422999957319258
0.08437341955950609
0.0845127713292611
0.08464807008337732
0.08477931182651935
0.08490656044759493
0.08502987655519742
0.08514921759481406
0.08526455780930509
0.08537594646260137
0.08548342953238863
0.08558702237035182
0.08568673517952255
0.08578258307045927
0.08587458230117723
0.08596274829338232
0.08604709578833791
0.08612763897535067
0.0862043914532626
0.08627736620062468
0.08634657555944888
0.08641203122112356
0.08647374421196442
0.08653172487999555
0.08658598288279178
0.08663652717614562
0.08668336600278746
0.08672650688295651
0.08676595660444478
0.08680172121345531
0.08683380600596666
0.08686221551969832
0.08688695352638723
0.08690802302497452
0.08692542623454624
0.086939164588547
0.0869492387286593
0.08695564849984483
0.0869583929452282
0.0869574703017705
0.08695287799627938
0.08694461264185163
0.0869326700346465
0.08691704515118803
0.08689773214602889
0.08687472434974727
0.08684801426759017
0.08681759357817709
0.0867834531328111
0.08674558295516957
0.08670397224139256
0.0866586093603077
0.08660948185439712
0.08655657644110964
0.08649987901385403
0.08643937464470339
0.08637504758623418
0.08630688127476732
0.08623485833311828
0.08615896057434776
0.0860791690067672
0.08599546383935985
0.08590782447657373
0.0858162295216891
0.08572065699364428
0.08562108458724293
0.08551748822908721
0.08540983982400424
0.08529811245102428
0.0851822874281941
0.08506234185830319
0.08493824050468352
0.08480995350998391
0.08467745534370177
0.0845407157099635
0.08439970412292355
0.08425438966457238
0.0841047460026533
0.0839506981795989
0.08379222947147724
0.08362944969068732
0.08346211814900692
0.08329029282252447
0.08311392219580341
0.082932907022807
0.08274748976860338
0.0825572426379675
0.08236234980186552
0.08216272770406116
0.08195833990926135
0.08174914593102865
0.08868029872175176
0.08879398718999748
0.08890155049472236
0.089001816374847
0.08910195759810585
0.08920105301357438
0.08929685281952279
0.08938965026451619
0.08947959650333176
0.08956665725681781
0.08965083381702851
0.08973212487208548
0.08981052937642746
0.08988604624245156
0.08995867446074458
0.09002841326994276
0.09009526145509
0.0901592181981582
0.09022030070635342
0.09027847115220275
0.09033375013201789
0.0903861428911592
0.09043564270773122
0.09048224962638343
0.09052596292162017
0.09056678172502804
0.0906047049762071
0.0906397313818835
0.0906718593810543
0.09070108714580458
0.09072741251512886
0.09075083292784977
0.09077134545930404
0.09078894685883565
0.09080363350015672
0.09081540130151086
0.09082424568482539
0.09083016157546617
0.09083314341158993
0.09083318514712148
0.09083028024637524
0.09082442167479637
0.0908156018872586
0.0908038128081029
0.09078904579750814
0.09077129161015637
0.09075054037969665
0.09072678165955292
0.09070000449061827
0.09067019739736533
0.09063734829788023
0.09060144446526464
0.09056247257841485
0.09052041873182233
0.09047526841417866
0.09042700651057649
0.09037561729928333
0.09032108445063014
0.0902633910257429
0.09020251947629107
0.09013845164473616
0.09007116876278791
0.09000065142549706
0.08992687965177443
0.08984983286149724
0.08976948994103112
0.08968582769160205
0.08959882344323256
0.08950846036915891
0.08941471037477763
0.08931754549628385
0.08921694529892008
0.08911288317965148
0.08900533311844702
0.0888942683517904
0.08877966143180913
0.08866148187993647
0.08853970572494207
0.08841435867531812
0.08828526538080467
0.08815252312895838
0.08801606144440122
0.08787585245011784
0.0877318712470651
0.08758400699556008
0.08743240884766953
0.08727687825760708
0.08711743843230788
0.08695405041749137
0.08678667941207918
0.08661528990597782
0.08643984581424478
0.08626031058396479
0.08607664719644575
0.0858888182340279
0.0856967859266805
0.08550051239034903
0.08529996018725648
0.085095093569915
0.08488588169574104
0.09935720244433244
0.0993247311058174
0.09929432392064175
0.09927024283799353
0.09925343443754109
0.09923159375063673
0.09921624489598382
0.09921462793037095
0.09921130699437414
0.09919377392918008
0.09916845707728852
0.09915110001946091
0.0991388573608625
0.09913546618243618
0.09913507844811253
0.09913019830354411
0.09911577584631218
0.0990989752982506
0.09908038905001984
0.09906308976012125
0.09904591122241357
0.09903647240054833
0.09903915884945233
0.09904192780662337
0.09902746529180803
0.0990037263683671
0.09897066188278753
0.09895441490778509
0.09897016240531382
0.09897485866525868
0.09898945557013751
0.09901662700098089
0.09902440556265467
0.09903138690716672
0.09905261587581782
0.09895393681379636
0.09862054524891034
0.09832999924011641
0.09811759264372422
0.09891491719314158
0.09749730781174606
0.09733207639619558
0.09721060030255543
0.09711027390986353
0.09702048908065616
0.09693659835504499
0.09685636839296813
0.09677830567049091
0.09670126908262129
0.09662443355162277
0.09654722628224459
0.0964692248090474
0.09639008869632945
0.09630954004045642
0.09622735769602345
0.09614336349472635
0.09605741048345622
0.09596938050445329
0.09587917907411475
0.09578672359716667
0.09569194003663906
0.0955947696024677
0.09549516598213244
0.09539308362271268
0.0952884788701601
0.09518131789530784
0.09507156990908852
0.09495920033657568
0.09484417918870133
0.09472648162074246
0.09460607833995084
0.0944829391070916
0.09435703699461137
0.09422834329160738
0.09409682966397039
0.09396246807258485
0.0938252277084772
0.09368507896848899
0.09354199137223809
0.09339593294143256
0.09324687252743832
0.09309478332392673
0.09293960792335917
0.09278134031514329
0.09261993459121401
0.09245535469403265
0.09228756722126455
0.09211653307430215
0.09194221863882399
0.09176457108460598
0.09158361941780921
0.09139922357474799
0.09121139054142123
0.0910200720435296
0.09082527990688966
0.0906268879492854
0.0904249776022824
0.09021921106909789
0.0900099012040256
0.08979684897956734
nan
nan
nan
0.11511378878216161
nan
0.11481849279490848
0.11447817949766255
0.11391687264912148
0.11366256124087798
0.11293687474822936
0.1120941533869026
0.1118265996993516
0.11157789633044238
0.11132525730876688
0.11121109748980625
0.1108319808625981
0.11059283869591821
0.1103528269489648
0.11011930806599493
0.10997498523855671
0.10967780817180002
0.10945737400902092
0.10920875754021306
0.10906221640608309
0.10883907247563386
0.1086385508190672
0.10844344520771071
0.10824711953588326
0.10806215665526411
0.10787805822213034
0.10769246078775882
0.10751671225748066
0.10734095522255804
0.10716756221159976
0.10699604454555657
0.10682859263432502
0.10666078487475511
0.10649544386847729
0.10633167164041125
0.10616982017841706
0.10600910550970724
0.10584960721314224
0.10569109592113016
0.10553347020032353
0.10537687918836228
0.10522138236999304
0.10506644886792388
0.10491138939692767
0.10475602680511388
0.10460084012660137
0.10444626291489623
0.10429216413084845
0.1041380612510322
0.10398360318986127
0.10382867718646363
0.10367323471433695
0.10351718047325628
0.10336038461797925
0.10320270726134767
0.10304399697106387
0.10288408499971435
0.10272278145289726
0.10255986644897845
0.10239508111694817
0.10222811144052099
0.10205858108705548
0.10188608878277015
0.10170932271175312
0.10153563790688702
0.10133179990801008
0.10111537558696206
0.1009174018621672
0.10067898305256076
0.10034872579643664
0.09983580285356894
0.09936517209680398
0.09890399763189335
0.09889668936398738
0.09900114502691403
0.09902959099898093
0.09904211564551199
0.09905746883849081
0.09906912870429803
0.09908610102302134
0.09909877494201738
0.0991027971308554
0.09910305992759039
0.09910266404619406
0.09910559165819183
0.09911317557655334
0.09912342727682077
0.09913377925508293
0.09914239196964682
0.09914904745656881
0.09915345598159116
0.09915553395662495
0.09915442502226329
0.09914734067425973
0.09913862296444051
0.09913496410383958
nan
nan
nan
nan
nan
nan
nan
nan
nan
nan
nan
nan
nan
nan
nan
nan
nan
nan
nan
nan
nan
nan
nan
nan
nan
nan
nan
nan
nan
nan
nan
nan
nan
nan
0.12366501155267547
0.12274178927652336
0.12225216633754155
0.12026136995414546
0.12029292419284372
0.12030577860742983
0.12026528436957398
0.12009311108024837
0.11848629430444303
0.11795290532382488
0.11748172089882755
0.11700281330861688
0.11646221871414675
0.11666605666576309
0.11603510872864761
0.11564727017107179
0.1152955435691003
0.11495971288215767
0.11463647670342728
0.11432381632019137
0.11401884860983182
0.11372336965634522
0.11343436530481556
0.11315171430327192
0.11287489311550385
0.1126060376833164
0.11233690045420902
0.112074566674435
0.11181627972537429
0.11156180925609822
0.11131137936517259
0.1110404986140097
0.1108119475549042
0.11056904248515562
0.11032759162895273
0.11008754098043286
0.10984928311983835
0.10961225138664492
0.10937625794555131
0.10914099335260236
0.10890808570078386
0.10867300932558936
0.1084392509709167
0.10820551247143845
0.10797158244636551
0.10773672437994486
0.10750236934098598
0.10726666610739494
0.10702986741177632
0.10679233673828889
0.10655227677018375
0.10631063334480334
0.10606672744200718
0.10582009492810879
0.10556975420020415
0.1053170770537031
0.10506015101307681
0.1047869673023896
0.10448706830787183
0.10420394942241988
0.10402040002381988
0.10379598498160514
0.10347133005670531
0.1030935437735791
0.10273515011004955
0.10232339662415339
nan
nan
nan
nan
nan
nan
nan
nan
nan
nan
nan
nan
nan
nan
nan
nan
nan
nan
nan
nan
nan
nan
nan
nan
nan
nan
nan
nan
nan
nan
nan
nan
nan
nan
nan
nan
nan
nan
nan
nan
nan
nan
nan
nan
nan
nan
nan
nan
nan
nan
nan
nan
nan
nan
nan
nan
nan
nan
nan
nan
nan
0.12832964236022953
0.12742413965831834
0.12605153754996357
0.1251777343045026
0.12428946854259283
0.12363067505295428
0.1230041584936055
0.12246842867197169
0.12194902519598422
0.12138778523825149
0.12100956112304653
0.12059356649470138
0.12016657941753392
0.12045612756870287
0.1193254741667869
0.11893766404362727
0.11857205423032315
0.1182001217232797
0.11786821697071917
0.11753717008665453
0.11721913157366515
0.11690753834004908
0.11638197395709515
0.11611886751097017
0.11583369731160253
0.11554023341594588
0.11523884708229683
0.1149402112546369
0.11464288424077901
0.11435042736426024
0.11406594827667835
0.11374805944118407
0.11346673329905968
0.11318141168199614
0.11252818902476572
0.11263801692247714
0.11226563737396592
0.11196536825830818
0.11167429613302407
nan
nan
nan
nan
nan
nan
nan
nan
nan
nan
nan
nan
nan
nan
nan
nan
nan
nan
nan
nan
nan
nan
nan
nan
nan
nan
nan
nan
nan
nan
nan
nan
nan
nan
nan
nan
nan
nan
nan
nan
nan
nan
nan
nan
nan
nan
nan
nan
nan
nan
nan
nan
nan
nan
nan
nan
nan
nan
nan
nan
nan
nan
nan
nan
nan
nan
nan
nan
nan
nan
nan
nan
nan
nan
nan
nan
nan
nan
nan
nan
nan
nan
nan
nan
nan
nan
nan
nan
nan
nan
nan
0.12769121793612578
nan
0.12656300667014206
0.12606657247204173
0.12557135331560348
0.12500343398556885
0.1247195376388675
0.12500816295294614
0.12414684877609988
nan
nan
nan
nan
nan
nan
nan
nan
nan
nan
nan
nan
nan
nan
nan
nan
nan
nan
nan
nan
nan
nan
nan
nan
nan
nan
nan
nan
nan
nan
nan
nan
nan
nan
nan
nan
nan
nan
nan
nan
nan
nan
nan
nan
nan
nan
nan
nan
nan
nan
nan
nan
nan
nan
nan
nan
nan
nan
nan
nan
nan
nan
nan
nan
nan
nan
nan
nan
nan
nan
nan
nan
nan
nan
nan
nan
nan
nan
nan
nan
nan
nan
nan
nan
nan
nan
nan
nan
nan
nan
nan
nan
nan
nan
nan
nan
nan
nan
nan
nan
nan
nan
nan
nan
nan
nan
nan
nan
nan
nan
nan
nan
nan
nan
nan
nan
nan
nan
nan
nan
nan
nan
nan
nan
nan
nan
nan
nan
nan
nan
nan
nan
nan
nan
nan
nan
nan
nan
nan
nan
nan
nan
nan
nan
nan
nan
nan
nan
nan
nan
nan
nan
nan
nan
nan
nan
nan
nan
nan
nan
nan
nan
nan
nan
nan
nan
nan
nan
nan
nan
nan
nan
nan
nan
nan
nan
nan
nan
nan
nan
nan
nan
nan
nan
nan
nan
nan
nan
nan
nan
nan
nan
nan
nan
nan
nan
nan
nan
nan
nan
