0.707790721899598
0.7078786281987189
0.7079647690507958
0.7080491438969687
0.708131751627408
0.7082125907085196
0.7082916596808375
0.7083689571850522
0.7084444819060898
0.7085182325136077
0.708590207569008
0.7086604059723174
0.7087288264480401
0.7087954677014543
0.708860328525404
0.7089234077096674
0.7089847040585036
0.7090442163876716
0.7091019435236676
0.7091578843031014
0.7092120375714246
0.709264402179834
0.709314976987612
0.7093637608601059
0.7094107526667704
0.7094559512812921
0.7094993555794427
0.7095409644409684
0.7095807767449283
0.7096187913724464
0.7096550072043023
0.7096894231205864
0.7097220379995949
0.7097528507185948
0.7097818601515276
0.7098090651693612
0.7098344646396272
0.70985805742594
0.709879842386353
0.7098998183757773
0.709917984242181
0.709934338828716
0.709948880972209
0.7099616095034355
0.7099725232471799
0.7099816210206824
0.7099889016349062
0.7099943638934995
0.70999800659478
0.7099998285333836
0.709999828480633
0.7099980052178447
0.7099943575196214
0.7099888841446114
0.7099815838482485
0.709972455380752
0.7099614974849519
0.7099487088988807
0.7099340883536573
0.7099176345762112
0.7098993462883608
0.7098792222071736
0.709857261046165
0.7098334615154012
0.7098078223223209
0.7097803421710188
0.709751019765529
0.7097198538079913
0.7096868430005614
0.7096519860457067
0.7096152816484256
0.7095767285141478
0.7095363253528686
0.7094940708780437
0.709449963808616
0.7094040028688905
0.7093561867911569
0.7093065143150006
0.7092549841906078
0.7092015951777607
0.7091463460483425
0.7090892355872522
0.7090302625938338
0.7089694258831241
0.7089067242873347
0.7088421566576546
0.7087757218647688
0.7087074188001872
0.7086372463947783
0.7085652035468113
0.7084912892175242
0.7084155024943954
0.7083378423300786
0.7082583077904714
0.7081768979672882
0.7080936119844363
0.708008449033785
0.7079214083374034
0.7078324889758579
0.7077416899922657
0.7078402564046413
0.7079305871164203
0.7080190895051763
0.708105758282398
0.7081905879685934
0.7082735826888246
0.7083547430850731
0.7084340676803321
0.7085115554876457
0.7085872084109153
0.708661025053313
0.7087330031215489
0.7088031434520183
0.7088714452929903
0.7089379079211691
0.709002530636467
0.7090653127234221
0.7091262536675369
0.7091853523810593
0.7092426068682074
0.7092980170996558
0.709351585678002
0.709403313140927
0.70945319580481
0.7095012296922361
0.7095474138753889
0.7095917493343583
0.7096342365412581
0.7096748748388171
0.7097136631177163
0.709750600371958
0.7097856857659349
0.709818918519995
0.7098502978440007
0.7098798229276935
0.7099074929534709
0.709933307097873
0.7099572645334149
0.70997936442637
0.7099996059379758
0.7100179882238826
0.7100345104333964
0.7100491717117058
0.7100619711980803
0.7100729080270597
0.710081981328613
0.7100891902270455
0.7100945338425718
0.71009801128897
nan
nan
0.71009723770291
0.7100932415490228
0.710087374742985
0.7100796363792694
0.7100700255498447
0.7100585413441448
0.710045182850056
0.7100299491548372
0.7100128393462628
0.7099938525114707
0.7099729877391323
0.7099502441196456
0.7099256207456379
0.7098991167128073
0.7098707311208319
0.709840463074899
0.7098083116877913
0.7097742760758293
0.7097383553506362
0.7097005486224608
0.7096608550653856
0.7096192740373054
0.7095758050472978
0.7095304472390004
0.7094831987123746
0.7094340570384076
0.7093830214984288
0.7093300941778737
0.7092752769448524
0.7092185680202413
0.7091599640195642
0.7090994638721192
0.7090370680057196
0.7089727761184642
0.7089065876264706
0.708838502181495
0.7087685194755422
0.708696639391817
0.7086228618738698
0.7085471852372744
0.7084696118765371
0.7083901419771714
0.7083087745206659
0.7082255114774224
0.7081403549397634
0.7080533035273682
0.7079643602478836
0.7078735430809364
0.707780830101419
0.7080142983015487
0.7081108351417151
0.7082053340102313
0.7082977998058974
0.7083882394844774
0.708476657567507
0.7085630604984833
0.7086474441232681
0.7087298171946474
0.7088101900966038
0.7088885564944194
0.7089649218863837
0.7090392887257246
0.7091116593924569
0.709182036181459
0.7092504212001917
0.7093168164572674
0.7093812237039377
0.7094436448415763
0.709504082796971
0.7095625325292783
0.7096189874845001
0.7096734649237257
0.70972599137453
0.709776563242741
0.7098251534040212
0.7098717482632138
0.7099163568619359
0.7099589926861493
0.7099996612244226
0.7100383619580897
0.7100750937395273
0.710109856682663
0.7101426516161599
0.7101734794064183
0.7102023407760576
0.7102292363541878
0.7102541667215774
0.7102771324267102
0.7102981339831324
0.7103171718692319
0.7103342465302023
0.7103493583771875
0.7103625077893686
0.7103736951143983
0.7103829206698415
0.7103901847457892
nan
nan
nan
nan
nan
nan
0.7103861309513397
0.7103777107522325
0.7103673306744355
0.7103549908105042
0.7103406912431071
0.7103244320440953
0.7103062132754606
0.7102860349915704
0.710263897239128
0.710239800060013
0.7102137434908202
0.7101857275661523
0.7101557523218508
0.7101238178061757
0.7100899240797791
0.7100540711767496
0.7100162590173661
0.7099764874523942
0.7099347568552655
0.7098910690835856
0.7098454267882593
0.7097978287304607
0.7097482652325373
0.7096967252327788
0.7096432140898419
0.709587754793284
0.7095303596618987
0.7094710146526966
0.7094097047504697
0.709346432711012
0.7092812041465102
0.7092140192450835
0.7091448784237837
0.7090737824788212
0.7090007322055127
0.7089257285584065
0.7088487724907976
0.7087698655024868
0.708689007972283
0.7086062017231425
0.7085214525684067
0.708434758035874
0.7083461228444214
0.7082555496179632
0.7081630436774747
0.7080686109938984
0.7079722543078187
0.708312479437284
0.7084199380857068
0.708524954779318
0.7086275433833822
0.7087278704305657
0.7088254634954364
0.7089208858378246
0.7090139814309686
0.709104717965092
0.7091931227229669
0.7092792000693553
0.7093629791555998
0.7094444614721538
0.7095236587719551
0.7096005807722089
0.7096752367458883
0.7097476355215729
0.7098177852943947
0.7098856942249762
0.7099513692179278
0.7100148214933375
0.71007605370182
0.7101350339257346
0.7101917775715505
0.7102463860285313
0.7102988990806235
0.7103492360889458
0.7103973280486182
0.7104431937479116
0.7104868823929387
0.7105284171131713
0.710567798147115
0.7106050234605905
0.7106400956298426
0.7106730192701298
0.7107037986937985
0.7107324376740116
0.7107589397922516
0.7107833085540198
0.7108055473583487
0.7108256594710334
0.7108436480289866
0.7108595160528652
0.7108732664540367
0.7108849020380568
0.7108944255088501
nan
nan
nan
nan
nan
nan
nan
nan
nan
nan
nan
0.7108448377025851
0.7108271151817126
0.7108073110653655
0.7107854271800738
0.7107614653274403
0.7107354272864781
0.7107073148178513
0.710677129666404
0.710644873561657
0.7106105482216769
0.7105741553830387
0.7105356968398533
0.7104951743422727
0.710452589180423
0.7104079421046257
0.71036123566611
0.7103124786992749
0.7102616830902507
0.7102088425560116
0.7101539178028409
0.7100968782561733
0.7100377674954954
0.7099766659149239
0.7099135771844705
0.7098484411953463
0.7097812412703319
0.7097119985365581
0.7096407188371153
0.7095674026851279
0.7094920529361844
0.7094146719690686
0.709335262484136
0.7092538271103512
0.7091703686870652
0.7090848901974572
0.7089973948073137
0.7089078863864906
0.7088163617986292
0.7087228197927145
0.7086273421607747
0.7085298148997339
0.708430306275227
0.7083288144970682
0.7086550891790993
0.708784893023695
0.7089139969143661
0.7090303296907293
0.7091506794994904
0.7092661266781921
0.7093782732818747
0.7094871777712215
0.7095929492882559
0.7096956282805031
0.7097952958234047
0.7098921144734643
0.7099858694884771
0.7100758150985254
0.7101624307762462
0.7102484957961684
0.710335733391466
0.7104216215460428
0.7105015919940822
0.7105737519147709
0.7106410663358413
0.7107074283540195
0.7107734202431689
0.7108375564435296
0.7108989859119056
0.7109577676459038
0.7110140452319699
0.7110677570792988
0.7111189012901236
0.7111675524544514
0.7112137500865495
0.7112574948266908
0.7112987874134565
0.7113376380078331
0.7113740592000785
0.7114080622079986
0.7114396571887842
0.7114688540594314
0.7114956626042208
0.7115200922412785
0.7115421519180802
0.7115618501788047
nan
nan
nan
nan
nan
nan
nan
nan
nan
nan
nan
nan
nan
nan
nan
nan
nan
nan
nan
nan
nan
0.7114116925271647
0.7113788674500574
0.71134382103449
0.7113065577903589
0.7112670822063898
0.7112253987366948
0.7111815117882005
0.711135425768288
0.7110871453101639
0.7110366752359528
0.7109840188603966
0.7109291770006625
0.7108721587741615
0.7108129979721067
0.7107517179003358
0.710688244144045
0.7106224582287308
0.7105544279859336
0.710484366445957
0.7104122868047555
0.7103380457493768
0.7102616275101439
0.7101830757654664
0.7101023953985696
0.7100195903341955
0.7099346664328612
0.7098476314946436
0.7097584727523671
0.7096672204772114
0.7095738863129192
0.7094784504046409
0.7093809316093328
0.7092813354011541
0.7091796656994928
0.7090759291367752
0.7089701567626431
0.7088620039398235
0.7092570398166036
0.7089989498549714
0.7087570974396221
0.7086131719894828
0.709343413363567
0.7094549793507904
0.7096610407067646
0.7098217249454386
0.7099693857448054
0.7101099383741215
0.7102437130252387
0.7103719413719318
0.7104942188305459
0.7106121553989697
0.710725370451953
0.7108342688525032
0.710938832924212
0.7110393761466864
0.7111360160668564
0.7112288501432049
0.711317992659556
0.7114034890057346
0.7114853016812817
0.7115649474693584
0.7116417419514617
0.711712323693019
0.7117786489754694
0.7118434965182019
0.7119059556620095
0.7119650198068678
0.7120208575440722
0.7120736588798848
0.7121234505123196
0.7121702600990065
0.7122141226264255
0.7122550727198345
0.7122931448197545
0.7123283542906014
0.7123607291331995
nan
nan
nan
nan
nan
nan
nan
nan
nan
nan
nan
nan
nan
nan
nan
nan
nan
nan
nan
nan
nan
nan
nan
nan
nan
nan
nan
nan
nan
0.7120996916730349
0.7120522509113132
0.7120026479260366
0.7119509071637026
0.7118970518119488
0.7118410985837196
0.7117830507410066
0.7117228891595665
0.711660564122323
0.7115959963461912
0.7115290828100445
0.7114596701008589
0.711387566342858
0.7113128081461146
0.7112357731062715
0.7111564294379762
0.7110737994942504
0.7109871582534297
0.7108976751398937
0.7108073658387659
0.710716374833493
0.7106233318551997
0.7105277371986038
0.7104298846389151
0.7103298315996157
0.7102275339585249
0.7101230176217515
0.7100163190578803
0.7099074737148943
0.7097964998369507
0.7096834087148938
0.7095682119883452
nan
0.707195253850329
0.7079855828707926
0.7084310662853248
0.7084425333355319
0.7088304287612301
0.7091822646651744
0.7094679960558328
0.7103685737456669
0.7102419760102519
0.7100433748335646
0.7098458664908605
0.7095976151682252
0.7105269132911742
0.7107524242024583
0.7109476170352826
0.7111165580626725
0.7112781851432088
0.7114316913916339
0.7115757243789997
0.7117111176453726
0.7118396317483066
0.7119616225920403
0.7120765638284425
0.71219012150327
0.7123173554689478
0.7124008287743397
0.7124722989167948
0.7125631366750314
0.7126501318883548
0.7127292992060585
0.7128042780810186
0.7128745068542252
0.7129407107567017
0.713002920508977
0.713059907487595
0.7131094663253039
0.7131530613229393
0.8181175425781473
0.8181556032005958
0.8181800087664717
0.8182073420026408
0.8182524689447603
0.81832186533557
0.8184010059165271
0.8184710976209435
0.8185304858977343
nan
nan
nan
nan
nan
nan
nan
nan
nan
nan
nan
nan
nan
nan
nan
0.8192547272704045
0.8192873108666644
0.8193183473344392
0.8193478363829675
0.819375779610843
0.8194021804133573
0.8194270442202876
0.8194503785319169
0.8194721911684325
0.8194924890835015
0.8195112831341209
nan
0.7127786069819415
0.7127135095928919
0.7126457971209592
0.7125754828366512
0.7125025813913277
0.7124271066735678
0.7123490710550926
0.7122684848911665
0.7121853353658955
0.7120997715240098
0.7120116379280327
0.7119194759505973
0.7118252482918134
0.7117330996078168
0.7116379198936681
0.7115365172620967
0.7114332478346508
0.7113282129164431
0.711220788455249
0.7111110806942954
0.7109990945018586
0.7108848777993535
0.7107684243345331
0.7106498285327628
0.7105292336533677
0.7104064999096691
nan
nan
nan
nan
nan
nan
nan
nan
nan
nan
nan
nan
nan
nan
nan
nan
nan
nan
nan
nan
nan
nan
nan
nan
nan
nan
nan
0.712403293757058
0.712563488596394
0.7127922641528508
0.712887361989504
0.7129615450754206
0.7131044734912804
0.8155165634629711
0.815551840759925
0.8155894741217561
0.8156291879857063
0.8156707332525468
0.8157138011534382
0.8157581841050626
nan
nan
nan
nan
nan
nan
0.8160906887282335
0.8161403562491094
0.8161903573744769
0.8162393134041838
0.816286087683082
0.8163312790184114
0.8163768074888552
0.8164239579974463
0.8164720767908624
0.8165195261363224
0.8165655078753167
0.8166103090588581
0.8166543537690041
nan
nan
nan
nan
nan
nan
nan
nan
nan
nan
nan
0.8171106938130152
0.8171418375593252
0.8171718599226419
0.8172007440272243
0.8172284855403518
0.8172550878639819
0.8172805562571627
0.8173048977384898
0.8173281161505994
0.8173502184454328
0.8173712245576817
0.8173911564178845
0.7131487454960003
0.7130592674253422
0.7129669331174171
0.7128716158746167
0.7127731784508855
0.7126717679449818
0.7125686185734148
0.7124534266386762
0.7123340762300401
0.7122439702444822
0.7121436542439489
0.7120178214987749
0.7118968989170937
0.7117735130991588
0.7116467063905161
0.7115201188232771
0.7113903971243023
0.7112581738269035
nan
nan
nan
nan
nan
nan
nan
nan
nan
nan
nan
nan
nan
nan
nan
nan
nan
nan
nan
nan
nan
nan
nan
nan
nan
nan
nan
nan
nan
nan
nan
nan
nan
nan
nan
nan
nan
nan
nan
nan
nan
nan
nan
nan
nan
nan
nan
nan
0.8144541397502925
0.8144716465407054
0.8144912984936609
0.8145126995077643
0.814535660708684
0.8145600358923252
0.814585669860528
0.8146124187496318
0.8146401647307897
0.8146688080166249
0.814698248069623
0.8147283783729855
0.8147590985356846
0.8147903222926303
0.8148219720747708
nan
nan
nan
nan
nan
nan
nan
0.8150817628207697
0.8151133422535946
0.8151459548039538
0.8151805466636557
0.815215558925672
0.8152485663925267
0.8152796318888148
0.8153106656720492
0.8153423949633701
0.8153738700231362
0.8154048022664233
0.8154356092486348
0.8154661524458324
0.8154964250940413
0.8155264679845837
0.8155562642610722
0.8155858346782505
0.8156152007538426
0.8156443758516789
0.7131572588876076
0.7130458715843841
0.7129111715742988
0.7127471655451849
0.7126813507301728
0.7126118977776568
0.712460055160347
0.7123221144593872
0.7121866678542823
0.7120459248126925
0.711900397134895
nan
nan
nan
nan
nan
nan
nan
nan
nan
nan
nan
nan
nan
nan
nan
nan
nan
nan
nan
nan
nan
nan
nan
nan
nan
nan
nan
nan
nan
nan
nan
nan
nan
nan
nan
nan
nan
nan
nan
nan
nan
nan
nan
nan
nan
nan
nan
nan
nan
nan
nan
nan
nan
nan
nan
nan
nan
nan
nan
nan
nan
nan
nan
nan
nan
nan
nan
nan
nan
nan
nan
nan
nan
nan
nan
nan
nan
nan
nan
nan
nan
nan
nan
nan
nan
nan
nan
nan
nan
nan
nan
nan
nan
nan
nan
nan
nan
nan
nan
nan
