0.7106074744817866
0.7105690836526181
0.710531455708159
0.710494592375909
0.7104584952736219
0.7104231659170979
0.710388605726886
0.7103548160348765
0.7103217980909444
0.7102895530684767
0.710258082070229
0.7102273861331583
0.7101974662335325
0.710168323291112
0.710139958173769
0.7101123717012359
0.7100855646489018
0.7100595377512282
0.710034291705271
0.7100098271735393
0.709986144787103
0.7099632451480657
0.7099411288323867
0.7099197963921167
0.7098992483577415
0.7098794852403285
0.7098605075333988
0.7098423157149536
0.7098249102491405
0.7098082915879433
0.709792460172687
0.7097774164356502
0.7097631608011282
0.7097496936869887
0.7097370155057656
0.7097251266657629
0.7097140275720559
0.7097037186275883
0.7096942002339194
0.7096854727920991
0.7096775367035908
0.7096703923707289
0.7096640401976211
0.7096584805903896
0.7096537139582626
0.709649740713277
0.7096465612718833
0.7096441760537839
0.7096425854835459
0.7096417899904436
0.7096417900093774
0.709642585977745
0.7096441783415569
0.709646567549717
0.7096497540575839
0.7096537383255787
0.7096585208191473
0.7096641020093236
0.7096704823718716
0.7096776623871738
0.7096856425402124
0.7096944233202184
0.7097040052199746
0.7097143887355704
0.7097255743659623
0.7097375626122673
0.7097503539770676
0.7097639489638998
0.7097783480762472
0.7097935518168094
0.7098095606864949
0.7098263751834107
0.7098439958017294
0.7098624230304422
0.7098816573521401
0.7099016992414311
0.7099225491635517
0.7099442075725956
0.7099666749098076
0.709989951601629
0.7100140380575395
0.7100389346681283
0.7100646418023373
0.7100911598050277
0.7101184889944778
0.7101466296591197
0.7101755820543969
0.7102053463996423
0.7102359228740683
0.7102673116131324
0.710299512704312
0.7103325261823996
0.7103663520248188
0.7104009901465691
0.710436440394353
0.710472702540842
0.7105097762780446
0.7105476612106187
0.7105863568482741
0.7106258625977747
0.7095590281018624
0.7095326480501376
0.7095067702260436
0.7094809135036868
0.7094559406138851
0.7094316419636
0.7094079012498402
0.7093844913692781
0.7093618967273413
0.70933988466721
0.709318463271776
0.7092976445863759
0.7092774317934555
0.7092578332934163
0.7092388457673415
0.7092204572847236
0.7092026817860257
0.7091855422882889
0.7091690370628834
0.7091531557215958
0.709137899233258
0.709123273665102
0.7091092826409391
0.7090959282451907
0.7090832126881211
0.7090711383050858
0.70905970735399
0.7090489220252546
0.7090387844666415
0.7090292967842978
0.7090204610441447
0.7090122792761635
0.7090047534769126
0.7089978856115178
0.7089916776156231
0.708986131397556
0.7089812488397403
0.7089770318004345
0.7089734821147542
0.7089706015962398
0.7089683920375606
0.7089668552116526
0.7089659928724658
0.7089658067558252
0.7089662985798981
0.7089674700459072
0.7089693228382828
0.7089718586255807
0.708975079059989
0.7089789857784237
0.8261107747160433
0.7089888645323339
0.7089948397654254
0.7090015076714394
0.7090088698088153
0.7090169277194345
0.7090256829285018
0.7090351369446577
0.7090452912592751
0.7090561473459434
0.7090677066599803
0.709079970637784
0.709092940696098
0.709106618231365
0.7091210046186182
0.709136101211182
0.7091519093390101
0.7091684303081296
0.7091856653994089
0.7092036158643581
0.7092222829265608
0.7092416678084361
0.7092617716967387
0.7092825955079125
0.7093041400167682
0.7093264069859887
0.7093493989082376
0.7093731159390637
0.7093975566121287
0.7094227223660148
0.7094486156722514
0.7094752370877719
0.7095025870959439
0.7095306664324715
0.7095594756890857
0.7095890160500539
0.7096192814725631
0.7096503045236373
0.7096820545664806
0.7097144943847096
0.7097476966132632
0.7097816302989365
0.7098162956732758
0.7098517381491826
0.7098877984283678
0.7099246790956117
0.7099622763951053
0.7100006055275434
0.7100396657323356
0.7100794565084523
0.7066565473609846
0.7066606913803164
0.7066658788648985
0.706672873140135
0.7066789946611268
0.7066844164042587
0.7066900987532151
0.7066959384883412
0.7067018683917671
0.7067079155568616
0.7067140878837374
0.706720394591629
0.7067268445550263
0.7067334465601114
0.7067402092491408
0.7067471410273507
0.7067542503711385
0.7067615455913785
0.7067690259005766
0.7067767170375989
0.7067846176191857
0.706792730770686
0.7068010676692497
0.7068096350934968
0.7068184401611416
0.7068274898671629
0.706836791101986
0.7068463506641562
0.7068561752671001
0.7068662715432737
0.7068766460657381
0.7068873053529134
0.7068982558443613
0.7069095038910633
0.7069210557775607
0.7069329177471619
0.7069450960091965
0.706957596731399
0.706970426030379
0.7069835899657725
0.7069970945374013
0.70701094568404
0.7070251492834153
0.707039711155794
0.7070546370753574
0.7070699327855647
0.7070856040036144
0.7071016563974591
0.7071180955478962
0.8186596052062246
0.8187253034040991
0.8187971110717238
0.8188750548433579
0.81895916253499
0.7072251561555021
0.7072444533276626
0.7072641795772239
0.7072843398998223
0.7073049392254545
0.7073259824170567
0.7073474742596504
0.7073694194588291
0.7073918226474646
0.7074146883725319
0.7074380210609956
0.7074618250348146
0.7074861056750952
0.7075108662716514
0.7075361090268987
0.7075618407566775
0.7075880651263599
0.7076147855329294
0.707642005863685
0.7076697298878764
0.7076979613069566
0.707726703759852
0.7077559621909364
0.7077857369406331
0.7078160080765074
0.7078468435260545
0.7078781899471032
0.7079100673086733
0.7079424774437292
0.7079754181661196
0.7080089380350663
0.7080429386689494
0.7080775105778432
0.7081126278623997
0.7081482944033118
0.7081845123626486
0.7082212838954285
0.708258611100356
0.7082964959765268
0.7083349404572298
0.708373946353767
0.7084135153163815
0.7084536487900601
0.7084943479976624
0.7085356135252912
0.7085774440159752
0.701930166363243
0.7020345416385914
0.7021233902093335
0.7021907415222539
0.7022409606349295
0.7022949893197655
0.7023479200352324
0.7023566812745706
0.7023696645466485
0.7024282810557583
0.7024867230123368
0.7025399106889961
0.7025828062353425
0.7026033016695001
0.7026085608885277
0.7026189628025816
0.7026561470068369
0.7027077539533486
0.7027647495283805
0.7028118568501579
0.7028507696510173
0.7028869357536776
0.7029042437564411
0.7029194458062595
0.7029485337678519
0.7030011961809717
0.7030733422585247
0.7031110528877891
0.7031154713679104
0.7031475258242675
0.7031925270382791
0.7032069984649428
0.703202469168773
0.7032114852424602
0.703251122992433
0.7033317268244867
0.7035470408078353
0.7036851127778135
0.7038179000107926
0.7036013167878922
0.7042435902643998
0.7042837234121838
0.7043173695275
0.704350073006863
0.7043816321381029
0.7044118436454143
0.704441347485474
0.8064433854763997
0.8065974661523655
0.8067511389439987
0.8069055502564325
0.8070615506466319
0.8072198225285968
0.8073809202875959
0.8075452856265073
0.8077132746081438
0.8078851800677436
0.8080612386699308
0.8082416416062514
0.7048320795175104
0.7048640333610224
0.7048963214680833
0.7049289668643961
0.7049619594282353
0.7049952842496563
0.705028946853477
0.7050629502735626
0.7050972846647776
0.7051319461624006
0.7051669363555422
0.7052022512673948
0.7052378882539108
0.705273847623
0.7053101269012534
0.7053467251679336
0.7053836430679238
0.7054208796206792
0.7054584355939746
0.7054963118826862
0.7055345090318775
0.705573028826668
0.7056118699165255
0.7056510442508431
0.7056905425522062
0.7057303715565035
0.7057705343437548
0.7058110321790203
0.7058518693267166
0.7058930465474765
0.7059345743437322
0.7059764260283262
0.7060186511972326
0.706061230042155
0.7061041696405874
0.7061474510172278
0.7061911147976929
0.7062351091915733
0.7062795782094149
0.7063243524533706
0.7063695127543456
nan
nan
nan
0.6985353872313229
nan
0.6986007534836614
0.6986680503135758
0.6987658612811656
0.6988273049571717
0.6989681815372065
0.699106422878276
0.6991667677327638
0.6992289865457396
0.6992951028417647
0.6993393761405131
0.6994303028462734
0.6994983405993954
0.6995675800581526
0.6996362947911624
0.6996894003100392
0.6997711673842115
0.6998392236348498
0.6999161869682726
0.699965975295489
0.7000366847298152
0.7001021464091676
0.7001666187421568
0.7002316070199677
0.7002942356972727
0.7003567942136049
0.7004197140760078
0.7004805552316021
0.7005413761774753
0.7006016564354789
0.7006615251978858
0.700720257174924
0.7007790934928302
0.7008372457677757
0.7008949235450059
0.700952005112327
0.7010086359716723
0.7010648247913255
0.7011208420189898
0.7011766112242288
0.7012314353974061
0.7012850347628691
0.7898671008872616
0.790177224530648
0.7904879500660619
0.7907983198045693
0.7911074720035991
0.7914156706604505
0.7917238777969708
0.7920327940619549
0.7923426457455757
0.7926535305897695
0.7929656391146175
0.7932792308100851
0.793594585497187
0.7939120061130711
0.7942318299756745
0.7945544370902728
0.7948802671185371
0.7952098375860716
0.7955437771774435
0.7958828361046301
0.7962278191577139
0.702472814584093
0.7025306186305392
0.7026094719175711
0.7026858591318385
0.7027683788713494
0.702873094122761
0.7030392861750142
0.7033802453641755
0.7031958812808681
0.7031968079652681
0.7030972537090916
0.7029656036838897
0.7029106451241698
0.702870031575322
0.7028148563191795
0.7027807401839588
0.7027420760578609
0.7027093472554178
0.7026926840491127
0.7026885768738242
0.7026889395024677
0.7026822468199845
0.7026594077357851
0.7026258306506191
0.7025955121170671
0.7025726533575223
0.7025565979108939
0.702546224062775
0.7025407498232021
0.7025414110486264
0.7025540521169407
0.7025806513904765
0.7025941484426064
nan
nan
nan
nan
nan
nan
nan
nan
nan
nan
nan
nan
nan
nan
nan
nan
nan
nan
nan
nan
nan
nan
nan
nan
nan
nan
nan
nan
nan
nan
nan
nan
nan
nan
0.6998773496962095
0.6997194803648709
0.6997032211536299
0.6993549899425159
0.6992775109389638
0.6992417737700225
0.6993322390831839
0.6995301013666677
0.6993652320915618
0.6993348106918157
0.699326286921843
0.6993284781950104
0.6993247846115948
0.7666663564514022
0.7679297771284759
0.7687054612039398
0.769408913259024
0.7700805746635985
0.7707270467897025
0.7713523681846828
0.7719623018273323
0.7725532608415849
0.7731312693156599
0.7736965715724953
0.7742502148831264
0.7747879286041337
0.7753261995725074
0.7758508667879608
0.7763674406841022
0.7768763816070376
0.7773772390997755
0.7779189817104311
0.7783761047934411
0.7788619151682461
0.7793448168597183
0.7798249198920071
0.7803014329510443
0.7807754973490119
0.781247484223156
0.7817180139916409
0.782183829551594
0.7003573256484811
0.7004016681671323
0.7004464202428173
0.7004916099625685
0.7005373599978097
0.7005833996507908
0.700630069430392
0.7006773222908357
0.7007250979280932
0.7007737924679497
0.7008232507297749
0.7008735899505965
0.7009250383298783
0.7009779592839861
0.7010312516373574
0.7010859722134772
0.7011481199107619
0.701217349157812
0.7012772112631835
0.7013192335834116
0.7013843813828406
0.7014688203904462
0.7015618651903046
0.7016668368926576
0.701796876279285
nan
nan
nan
nan
nan
nan
nan
nan
nan
nan
nan
nan
nan
nan
nan
nan
nan
nan
nan
nan
nan
nan
nan
nan
nan
nan
nan
nan
nan
nan
nan
nan
nan
nan
nan
nan
nan
nan
nan
nan
nan
nan
nan
nan
nan
nan
nan
nan
nan
nan
nan
nan
nan
nan
nan
nan
nan
nan
nan
nan
nan
0.7433406803829268
0.745151246767697
0.7478969261557274
0.7496357784885316
0.7514210628003485
0.7527386510938103
0.7539916586875864
0.7550631441511153
0.7561019500237104
0.7572243401298746
0.7579808901488122
0.7588129154708219
0.7596681484277297
0.7590680284358886
0.7613490539192722
0.7621246723527869
0.7628558917736343
0.7635997168544302
0.7642635663829196
0.7649256597236718
0.7655617430848073
0.766184456343168
0.7672375316684428
0.7677620039308322
0.6993361358493888
0.6993315684436695
0.6993299397404881
0.6993311399219071
0.6993348294830666
0.6993405021381232
0.6993479411758554
0.6993597629633175
0.6993717508743322
0.6993862383416721
0.6994562306378956
0.6994107686437357
0.6994487789378028
0.6994694677333644
0.6994917217820183
nan
nan
nan
nan
nan
nan
nan
nan
nan
nan
nan
nan
nan
nan
nan
nan
nan
nan
nan
nan
nan
nan
nan
nan
nan
nan
nan
nan
nan
nan
nan
nan
nan
nan
nan
nan
nan
nan
nan
nan
nan
nan
nan
nan
nan
nan
nan
nan
nan
nan
nan
nan
nan
nan
nan
nan
nan
nan
nan
nan
nan
nan
nan
nan
nan
nan
nan
nan
nan
nan
nan
nan
nan
nan
nan
nan
nan
nan
nan
nan
nan
nan
nan
nan
nan
nan
nan
nan
nan
nan
nan
0.7021161850441563
nan
0.7468740348417313
0.747866901024734
0.7010473734677154
0.7499931337012817
0.7005602070326795
0.7005429542322508
0.7002271871000044
nan
nan
nan
nan
nan
nan
nan
nan
nan
nan
nan
nan
nan
nan
nan
nan
nan
nan
nan
nan
nan
nan
nan
nan
nan
nan
nan
nan
nan
nan
nan
nan
nan
nan
nan
nan
nan
nan
nan
nan
nan
nan
nan
nan
nan
nan
nan
nan
nan
nan
nan
nan
nan
nan
nan
nan
nan
nan
nan
nan
nan
nan
nan
nan
nan
nan
nan
nan
nan
nan
nan
nan
nan
nan
nan
nan
nan
nan
nan
nan
nan
nan
nan
nan
nan
nan
nan
nan
nan
nan
nan
nan
nan
nan
nan
nan
nan
nan
nan
nan
nan
nan
nan
nan
nan
nan
nan
nan
nan
nan
nan
nan
nan
nan
nan
nan
nan
nan
nan
nan
nan
nan
nan
nan
nan
nan
nan
nan
nan
nan
nan
nan
nan
nan
nan
nan
nan
nan
nan
nan
nan
nan
nan
nan
nan
nan
nan
nan
nan
nan
nan
nan
nan
nan
nan
nan
nan
nan
nan
nan
nan
nan
nan
nan
nan
nan
nan
nan
nan
nan
nan
nan
nan
nan
nan
nan
nan
nan
nan
nan
nan
nan
nan
nan
nan
nan
nan
nan
nan
nan
nan
nan
nan
nan
nan
nan
nan
nan
nan
nan
