6.246028924295719e-10
5.996213258718336e-10
5.751495872030288e-10
5.511876764231574e-10
5.277355935322196e-10
5.047933385302152e-10
4.823609114171442e-10
4.604383121930066e-10
4.390255408578024e-10
4.181225974115316e-10
3.977294818541942e-10
3.778461941857904e-10
3.5847273440632e-10
3.39609102515783e-10
3.212552985141794e-10
3.034113224015092e-10
2.8607717417777243e-10
2.692528538429692e-10
2.5293836139709936e-10
2.3713369684016295e-10
2.2183886017215993e-10
2.0705385139309045e-10
1.9277867050295432e-10
1.7901331750175156e-10
1.657577923894824e-10
1.5301209516614657e-10
1.4077622583174416e-10
1.290501843862752e-10
1.1783397082973965e-10
1.0712758516213758e-10
9.693102738346891e-11
8.72442974937337e-11
7.80673954929319e-11
6.940032138106355e-11
6.12430751581286e-11
5.359565682412712e-11
4.645806637905906e-11
3.983030382292443e-11
3.371236915572324e-11
2.8104262377455467e-11
2.300598348812114e-11
1.8417532487720265e-11
1.4338909376252803e-11
1.077011415371877e-11
7.711146820118176e-12
5.16200737545101e-12
3.1226958197172684e-12
1.5932121529169721e-12
5.735563750501161e-13
6.372848611668043e-14
6.372848611667785e-14
5.735563750501083e-13
1.5932121529169721e-12
3.1226958197172684e-12
5.162007375450999e-12
7.711146820118163e-12
1.0770114153718757e-11
1.4338909376252788e-11
1.841753248772025e-11
2.3005983488121142e-11
2.8104262377455474e-11
3.371236915572324e-11
3.983030382292443e-11
4.645806637905906e-11
5.359565682412712e-11
6.12430751581286e-11
6.940032138106355e-11
7.80673954929319e-11
8.72442974937337e-11
9.693102738346891e-11
1.0712758516213758e-10
1.1783397082973965e-10
1.290501843862752e-10
1.4077622583174416e-10
1.5301209516614657e-10
1.657577923894824e-10
1.790133175017516e-10
1.9277867050295432e-10
2.0705385139309045e-10
2.2183886017216e-10
2.3713369684016306e-10
2.5293836139709926e-10
2.6925285384296915e-10
2.860771741777724e-10
3.0341132240150914e-10
3.2125529851417924e-10
3.396091025157829e-10
3.584727344063199e-10
3.778461941857903e-10
3.977294818541942e-10
4.1812259741153147e-10
4.390255408578023e-10
4.604383121930067e-10
4.82360911417144e-10
5.047933385302154e-10
5.277355935322196e-10
5.511876764231572e-10
5.751495872030288e-10
5.996213258718334e-10
6.246028924295719e-10
1.8475976422948908e-07
1.8519243970514737e-07
1.8562562500869452e-07
1.860593201401306e-07
1.864935250994556e-07
1.8692823988666963e-07
1.873634645017725e-07
1.8779919894476433e-07
1.8823544321564512e-07
1.8867219731441483e-07
1.8910946124107342e-07
1.8954723499562105e-07
1.8998551857805755e-07
1.9042431198838295e-07
1.908636152265973e-07
1.9130342829270062e-07
1.9174375118669283e-07
1.92184583908574e-07
1.9262592645834413e-07
1.9306777883600318e-07
1.935101410415511e-07
1.93953013074988e-07
1.9439639493631386e-07
1.948402866255286e-07
1.952846881426323e-07
1.95729599487625e-07
1.9617502066050657e-07
1.96620951661277e-07
1.970673924899365e-07
1.9751434314648485e-07
1.9796180363092214e-07
1.9840977394324836e-07
1.9885825408346357e-07
1.9930724405156764e-07
1.9975674384756065e-07
2.0020675347144267e-07
2.0065727292321356e-07
2.011083022028734e-07
2.0155984131042221e-07
2.020118902458599e-07
2.0246444900918652e-07
2.0291751760040206e-07
2.0337109601950662e-07
2.038251842665e-07
2.0427978234138237e-07
2.0473489024415374e-07
2.0519050797481397e-07
2.056466355333631e-07
2.0610327291980127e-07
2.0656042013412828e-07
2.070180771763442e-07
2.0747624404644913e-07
2.0793492074444298e-07
2.0839410727032575e-07
2.0885380362409742e-07
2.0931400980575811e-07
2.0977472581530766e-07
2.1023595165274615e-07
2.1069768731807366e-07
2.1115993281129e-07
2.1162268813239527e-07
2.120859532813895e-07
2.125497282582727e-07
2.1301401306304482e-07
2.1347880769570582e-07
2.1394411215625586e-07
2.1440992644469473e-07
2.1487625056102254e-07
2.1534308450523936e-07
2.1581042827734507e-07
2.162782818773397e-07
2.1674664530522323e-07
2.1721551856099577e-07
2.176849016446572e-07
2.1815479455620758e-07
2.186251972956469e-07
2.1909610986297513e-07
2.1956753225819229e-07
2.2003946448129843e-07
2.2051190653229346e-07
2.209848584111774e-07
2.2145832011795028e-07
2.219322916526122e-07
2.2240677301516296e-07
2.2288176420560265e-07
2.233572652239313e-07
2.238332760701489e-07
2.2430979674425537e-07
2.247868272462508e-07
2.2526436757613522e-07
2.257424177339085e-07
2.2622097771957074e-07
2.2670004753312195e-07
2.2717962717456205e-07
2.2765971664389106e-07
2.281403159411091e-07
2.2862142506621598e-07
2.2910304401921178e-07
2.2958517280009654e-07
2.3006781140887032e-07
7.824732954200491e-07
7.833636279379232e-07
7.842544702836862e-07
7.851458224573383e-07
7.860376844588792e-07
7.869300562883092e-07
7.878229379456283e-07
7.88716329430836e-07
7.896102307439327e-07
7.905046418849184e-07
7.91399562853793e-07
7.922949936505564e-07
7.931909342752089e-07
7.940873847277505e-07
7.949843450081808e-07
7.958818151165e-07
7.967797950527082e-07
7.976782848168053e-07
7.985772844087913e-07
7.994767938286663e-07
8.003768130764305e-07
8.012773421520833e-07
8.02178381055625e-07
8.030799297870557e-07
8.039819883463754e-07
8.04884556733584e-07
8.057876349486815e-07
8.066912229916682e-07
8.075953208625436e-07
8.084999285613078e-07
8.09405046087961e-07
8.103106734425032e-07
8.112168106249344e-07
8.121234576352546e-07
8.130306144734636e-07
8.139382811395615e-07
8.148464576335483e-07
8.157551439554242e-07
8.166643401051889e-07
8.175740460828425e-07
8.184842618883853e-07
8.193949875218168e-07
8.203062229831372e-07
8.212179682723465e-07
8.221302233894449e-07
8.230429883344321e-07
8.239562631073083e-07
8.248700477080737e-07
8.257843421367278e-07
8.266991463932707e-07
8.276144604777025e-07
8.285302843900235e-07
8.294466181302332e-07
8.303634616983322e-07
8.312808150943197e-07
8.321986783181963e-07
8.331170513699619e-07
8.340359342496163e-07
8.349553269571596e-07
8.35875229492592e-07
8.367956418559135e-07
8.377165640471236e-07
8.386379960662227e-07
8.395599379132108e-07
8.404823895880878e-07
8.414053510908537e-07
8.423288224215086e-07
8.432528035800525e-07
8.441772945664853e-07
8.45102295380807e-07
8.460278060230175e-07
8.46953826493117e-07
8.478803567911054e-07
8.48807396916983e-07
8.497349468707495e-07
8.506630066524046e-07
8.515915762619487e-07
8.525206556993818e-07
8.534502449647039e-07
8.543803440579149e-07
8.553109529790151e-07
8.56242071728004e-07
8.571737003048817e-07
8.581058387096484e-07
8.590384869423039e-07
8.599716450028485e-07
8.609053128912821e-07
8.618394906076048e-07
8.627741781518162e-07
8.637093755239165e-07
8.646450827239058e-07
8.655812997517838e-07
8.66518026607551e-07
8.67455263291207e-07
8.683930098027523e-07
8.693312661421861e-07
8.702700323095091e-07
8.712093083047209e-07
8.721490941278216e-07
8.730893897788111e-07
1.7937651964641089e-06
1.795113186024199e-06
1.796461685412178e-06
1.7978106946280461e-06
1.7991602136718029e-06
1.8005102425434488e-06
1.8018607812429837e-06
1.8032118297704078e-06
1.8045633881257205e-06
1.805915456308922e-06
1.8072680343200124e-06
1.808621122158992e-06
1.8099747198258602e-06
1.811328827320618e-06
1.8126834446432642e-06
1.8140385717937996e-06
1.8153942087722236e-06
1.8167503555785366e-06
1.8181070122127385e-06
1.8194641786748294e-06
1.8208218549648098e-06
1.8221800410826785e-06
1.8235387370284362e-06
1.8248979428020829e-06
1.8262576584036185e-06
1.827617883833043e-06
1.8289786190903568e-06
1.8303398641755595e-06
1.8317016190886507e-06
1.8330638838296307e-06
1.8344266583985e-06
1.835789942795258e-06
1.8371537370199052e-06
1.8385180410724416e-06
1.8398828549528665e-06
1.8412481786611805e-06
1.8426140121973832e-06
1.8439803555614749e-06
1.8453472087534556e-06
1.8467145717733253e-06
1.8480824446210841e-06
1.8494508272967314e-06
1.850819719800268e-06
1.8521891221316933e-06
1.8535590342910075e-06
1.8549294562782107e-06
1.8563003880933026e-06
1.8576718297362842e-06
1.8590437812071544e-06
1.8604162425059131e-06
1.861789213632561e-06
1.8631626945870978e-06
1.8645366853695237e-06
1.8659111859798384e-06
1.867286196418042e-06
1.8686617166841348e-06
1.870037746778116e-06
1.8714142866999865e-06
1.8727913364497457e-06
1.8741688960273941e-06
1.8755469654329318e-06
1.8769255446663577e-06
1.878304633727673e-06
1.879684232616877e-06
1.8810643413339699e-06
1.8824449598789518e-06
1.8838260882518225e-06
1.8852077264525827e-06
1.8865898744812312e-06
1.8879725323377689e-06
1.8893557000221953e-06
1.8907393775345108e-06
1.8921235648747152e-06
1.8935082620428085e-06
1.8948934690387911e-06
1.8962791858626623e-06
1.8976654125144223e-06
1.8990521489940715e-06
1.9004393953016095e-06
1.9018271514370365e-06
1.9032154174003528e-06
1.9046041931915576e-06
1.9059934788106513e-06
1.907383274257634e-06
1.9087735795325057e-06
1.910164394635266e-06
1.9115557195659155e-06
1.9129475543244545e-06
1.9143398989108816e-06
1.915732753325198e-06
1.9171261175674032e-06
1.918519991637497e-06
1.91991437553548e-06
1.9213092692613522e-06
1.9227046728151136e-06
1.9241005861967634e-06
1.9254970094063023e-06
1.92689394244373e-06
1.9282913853090465e-06
1.9296893380022523e-06
3.2186354673616695e-06
3.2204411139639752e-06
3.2222472703941706e-06
3.2240539366522547e-06
3.225861112738227e-06
3.227668798652089e-06
3.2294769943938398e-06
3.2312856999634794e-06
3.233094915361008e-06
3.234904640586426e-06
3.236714875639733e-06
3.2385256205209284e-06
3.240336875230013e-06
3.242148639766986e-06
3.2439609141318484e-06
3.2457736983245995e-06
3.2475869923452395e-06
3.2494007961937686e-06
3.2512151098701866e-06
3.2530299333744933e-06
3.254845266706689e-06
3.256661109866774e-06
3.2584774628547477e-06
3.2602943256706117e-06
3.2621116983143627e-06
3.2639295807860033e-06
3.2657479730855327e-06
3.2675668752129514e-06
3.2693862871682583e-06
3.2712062089514545e-06
3.27302664056254e-06
3.2748475820015136e-06
3.2766690332683766e-06
3.2784909943631287e-06
3.2803134652857696e-06
3.2821364460362993e-06
3.2839599366147182e-06
3.2857839370210268e-06
3.2876084472552232e-06
3.289433467317309e-06
3.2912589972072833e-06
3.293085036925147e-06
3.2949115864708994e-06
3.2967386458445406e-06
3.2985662150460706e-06
3.30039429407549e-06
3.302222882932798e-06
3.304051981617995e-06
3.3058815901310808e-06
3.307711708472056e-06
3.3095423366409207e-06
3.3113734746376734e-06
3.3132051224623153e-06
3.3150372801148455e-06
3.3168699475952654e-06
3.3187031249035737e-06
3.320536812039771e-06
3.3223710090038573e-06
3.3242057157958323e-06
3.326040932415697e-06
3.32787665886345e-06
3.329712895139092e-06
3.331549641242623e-06
3.333386897174044e-06
3.335224662933353e-06
3.337062938520551e-06
3.3389017239356376e-06
3.3407410191786133e-06
3.3425808242494778e-06
3.3444211391482314e-06
3.346261963874874e-06
3.348103298429405e-06
3.3499451428118256e-06
3.351787497022135e-06
3.353630361060333e-06
3.35547373492642e-06
3.3573176186203963e-06
3.3591620121422624e-06
3.3610069154920163e-06
3.362852328669659e-06
3.364698251675191e-06
3.3665446845086117e-06
3.368391627169921e-06
3.3702390796591203e-06
3.3720870419762074e-06
3.373935514121184e-06
3.3757844960940495e-06
3.3776339878948037e-06
3.379483989523447e-06
3.3813345009799793e-06
3.3831855222644016e-06
3.3850370533767114e-06
3.3868890943169103e-06
3.3887416450849985e-06
3.3905947056809755e-06
3.392448276104841e-06
3.3943023563565957e-06
3.3961569464362394e-06
3.3980120463437723e-06
3.3998676560791936e-06
5.0570841081127305e-06
5.059347411757253e-06
5.061611225229664e-06
5.063875548529963e-06
5.066140381658152e-06
5.068405724614231e-06
5.070671577398196e-06
5.072937940010053e-06
5.075204812449797e-06
5.07747219471743e-06
5.079740086812954e-06
5.082008488736366e-06
5.084277400487666e-06
5.086546822066855e-06
5.088816753473933e-06
5.0910871947089e-06
5.093358145771756e-06
5.095629606662501e-06
5.097901577381135e-06
5.100174057927658e-06
5.10244704830207e-06
5.10472054850437e-06
5.10699455853456e-06
5.10926907839264e-06
5.111544108078607e-06
5.113819647592463e-06
5.116095696934209e-06
5.118372256103843e-06
5.120649325101367e-06
5.122926903926779e-06
5.1252049925800795e-06
5.12748359106127e-06
5.129762699370348e-06
5.132042317507317e-06
5.1343224454721736e-06
5.136603083264919e-06
5.138884230885553e-06
5.141165888334079e-06
5.1434480556104915e-06
5.145730732714792e-06
5.148013919646984e-06
5.150297616407063e-06
5.1525818229950316e-06
5.154866539410888e-06
5.157151765654634e-06
5.1594375017262694e-06
5.161723747625794e-06
5.1640105033532065e-06
5.166297768908508e-06
5.168585544291699e-06
5.170873829502781e-06
5.1731626245417485e-06
5.175451929408606e-06
5.1777417441033535e-06
5.180032068625988e-06
5.1823229029765136e-06
5.1846142471549266e-06
5.186906101161229e-06
5.189198464995419e-06
5.1914913386575e-06
5.193784722147469e-06
5.196078615465327e-06
5.1983730186110735e-06
5.200667931584712e-06
5.202963354386237e-06
5.20525928701565e-06
5.2075557294729524e-06
5.209852681758144e-06
5.212150143871225e-06
5.214448115812194e-06
5.2167465975810535e-06
5.2190455891778e-06
5.221345090602437e-06
5.2236451018549615e-06
5.225945622935376e-06
5.228246653843679e-06
5.230548194579871e-06
5.232850245143953e-06
5.235152805535924e-06
5.2374558757557825e-06
5.2397594558035295e-06
5.242063545679167e-06
5.244368145382692e-06
5.246673254914106e-06
5.24897887427341e-06
5.251285003460603e-06
5.253591642475684e-06
5.255898791318654e-06
5.258206449989513e-06
5.260514618488261e-06
5.2628232968149e-06
5.265132484969426e-06
5.267442182951841e-06
5.269752390762145e-06
5.272063108400338e-06
5.2743743358664194e-06
5.27668607316039e-06
5.27899832028225e-06
5.281311077231998e-06
5.283624344009636e-06
7.30911111871729e-06
7.311832079404029e-06
7.314553549918655e-06
7.317275530261171e-06
7.319998020431575e-06
7.32272102042987e-06
7.325444530256052e-06
7.328168549910124e-06
7.3308930793920835e-06
7.333618118701934e-06
7.3363436678396736e-06
7.339069726805301e-06
7.341796295598817e-06
7.344523374220222e-06
7.347250962669517e-06
7.3499790609467e-06
7.352707669051771e-06
7.355436786984732e-06
7.358166414745582e-06
7.360896552334321e-06
7.363627199750949e-06
7.366358356995465e-06
7.369090024067871e-06
7.371822200968167e-06
7.37455488769635e-06
7.377288084252423e-06
7.3800217906363844e-06
7.382756006848235e-06
7.385490732887973e-06
7.388225968755602e-06
7.390961714451119e-06
7.393697969974525e-06
7.396434735325819e-06
7.399172010505003e-06
7.401909795512076e-06
7.404648090347038e-06
7.407386895009888e-06
7.41012620950063e-06
7.412866033819258e-06
7.415606367965776e-06
7.418347211940182e-06
7.421088565742478e-06
7.423830429372662e-06
7.426572802830735e-06
7.429315686116697e-06
7.432059079230548e-06
7.434802982172288e-06
7.437547394941917e-06
7.440292317539434e-06
7.443037749964841e-06
7.445783692218139e-06
7.448530144299324e-06
7.451277106208397e-06
7.454024577945359e-06
7.456772559510211e-06
7.459521050902952e-06
7.462270052123581e-06
7.465019563172099e-06
7.467769584048506e-06
7.470520114752802e-06
7.473271155284987e-06
7.476022705645061e-06
7.478774765833024e-06
7.481527335848877e-06
7.484280415692618e-06
7.487034005364248e-06
7.489788104863767e-06
7.492542714191174e-06
7.4952978333464705e-06
7.498053462329656e-06
7.50080960114073e-06
7.503566249779693e-06
7.5063234082465465e-06
7.509081076541287e-06
7.511839254663917e-06
7.514597942614436e-06
7.517357140392844e-06
7.520116847999143e-06
7.522877065433329e-06
7.525637792695403e-06
7.528399029785367e-06
7.5311607767032195e-06
7.533923033448961e-06
7.536685800022592e-06
7.539449076424111e-06
7.54221286265352e-06
7.544977158710817e-06
7.547741964596003e-06
7.550507280309079e-06
7.553273105850042e-06
7.5560394412188974e-06
7.55880628641564e-06
7.56157364144027e-06
7.564341506292791e-06
7.567109880973199e-06
7.569878765481497e-06
7.572648159817683e-06
7.575418063981759e-06
7.578188477973723e-06
7.580959401793577e-06
9.974716499175349e-06
9.977895116904304e-06
9.981074244461144e-06
9.984253881845878e-06
9.987434029058502e-06
9.990614686099009e-06
9.993795852967408e-06
9.996977529663695e-06
1.0000159716187872e-05
1.0003342412539936e-05
1.0006525618719894e-05
1.0009709334727734e-05
1.0012893560563468e-05
1.0016078296227088e-05
1.00192635417186e-05
1.0022449297037997e-05
1.0025635562185286e-05
1.0028822337160465e-05
1.003200962196353e-05
1.0035197416594485e-05
1.0038385721053326e-05
1.0041574535340062e-05
1.0044763859454682e-05
1.0047953693397194e-05
1.005114403716759e-05
1.0054334890765881e-05
1.0057526254192058e-05
1.0060718127446125e-05
1.0063910510528078e-05
1.0067103403437924e-05
1.0070296806175659e-05
1.007349071874128e-05
1.0076685141134792e-05
1.0079880073356189e-05
1.0083075515405481e-05
1.0086271467282657e-05
1.0089467928987725e-05
1.009266490052068e-05
1.0095862381881525e-05
1.0099060373070256e-05
1.010225887408688e-05
1.0105457884931389e-05
1.0108657405603793e-05
1.0111857436104082e-05
1.011505797643226e-05
1.011825902658833e-05
1.0121460586572281e-05
1.0124662656384128e-05
1.012786523602386e-05
1.0131068325491486e-05
1.0134271924786995e-05
1.0137476033910397e-05
1.0140680652861684e-05
1.0143885781640866e-05
1.0147091420247931e-05
1.0150297568682888e-05
1.0153504226945732e-05
1.0156711395036469e-05
1.0159919072955093e-05
1.0163127260701603e-05
1.0166335958276007e-05
1.0169545165678296e-05
1.0172754882908475e-05
1.0175965109966542e-05
1.01791758468525e-05
1.0182387093566343e-05
1.018559885010808e-05
1.0188811116477703e-05
1.0192023892675217e-05
1.0195237178700616e-05
1.0198450974553907e-05
1.020166528023509e-05
1.0204880095744156e-05
1.0208095421081116e-05
1.0211311256245959e-05
1.0214527601238696e-05
1.0217744456059318e-05
1.0220961820707833e-05
1.0224179695184231e-05
1.0227398079488525e-05
1.0230616973620704e-05
1.0233836377580773e-05
1.0237056291368728e-05
1.0240276714984577e-05
1.0243497648428315e-05
1.0246719091699936e-05
1.0249941044799451e-05
1.0253163507726852e-05
1.0256386480482145e-05
1.0259609963065323e-05
1.0262833955476395e-05
1.0266058457715351e-05
1.02692834697822e-05
1.0272508991676934e-05
1.027573502339956e-05
1.0278961564950072e-05
1.0282188616328476e-05
1.028541617753477e-05
1.0288644248568947e-05
1.0291872829431019e-05
1.3053900249486911e-05
1.3057536524258083e-05
1.306117330885714e-05
1.306481060328409e-05
1.306844840753893e-05
1.3072086721621654e-05
1.3075725545532269e-05
1.3079364879270771e-05
1.3083004722837166e-05
1.3086645076231445e-05
1.3090285939453616e-05
1.3093927312503674e-05
1.3097569195381624e-05
1.3101211588087458e-05
1.3104854490621186e-05
1.3108497902982799e-05
1.3112141825172306e-05
1.31157862571897e-05
1.311943119903498e-05
1.3123076650708153e-05
1.312672261220921e-05
1.3130369083538161e-05
1.3134016064694996e-05
1.3137663555679726e-05
1.314131155649234e-05
1.3144960067132844e-05
1.3148609087601236e-05
1.3152258617897519e-05
1.3155908658021688e-05
1.3159559207973751e-05
1.3163210267753703e-05
1.3166861837361538e-05
1.3170513916797267e-05
1.3174166506060882e-05
1.3177819605152387e-05
1.3181473214071779e-05
1.3185127332819063e-05
1.3188781961394233e-05
1.3192437099797295e-05
1.3196092748028242e-05
1.3199748906087083e-05
1.3203405573973808e-05
1.3207062751688425e-05
1.3210720439230934e-05
1.3214378636601327e-05
1.321803734379961e-05
1.3221696560825781e-05
1.3225356287679845e-05
1.3229016524361792e-05
1.3232677270871631e-05
1.3236338527209357e-05
1.3240000293374974e-05
1.3243662569368479e-05
1.3247325355189876e-05
1.3250988650839157e-05
1.3254652456316331e-05
1.325831677162139e-05
1.3261981596754343e-05
1.3265646931715184e-05
1.326931277650391e-05
1.327297913112053e-05
1.3276645995565032e-05
1.3280313369837429e-05
1.3283981253937711e-05
1.3287649647865886e-05
1.3291318551621945e-05
1.3294987965205899e-05
1.3298657888617736e-05
1.3302328321857466e-05
1.3305999264925082e-05
1.330967071782059e-05
1.3313342680543988e-05
1.3317015153095268e-05
1.3320688135474444e-05
1.3324361627681505e-05
1.3328035629716457e-05
1.3331710141579294e-05
1.3335385163270026e-05
1.3339060694788643e-05
1.334273673613515e-05
1.3346413287309543e-05
1.335009034831183e-05
1.3353767919142003e-05
1.3357445999800067e-05
1.336112459028602e-05
1.3364803690599858e-05
1.3368483300741588e-05
1.3372163420711205e-05
1.3375844050508716e-05
1.3379525190134109e-05
1.3383206839587396e-05
1.3386888998868568e-05
1.3390571667977632e-05
1.3394254846914582e-05
1.3397938535679424e-05
1.3401622734272153e-05
1.3405307442692772e-05
1.3408992660941284e-05
1.3412678389017678e-05
1.3416364626921963e-05
1.6546662369651973e-05
1.655075630146536e-05
1.655485074310663e-05
1.6558945694575797e-05
1.6563041155872852e-05
1.656713712699779e-05
1.6571233607950625e-05
1.657533059873134e-05
1.6579428099339952e-05
1.6583526109776445e-05
1.658762463004084e-05
1.659172366013311e-05
1.6595823200053276e-05
1.6599923249801325e-05
1.660402380937727e-05
1.6608124878781097e-05
1.6612226458012823e-05
1.6616328547072433e-05
1.6620431145959927e-05
1.6624534254675315e-05
1.6628637873218588e-05
1.6632742001589755e-05
1.663684663978881e-05
1.6640951787815754e-05
1.664505744567058e-05
1.6649163613353303e-05
1.665327029086391e-05
1.6657377478202413e-05
1.6661485175368795e-05
1.6665593382363076e-05
1.666970209918524e-05
1.6673811325835292e-05
1.6677921062313238e-05
1.668203130861907e-05
1.668614206475279e-05
1.66902533307144e-05
1.6694365106503898e-05
1.6698477392121285e-05
1.670259018756656e-05
1.6706703492839726e-05
1.6710817307940782e-05
1.6714931632869723e-05
1.6719046467626558e-05
1.672316181221128e-05
1.672727766662389e-05
1.6731394030864387e-05
1.6735510904932775e-05
1.6739628288829055e-05
1.6743746182553218e-05
1.6747864586105272e-05
1.6751983499485214e-05
1.675610292269305e-05
1.676022285572877e-05
1.676434329859238e-05
1.676846425128388e-05
1.677258571380327e-05
1.6776707686150542e-05
1.6780830168325713e-05
1.6784953160328772e-05
1.678907666215971e-05
1.6793200673818545e-05
1.6797325195305267e-05
1.6801450226619882e-05
1.6805575767762375e-05
1.680970181873277e-05
1.6813828379531043e-05
1.6817955450157212e-05
1.6822083030611265e-05
1.6826211120893213e-05
1.683033972100304e-05
1.6834468830940767e-05
1.683859845070638e-05
1.6842728580299877e-05
1.6846859219721272e-05
1.6850990368970548e-05
1.6855122028047718e-05
1.685925419695277e-05
1.6863386875685717e-05
1.6867520064246547e-05
1.6871653762635273e-05
1.687578797085188e-05
1.6879922688896383e-05
1.688405791676877e-05
1.6888193654469053e-05
1.6892329901997224e-05
1.6896466659353276e-05
1.6900603926537222e-05
1.6904741703549056e-05
1.690887999038878e-05
1.691301878705639e-05
1.6917158093551892e-05
1.692129790987528e-05
1.692543823602656e-05
1.692957907200573e-05
1.6933720417812786e-05
1.6937862273447726e-05
1.6942004638910568e-05
1.6946147514201294e-05
1.69502908993199e-05
1.6954434794266404e-05
