5.44679417988154e-07
5.228944642230936e-07
5.015541013511977e-07
4.806583293724664e-07
4.602071482868996e-07
4.402005580944973e-07
4.2063855879525943e-07
4.0152115038918607e-07
3.8284833287627724e-07
3.646201062565328e-07
3.4683647052995284e-07
3.294974256965376e-07
3.126029717562867e-07
2.961531087092003e-07
2.8014783655527845e-07
2.645871552945211e-07
2.494710649269282e-07
2.3479956545249977e-07
2.2057265687123588e-07
2.067903391831365e-07
1.9345261238820163e-07
1.8055947648643122e-07
1.6811093147782534e-07
1.5610697736238386e-07
1.4454761414010696e-07
1.334328418109946e-07
1.2276266037504666e-07
1.1253706983226323e-07
1.0275607018264431e-07
9.341966142618987e-08
8.452784356289994e-08
7.608061659277449e-08
6.807798051581355e-08
6.051993533201711e-08
5.340648104138515e-08
4.673761764391771e-08
4.051334513961474e-08
3.473366352847629e-08
2.9398572810502335e-08
2.450807298569287e-08
2.0062164054047902e-08
1.606084601556745e-08
1.2504118870251475e-08
9.391982618099997e-09
6.724437259113014e-09
4.50148279329053e-09
2.7231192206325345e-09
1.3893465411390464e-09
5.001647548100619e-10
5.5573861645563236e-11
5.5573861645560987e-11
5.001647548100557e-10
1.3893465411390472e-09
2.7231192206325353e-09
4.50148279329052e-09
6.7244372591130024e-09
9.39198261809998e-09
1.2504118870251457e-08
1.6060846015567428e-08
2.0062164054047902e-08
2.450807298569287e-08
2.9398572810502335e-08
3.473366352847629e-08
4.051334513961474e-08
4.673761764391771e-08
5.340648104138515e-08
6.051993533201711e-08
6.807798051581355e-08
7.608061659277449e-08
8.452784356289994e-08
9.341966142618987e-08
1.0275607018264431e-07
1.1253706983226323e-07
1.2276266037504666e-07
1.334328418109946e-07
1.4454761414010696e-07
1.5610697736238394e-07
1.6811093147782534e-07
1.8055947648643122e-07
1.9345261238820163e-07
2.0679033918313657e-07
2.2057265687123582e-07
2.3479956545249969e-07
2.4947106492692813e-07
2.64587155294521e-07
2.801478365552784e-07
2.961531087092003e-07
3.1260297175628667e-07
3.2949742569653754e-07
3.4683647052995284e-07
3.646201062565328e-07
3.8284833287627713e-07
4.015211503891862e-07
4.206385587952593e-07
4.402005580944973e-07
4.602071482868996e-07
4.806583293724662e-07
5.015541013511977e-07
5.228944642230934e-07
5.44679417988154e-07
5.474472114054398e-07
5.256064167804879e-07
5.042102130487003e-07
4.832586002100774e-07
4.6275157826461896e-07
4.426891472123251e-07
4.2307130705319554e-07
4.038980577872305e-07
3.851693994144301e-07
3.66885331934794e-07
3.4904585534832246e-07
3.3165096965501556e-07
3.1470067485487307e-07
2.98194970947895e-07
2.8213385793408153e-07
2.6651733581343253e-07
2.5134540458594805e-07
2.3661806425162795e-07
2.2233531481047245e-07
2.0849715626248143e-07
1.951035886076549e-07
1.8215461184599292e-07
1.6965022597749538e-07
1.575904310021623e-07
1.4597522691999378e-07
1.3480461373098975e-07
1.240785914351502e-07
1.1379716003247513e-07
1.0396031952296458e-07
9.456806990661851e-08
8.562041118343697e-08
7.711734335341988e-08
6.905886641656732e-08
6.144498037287924e-08
5.427568522235565e-08
4.755098096499658e-08
4.127086760080199e-08
3.543534512977191e-08
3.004441355190633e-08
2.5098072867205233e-08
2.0596323075668638e-08
1.6539164177296552e-08
1.292659617208895e-08
9.75861906004584e-09
7.0352328411672285e-09
4.7564375154531154e-09
2.9222330829034894e-09
1.5326195435183716e-09
5.875968972977581e-10
8.716514424162972e-11
3.132428434999782e-11
4.2007431762286277e-10
1.2534152440602246e-09
2.5313470636620833e-09
4.253869776428438e-09
6.420983382359291e-09
9.032687881454639e-09
1.2088983273714486e-08
1.558986955913883e-08
1.9535346737727674e-08
2.392541480948101e-08
2.8760073774398844e-08
3.4039323632481174e-08
3.9763164383728e-08
4.593159602813933e-08
5.254461856571514e-08
5.960223199645547e-08
6.71044363203603e-08
7.50512315374296e-08
8.344261764766342e-08
9.227859465106172e-08
1.0155916254762452e-07
1.1128432133735181e-07
1.2145407102024363e-07
1.3206841159629992e-07
1.4312734306552068e-07
1.5463086542790603e-07
1.665789786834558e-07
1.7897168283217004e-07
1.9180897787404881e-07
2.0509086380909214e-07
2.1881734063729974e-07
2.32988408358672e-07
2.476040669732088e-07
2.6266431648091003e-07
2.7816915688177577e-07
2.941185881758061e-07
3.105126103630008e-07
3.2735122344336004e-07
3.4463442741688373e-07
3.6236222228357206e-07
3.805346080434248e-07
3.991515846964422e-07
4.182131522426237e-07
4.377193106819701e-07
4.576700600144807e-07
4.780654002401556e-07
4.989053313589956e-07
5.201898533709996e-07
5.419189662761686e-07
5.502223465280262e-07
5.283257110431827e-07
5.068736664515034e-07
4.858662127529889e-07
4.653033499476388e-07
4.451850780354533e-07
4.255113970164321e-07
4.062823068905756e-07
3.874978076578835e-07
3.6915789931835575e-07
3.512625818719926e-07
3.3381185531879403e-07
3.168057196587599e-07
3.002441748918902e-07
2.841272210181851e-07
2.6845485803764447e-07
2.532270859502684e-07
2.3844390475605667e-07
2.241053144550095e-07
2.1021131504712688e-07
1.9676190653240875e-07
1.837570889108551e-07
1.7119686218246593e-07
1.5908122634724123e-07
1.4741018140518106e-07
1.3618372735628544e-07
1.2540186420055425e-07
1.1506459193798756e-07
1.051719105685854e-07
9.572382009234769e-08
8.67203205092745e-08
7.816141181936578e-08
7.00470940226216e-08
6.237736711904189e-08
5.515223110862667e-08
4.837168599137597e-08
4.203573176728975e-08
3.614436843636804e-08
3.069759599861082e-08
2.56954144540181e-08
2.1137823802589873e-08
1.702482404432616e-08
1.3356415179226926e-08
1.0132597207292189e-08
7.353370128521946e-09
5.018733942916203e-09
3.128688650474947e-09
1.6832342511981998e-09
6.82370745085957e-10
1.2609813213819897e-10
1.4416412354937379e-11
3.4732558573617276e-10
1.1248256522819047e-09
2.346916611992134e-09
4.013598464866859e-09
6.1248712109060825e-09
8.680734850109802e-09
1.1681189382478016e-08
1.512623480801073e-08
1.9015871126707945e-08
2.3350098338569656e-08
2.812891644359586e-08
3.335232544178656e-08
3.902032533314175e-08
4.513291611766145e-08
5.1690097795345636e-08
5.8691870366194325e-08
6.613823383020753e-08
7.402918818738521e-08
8.236473343772739e-08
9.114486958123405e-08
1.0036959661790524e-07
1.100389145477409e-07
1.2015282337074108e-07
1.3071132308690573e-07
1.417144136962349e-07
1.5316209519872857e-07
1.6505436759438673e-07
1.7739123088320934e-07
1.901726850651965e-07
2.033987301403482e-07
2.1706936610866416e-07
2.3118459297014478e-07
2.4574441072479e-07
2.607488193725996e-07
2.761978189135737e-07
2.9209140934771236e-07
3.084295906750155e-07
3.252123628954831e-07
3.424397260091152e-07
3.601116800159118e-07
3.7822822491587294e-07
3.967893607089987e-07
4.1579508739528854e-07
4.352454049747434e-07
4.551403134473623e-07
4.754798128131456e-07
4.962639030720939e-07
5.174925842242064e-07
5.391658562694836e-07
5.530048233559133e-07
5.31052347011178e-07
5.095444615596072e-07
4.88481167001201e-07
4.678624633359593e-07
4.4768835056388217e-07
4.2795882868496935e-07
4.0867389769922117e-07
3.898335576066374e-07
3.7143780840721806e-07
3.5348665010096325e-07
3.359800826878731e-07
3.189181061679473e-07
3.02300720541186e-07
2.861279258075893e-07
2.70399721967157e-07
2.551161090198893e-07
2.4027708696578596e-07
2.2588265580484714e-07
2.1193281553707287e-07
1.984275661624631e-07
1.8536690768101783e-07
1.7275084009273704e-07
1.605793633976207e-07
1.4885247759566893e-07
1.3757018268688163e-07
1.267324786712588e-07
1.1633936554880048e-07
1.0639084331950668e-07
9.688691198337733e-08
8.782757154041252e-08
7.921282199061219e-08
7.104266333397637e-08
6.331709557050502e-08
5.6036118700198175e-08
4.919973272305585e-08
4.2807937639078e-08
3.6860733448264665e-08
3.135812015061582e-08
2.6300097746131466e-08
2.1686666234811612e-08
1.751782561665627e-08
1.3793575891665406e-08
1.0513917059839037e-08
7.678849121177166e-09
5.2883720756797934e-09
3.3424859233469077e-09
1.8411906641785305e-09
7.844862981746584e-10
1.7237282533527092e-10
4.850245660379692e-12
2.8191855914998537e-10
1.0035777658040876e-09
2.1698278656226867e-09
3.780668858605783e-09
5.836100744753376e-09
8.336123524065466e-09
1.1280737196542052e-08
1.4669941762183137e-08
1.8503737220988722e-08
2.27821235729588e-08
2.7505100818093374e-08
3.267266895639244e-08
3.8284827987856016e-08
4.4341577912484085e-08
5.0842918730276636e-08
5.7788850441233704e-08
6.517937304535527e-08
7.301448654264132e-08
8.129419093309188e-08
9.00184862167069e-08
9.918737239348647e-08
1.0880084946343048e-07
1.1885891742653905e-07
1.2936157628281206e-07
1.4030882603224956e-07
1.5170066667485163e-07
1.6353709821061813e-07
1.7581812063954913e-07
1.8854373396164464e-07
2.017139381769047e-07
2.1532873328532905e-07
2.2938811928691804e-07
2.4389209618167155e-07
2.588406639695896e-07
2.7423382265067206e-07
2.9007157222491905e-07
3.063539126923306e-07
3.230808440529065e-07
3.40252366306647e-07
3.5786847945355205e-07
3.759291834936215e-07
3.9443447842685565e-07
4.1338436425325387e-07
4.3277884097281704e-07
4.5261790858554437e-07
4.7290156709143607e-07
4.936298164904927e-07
5.148026567827135e-07
5.364200879680991e-07
5.557946418891005e-07
5.337863246844738e-07
5.122225983730114e-07
4.911034629547135e-07
4.704289184295802e-07
4.5019896479761143e-07
4.3041360205880695e-07
4.110728302131671e-07
3.921766492606918e-07
3.737250592013808e-07
3.5571806003523436e-07
3.381556517622526e-07
3.2103783438243516e-07
3.043646078957822e-07
2.8813597230229387e-07
2.7235192760197e-07
2.570124737948106e-07
2.4211761088081565e-07
2.2766733885998525e-07
2.1366165773231933e-07
2.0010056749781793e-07
1.8698406815648104e-07
1.7431215970830862e-07
1.6208484215330062e-07
1.503021154914572e-07
1.389639797227783e-07
1.2807043484726386e-07
1.176214808649139e-07
1.0761711777572849e-07
9.805734557970752e-08
8.894216427685107e-08
8.02715738671591e-08
7.204557435063166e-08
6.426416572726868e-08
5.692734799707021e-08
5.003512116003625e-08
4.358748521616677e-08
3.75844401654618e-08
3.202598600792132e-08
2.6912122743545336e-08
2.2242850372333854e-08
1.801816889428688e-08
1.4238078309404388e-08
1.0902578617686392e-08
8.01166981913289e-09
5.5653519137438865e-09
3.5636249015193708e-09
2.006488782459364e-09
8.939435565638628e-10
2.2598922383284567e-10
2.6257842663247557e-12
2.238532378643008e-10
8.896715846267736e-10
2.0000808245537433e-09
3.5550809576452094e-09
5.554671983901172e-09
7.998853903321632e-09
1.0887626715906589e-08
1.4220990421656042e-08
1.799894502057e-08
2.2221490512648445e-08
2.6888626897891393e-08
3.200035417629883e-08
3.7556672347870765e-08
4.3557581412607206e-08
5.000308137050813e-08
5.689317222157357e-08
6.42278539658035e-08
7.200712660319791e-08
8.023099013375684e-08
8.889944455748024e-08
9.801248987436817e-08
1.0757012608442057e-07
1.1757235318763749e-07
1.2801917118401888e-07
1.3891058007356476e-07
1.5024657985627523e-07
1.620271705321501e-07
1.742523521011895e-07
1.8692212456339333e-07
2.0003648791876176e-07
2.135954421672945e-07
2.2759898730899185e-07
2.420471233438538e-07
2.569398502718801e-07
2.7227716809307097e-07
2.880590768074264e-07
3.0428557641494627e-07
3.2095666691563056e-07
3.3807234830947937e-07
3.556326205964928e-07
3.7363748377667064e-07
3.9208693785001315e-07
4.1098098281651976e-07
4.303196186761913e-07
4.50102845429027e-07
4.7033066307502703e-07
4.910030716141921e-07
5.121200710465213e-07
5.336816613720153e-07
5.585918021275885e-07
5.3652764406307e-07
5.149080768917161e-07
4.937331006135265e-07
4.730027152285016e-07
4.527169207366412e-07
4.328757171379451e-07
4.1347910443241365e-07
3.945270826200466e-07
3.7601965170084407e-07
3.57956811674806e-07
3.4033856254193254e-07
3.2316490430222357e-07
3.0643583695567897e-07
2.9015136050229895e-07
2.7431147494208346e-07
2.5891618027503245e-07
2.4396547650114586e-07
2.294593636204238e-07
2.153978416328663e-07
2.0178091053847326e-07
1.8860857033724473e-07
1.7588082102918068e-07
1.6359766261428108e-07
1.5175909509254603e-07
1.4036511846397548e-07
1.2941573272856941e-07
1.1891093788632785e-07
1.0885073393725077e-07
9.923512088133818e-08
9.00640987185901e-08
8.133766744900651e-08
7.305582707258744e-08
6.521857758933282e-08
5.782591899924273e-08
5.087785130231714e-08
4.437437449855602e-08
3.831548858795943e-08
3.270119357052732e-08
2.7531489446259712e-08
2.2806376215156596e-08
1.8525853877217998e-08
1.4689922432443873e-08
1.1298581880834247e-08
8.351832222389113e-09
5.849673457108481e-09
3.7921055849923355e-09
2.1791286060406995e-09
1.01074252025357e-09
2.8694732763092316e-10
7.743028172772564e-12
1.731296218791189e-10
7.831071087499621e-10
1.837675488785302e-09
3.336834761985138e-09
5.280584928349472e-09
7.668925987878302e-09
1.050185794057163e-08
1.3779380786429455e-08
1.7501494525451778e-08
2.1668199157638595e-08
2.627949468298991e-08
3.133538110150572e-08
3.683585841318603e-08
4.278092661803085e-08
4.9170585716040137e-08
5.600483570721395e-08
6.328367659155226e-08
7.100710836905504e-08
7.917513103972234e-08
8.778774460355411e-08
9.68449490605504e-08
1.0634674441071118e-07
1.1629313065403648e-07
1.2668410779052623e-07
1.3751967582018048e-07
1.487998347429993e-07
1.6052458455898255e-07
1.7269392526813028e-07
1.8530785687044254e-07
1.9836637936591933e-07
2.1186949275456044e-07
2.2581719703636613e-07
2.4020949221133643e-07
2.5504637827947115e-07
2.703278552407704e-07
2.860539230952342e-07
3.0222458184286243e-07
3.188398314836551e-07
3.358996720176123e-07
3.534041034447341e-07
3.7135312576502026e-07
3.8974673897847116e-07
4.0858494308508616e-07
4.27867738084866e-07
4.475951239778101e-07
4.6776710076391856e-07
4.88383668443192e-07
5.094448270156295e-07
5.30950576481232e-07
5.61396304071377e-07
5.392763051469668e-07
5.176008971157211e-07
4.9637007997764e-07
4.755838537327235e-07
4.552422183809715e-07
4.353451739223838e-07
4.1589272035696067e-07
3.9688485768470203e-07
3.783215859056078e-07
3.6020290501967807e-07
3.4252881502691307e-07
3.2529931592731244e-07
3.0851440772087623e-07
2.9217409040760455e-07
2.7627836398749745e-07
2.608272284605548e-07
2.458206838267766e-07
2.312587300861629e-07
2.1714136723871372e-07
2.0346859528442908e-07
1.9024041422330892e-07
1.7745682405535325e-07
1.6511782478056202e-07
1.5322341639893536e-07
1.4177359891047315e-07
1.307683723151755e-07
1.2020773661304227e-07
1.1009169180407359e-07
1.0042023788826935e-07
9.119337486562967e-08
8.241110273615444e-08
7.407342149984372e-08
6.618033115669749e-08
5.8731831706715754e-08
5.172792314989854e-08
4.51686054862458e-08
3.9053878715757565e-08
3.338374283843383e-08
2.815819785427459e-08
2.3377243763279844e-08
1.9040880565449615e-08
1.5149108260783862e-08
1.1701926849282605e-08
8.699336330945841e-09
6.14133670577358e-09
4.027927973765805e-09
2.3591101349225387e-09
1.13488318924378e-09
3.5524713672950344e-10
2.0201977379723127e-11
1.2974771119443976e-10
6.838843381736533e-10
1.6826118583173635e-09
3.1259302716255703e-09
5.0138395780982745e-09
7.346339777735475e-09
1.0123430870537172e-08
1.3345112856503365e-08
1.7011385735634062e-08
2.112224950792925e-08
2.5677704173388936e-08
3.067774973201312e-08
3.612238618380179e-08
4.2011613528754975e-08
4.834543176687264e-08
5.512384089815482e-08
6.234684092260149e-08
7.001443184021265e-08
7.812661365098832e-08
8.668338635492846e-08
9.568474995203313e-08
1.0513070444230226e-07
1.1502124982573593e-07
1.2535638610233407e-07
1.3613611327209666e-07
1.473604313350239e-07
1.590293402911155e-07
1.7114284014037164e-07
1.8370093088279224e-07
1.9670361251837742e-07
2.1015088504712687e-07
2.2404274846904098e-07
2.3837920278411964e-07
2.531602479923627e-07
2.6838588409377034e-07
2.8405611108834246e-07
3.0017092897607905e-07
3.167303377569801e-07
3.337343374310457e-07
3.511829279982759e-07
3.6907610945867045e-07
3.874138818122297e-07
4.061962450589531e-07
4.254231991988413e-07
4.4509474423189377e-07
4.6521088015811054e-07
4.857716069774923e-07
5.067769246900383e-07
5.282268332957491e-07
5.642081477204659e-07
5.420323079361643e-07
5.203010590450269e-07
4.990144010470542e-07
4.78172333942246e-07
4.5777485773060233e-07
4.3782197241212297e-07
4.1831367798680825e-07
3.99249974454658e-07
3.806308618156721e-07
3.624563400698508e-07
3.447264092171941e-07
3.2744106925770187e-07
3.10600320191374e-07
2.9420416201821077e-07
2.7825259473821196e-07
2.627456183513777e-07
2.476832328577078e-07
2.3306543825720254e-07
2.1889223454986176e-07
2.051636217356855e-07
1.918795998146737e-07
1.790401687868264e-07
1.666453286521435e-07
1.546950794106252e-07
1.431894210622714e-07
1.3212835360708205e-07
1.215118770450572e-07
1.1133999137619688e-07
1.0161269660050102e-07
9.23299927179697e-08
8.349187972860284e-08
7.50983576324005e-08
6.714942642936264e-08
5.964508611948928e-08
5.258533670278042e-08
4.5970178179236054e-08
3.97996105488562e-08
3.407363381164084e-08
2.879224796758997e-08
2.3955453016703593e-08
1.9563248958981733e-08
1.561563579442435e-08
1.2112613523031466e-08
9.054182144803073e-09
6.440341659739182e-09
4.2710920678397755e-09
2.5464333691048803e-09
1.2663655635344926e-09
4.3088865112858644e-10
4.0002631887176447e-11
9.370750581026338e-11
5.920032728978473e-10
1.534889933149928e-09
2.9223674865665047e-09
4.75443593314758e-09
7.03109527289315e-09
9.752345505803217e-09
1.291818663187778e-08
1.6528618651116846e-08
2.0583641563520408e-08
2.508325536908846e-08
3.002746006782101e-08
3.5416255659718066e-08
4.1249642144779617e-08
4.752761952300565e-08
5.42501877943962e-08
6.141734695895125e-08
6.902909701667077e-08
7.708543796755482e-08
8.558636981160333e-08
9.453189254881636e-08
1.0392200617919387e-07
1.1375671070273592e-07
1.240360061194424e-07
1.347598924293134e-07
1.4592836963234895e-07
1.575414377285489e-07
1.695990967179134e-07
1.821013466004424e-07
1.9504818737613592e-07
2.0843961904499375e-07
2.2227564160701623e-07
2.3655625506220326e-07
2.512814594105547e-07
2.664512546520707e-07
2.820656407867512e-07
2.9812461781459613e-07
3.146281857356056e-07
3.3157634454977953e-07
3.4896909425711805e-07
3.6680643485762104e-07
3.8508836635128867e-07
4.0381488873812035e-07
4.22986002018117e-07
4.426017061912778e-07
4.62662001257603e-07
4.831668872170931e-07
5.041163640697474e-07
5.255104318155665e-07
5.670273330748553e-07
5.44795652430662e-07
5.23008562679633e-07
5.016660638217687e-07
4.807681558570688e-07
4.603148387855336e-07
4.403061126071626e-07
4.2074197732195624e-07
4.016224329299144e-07
3.829474794310369e-07
3.6471711682532394e-07
3.4693134511277567e-07
3.295901642933917e-07
3.126935743671723e-07
2.962415753341174e-07
2.802341671942269e-07
2.6467134994750103e-07
2.4955312359393956e-07
2.3487948813354265e-07
2.2065044356631024e-07
2.0686598989224233e-07
1.9352612711133887e-07
1.8063085522359994e-07
1.6818017422902544e-07
1.561740841276155e-07
1.4461258491937006e-07
1.3349567660428914e-07
1.2282335918237264e-07
1.125956326536207e-07
1.0281249701803321e-07
9.347395227561026e-08
8.457999842635177e-08
7.61306354702578e-08
6.812586340732831e-08
6.05656822375633e-08
5.345009196096284e-08
4.677909257752684e-08
4.055268408725535e-08
3.4770866490148345e-08
2.9433639786205852e-08
2.4541003975427848e-08
2.009295905781436e-08
1.6089505033365344e-08
1.2530641902080829e-08
9.416369663960806e-09
6.746688319005286e-09
4.52159786721425e-09
2.741098308587725e-09
1.4051896431257082e-09
5.138718708281721e-10
6.714499169513248e-11
6.500900572658979e-11
5.074639129225439e-10
1.394509713282995e-09
2.7261464068079428e-09
4.502373993497387e-09
6.7231924733513296e-09
9.388601846369766e-09
1.24986021125527e-08
1.6053193271900137e-08
2.0052375324412064e-08
2.4496148270088493e-08
2.9384512108929414e-08
3.471746684093483e-08
4.049501246610475e-08
4.6717148984439156e-08
5.338387639593807e-08
6.04951947006015e-08
6.805110389842938e-08
7.60516039894218e-08
8.449669497357868e-08
9.338637685090008e-08
1.0272064962138597e-07
1.1249951328503637e-07
1.2272296784185124e-07
1.3339101329183062e-07
1.4450364963497452e-07
1.560608768712829e-07
1.6806269500075573e-07
1.8050910402339312e-07
1.9340010393919503e-07
2.0673569474816123e-07
2.2051587645029205e-07
2.3474064904558744e-07
2.494100125340473e-07
2.645239669156716e-07
2.800825121904605e-07
2.960856483584138e-07
3.1253337541953163e-07
3.2942569337381396e-07
3.4676260222126087e-07
3.6454410196187215e-07
3.827701925956481e-07
4.0144087412258824e-07
4.2055614654269327e-07
4.4011600985596245e-07
4.60120464062396e-07
4.805695091619946e-07
5.014631451547572e-07
5.228013720406847e-07
5.698538601345454e-07
5.475663386304603e-07
5.257234080195398e-07
5.043250683017837e-07
4.833713194771923e-07
4.6286216154576536e-07
4.4279759450750273e-07
4.231776183624048e-07
4.040022331104712e-07
3.852714387517021e-07
3.6698523528609756e-07
3.4914362271365763e-07
3.317466010343821e-07
3.14794170248271e-07
2.982863303553245e-07
2.8222308135554245e-07
2.666044232489249e-07
2.5143035603547177e-07
2.3670087971518322e-07
2.2241599428805918e-07
2.0857569975409964e-07
1.951799961133046e-07
1.8222888336567403e-07
1.697223615112079e-07
1.5766043054990636e-07
1.4604309048176927e-07
1.348703413067967e-07
1.2414218302498859e-07
1.13858615636345e-07
1.040196391408659e-07
9.462525353855131e-08
8.567545882940119e-08
7.717025501341559e-08
6.910964209059446e-08
6.149362006093785e-08
5.432218892444573e-08
4.75953486811181e-08
4.1313099330954985e-08
3.5475440873956366e-08
3.008237331012223e-08
2.51338966394526e-08
2.0630010861947484e-08
1.6570715977606837e-08
1.2956011986430695e-08
9.785898888419043e-09
7.060376683571893e-09
4.779445371889227e-09
2.943104953371072e-09
1.5513554280174257e-09
6.041967958282605e-10
1.0162905680359124e-10
4.3652210943418916e-11
4.3026625824774344e-10
1.2614711987165647e-09
2.537267032349883e-09
4.257653759147698e-09
6.42263137911001e-09
9.032199892236821e-09
1.2086359298528122e-08
1.5585109597983928e-08
1.9528450790604233e-08
2.3916382876389025e-08
2.8748905855338325e-08
3.4026019727452104e-08
3.97477244927304e-08
4.5914020151173176e-08
5.252490670278047e-08
5.958038414755225e-08
6.708045248548852e-08
7.502511171658931e-08
8.341436184085455e-08
9.224820285828434e-08
1.0152663476887858e-07
1.1124965757263736e-07
1.214172712695606e-07
1.3202947585964834e-07
1.4308627134290063e-07
1.5458765771931735e-07
1.665336349888986e-07
1.7892420315164432e-07
1.917593622075546e-07
2.0503911215662917e-07
2.1876345299886838e-07
2.3293238473427214e-07
2.4754590736284037e-07
2.6260402088457303e-07
2.781067252994703e-07
2.9405402060753204e-07
3.104459068087582e-07
3.272823839031489e-07
3.4456345189070415e-07
3.6228911077142387e-07
3.804593605453082e-07
3.990742012123567e-07
4.1813363277257006e-07
4.376376552259476e-07
4.5758626857248953e-07
4.779794728121964e-07
4.988172679450674e-07
5.200996539711033e-07
