2.1118506361325645e-09
2.027385229606295e-09
1.9446436068866847e-09
1.8636257679737323e-09
1.7843317128674385e-09
1.7067614415678036e-09
1.6309149540748268e-09
1.5567922503885088e-09
1.4843933305088495e-09
1.4137181944358484e-09
1.3447668421695062e-09
1.2775392737098231e-09
1.2120354890567978e-09
1.1482554882104312e-09
1.0861992711707233e-09
1.0258668379376736e-09
9.672581885112828e-10
9.103733228915505e-10
8.552122410784763e-10
8.01774943072061e-10
7.500614288723043e-10
7.000716984792065e-10
6.518057518927669e-10
6.052635891129857e-10
5.604452101398634e-10
5.173506149733996e-10
4.75979803613594e-10
4.3633277606044724e-10
3.984095323139589e-10
3.6221007237412927e-10
3.277343962409581e-10
2.949825039144456e-10
2.6395439539459156e-10
2.3465007068139604e-10
2.070695297748591e-10
1.8121277267498073e-10
1.5707979938176095e-10
1.3467060989519972e-10
1.1398520421529704e-10
9.50235823420529e-11
7.778574427546735e-11
6.22716900155404e-11
4.848141956227193e-11
3.641493291566204e-11
2.6072230075710683e-11
1.7453311042417896e-11
1.0558175815783636e-11
5.38682439580797e-12
1.939256782490889e-12
2.1547297583232408e-13
2.1547297583231537e-13
1.939256782490864e-12
5.386824395807971e-12
1.0558175815783636e-11
1.7453311042417858e-11
2.607223007571064e-11
3.641493291566198e-11
4.848141956227187e-11
6.227169001554033e-11
7.778574427546735e-11
9.50235823420529e-11
1.1398520421529704e-10
1.3467060989519972e-10
1.5707979938176095e-10
1.8121277267498073e-10
2.070695297748591e-10
2.3465007068139604e-10
2.6395439539459156e-10
2.949825039144456e-10
3.277343962409581e-10
3.6221007237412927e-10
3.984095323139589e-10
4.3633277606044724e-10
4.75979803613594e-10
5.173506149733996e-10
5.604452101398634e-10
6.052635891129859e-10
6.518057518927669e-10
7.000716984792065e-10
7.500614288723046e-10
8.017749430720613e-10
8.55212241078476e-10
9.103733228915502e-10
9.672581885112823e-10
1.0258668379376734e-09
1.0861992711707229e-09
1.1482554882104308e-09
1.2120354890567976e-09
1.2775392737098227e-09
1.3447668421695062e-09
1.4137181944358484e-09
1.4843933305088495e-09
1.5567922503885094e-09
1.6309149540748268e-09
1.706761441567804e-09
1.7843317128674385e-09
1.8636257679737314e-09
1.9446436068866847e-09
2.0273852296062943e-09
2.1118506361325645e-09
3.2702469237803303e-07
3.280650801798129e-07
3.291071917653995e-07
3.301510271347927e-07
3.311965862879926e-07
3.3224386922499913e-07
3.332928759458123e-07
3.3434360645043213e-07
3.3539606073885863e-07
3.364502388110918e-07
3.3750614066713166e-07
3.385637663069781e-07
3.396231157306313e-07
3.40684188938091e-07
3.4174698592935753e-07
3.428115067044306e-07
3.438777512633104e-07
3.4494571960599687e-07
3.4601541173249e-07
3.4708682764278974e-07
3.4815996733689613e-07
3.4923483081480923e-07
3.5031141807652887e-07
3.5138972912205527e-07
3.524697639513883e-07
3.5355152256452803e-07
3.546350049614744e-07
3.5572021114222746e-07
3.5680714110678717e-07
3.578957948551535e-07
3.589861723873264e-07
3.600782737033061e-07
3.611720988030924e-07
3.622676476866854e-07
3.63364920354085e-07
3.6446391680529136e-07
3.655646370403043e-07
3.666670810591239e-07
3.677712488617501e-07
3.6887714044818303e-07
3.6998475581842263e-07
3.710940949724689e-07
3.722051579103218e-07
3.733179446319814e-07
3.7443245513744757e-07
3.755486894267205e-07
3.7666664749979995e-07
3.777863293566862e-07
3.78907734997379e-07
3.8003086442187853e-07
3.811557176301847e-07
3.8228229462229755e-07
3.834105953982171e-07
3.8454061995794317e-07
3.856723683014759e-07
3.8680584042881536e-07
3.879410363399615e-07
3.890779560349143e-07
3.9021659951367377e-07
3.913569667762399e-07
3.9249905782261264e-07
3.9364287265279205e-07
3.9478841126677807e-07
3.959356736645708e-07
3.9708465984617016e-07
3.9823536981157623e-07
3.9938780356078897e-07
4.0054196109380835e-07
4.016978424106344e-07
4.0285544751126707e-07
4.040147763957063e-07
4.051758290639523e-07
4.06338605516005e-07
4.075031057518643e-07
4.0866932977153036e-07
4.0983727757500296e-07
4.1100694916228227e-07
4.1217834453336823e-07
4.1335146368826074e-07
4.1452630662696e-07
4.15702873349466e-07
4.168811638557786e-07
4.180611781458978e-07
4.192429162198237e-07
4.204263780775563e-07
4.2161156371909554e-07
4.227984731444413e-07
4.239871063535939e-07
4.2517746334655306e-07
4.2636954412331896e-07
4.2756334868389146e-07
4.2875887702827066e-07
4.2995612915645647e-07
4.31155105068449e-07
4.3235580476424814e-07
4.3355822824385385e-07
4.347623755072664e-07
4.359682465544855e-07
4.3717584138551127e-07
4.3838516000034375e-07
1.413123685226045e-06
1.4152889262361313e-06
1.4174558910300235e-06
1.4196245796077229e-06
1.4217949919692291e-06
1.4239671281145417e-06
1.4261409880436612e-06
1.4283165717565872e-06
1.43049387925332e-06
1.4326729105338595e-06
1.4348536655982053e-06
1.437036144446358e-06
1.4392203470783174e-06
1.4414062734940833e-06
1.4435939236936562e-06
1.4457832976770354e-06
1.4479743954442213e-06
1.4501672169952135e-06
1.452361762330013e-06
1.4545580314486189e-06
1.4567560243510313e-06
1.4589557410372506e-06
1.4611571815072765e-06
1.4633603457611092e-06
1.4655652337987484e-06
1.4677718456201941e-06
1.4699801812254468e-06
1.4721902406145061e-06
1.474402023787372e-06
1.4766155307440445e-06
1.4788307614845236e-06
1.4810477160088095e-06
1.4832663943169018e-06
1.4854867964088011e-06
1.4877089222845066e-06
1.4899327719440192e-06
1.492158345387338e-06
1.494385642614464e-06
1.4966146636253965e-06
1.4988454084201355e-06
1.5010778769986814e-06
1.5033120693610337e-06
1.5055479855071929e-06
1.5077856254371586e-06
1.5100249891509312e-06
1.5122660766485101e-06
1.5145088879298959e-06
1.5167534229950882e-06
1.5189996818440874e-06
1.5212476644768925e-06
1.523497370893505e-06
1.525748801093924e-06
1.5280019550781496e-06
1.530256832846182e-06
1.532513434398021e-06
1.5347717597336665e-06
1.537031808853119e-06
1.539293581756378e-06
1.5415570784434435e-06
1.5438222989143159e-06
1.5460892431689949e-06
1.5483579112074803e-06
1.5506283030297727e-06
1.5529004186358717e-06
1.555174258025777e-06
1.5574498211994895e-06
1.5597271081570079e-06
1.5620061188983335e-06
1.5642868534234657e-06
1.5665693117324045e-06
1.56885349382515e-06
1.5711393997017022e-06
1.5734270293620612e-06
1.5757163828062266e-06
1.5780074600341989e-06
1.5803002610459777e-06
1.5825947858415632e-06
1.5848910344209554e-06
1.587189006784154e-06
1.5894887029311595e-06
1.5917901228619718e-06
1.59409326657659e-06
1.5963981340750154e-06
1.5987047253572475e-06
1.6010130404232864e-06
1.6033230792731318e-06
1.6056348419067837e-06
1.6079483283242424e-06
1.610263538525508e-06
1.6125804725105802e-06
1.6148991302794586e-06
1.6172195118321441e-06
1.6195416171686362e-06
1.6218654462889347e-06
1.62419099919304e-06
1.626518275880952e-06
1.6288472763526708e-06
1.631178000608196e-06
1.6335104486475276e-06
1.6358446204706663e-06
3.260408829180169e-06
3.2636989233985605e-06
3.2669907414007605e-06
3.2702842831867654e-06
3.273579548756578e-06
3.2768765381101966e-06
3.2801752512476225e-06
3.283475688168854e-06
3.2867778488738938e-06
3.2900817333627387e-06
3.2933873416353906e-06
3.29669467369185e-06
3.3000037295321146e-06
3.3033145091561876e-06
3.3066270125640655e-06
3.3099412397557516e-06
3.3132571907312436e-06
3.3165748654905425e-06
3.3198942640336477e-06
3.3232153863605602e-06
3.3265382324712786e-06
3.3298628023658043e-06
3.333189096044136e-06
3.3365171135062753e-06
3.33984685475222e-06
3.343178319781973e-06
3.346511508595531e-06
3.349846421192896e-06
3.3531830575740683e-06
3.3565214177390465e-06
3.3598615016878325e-06
3.3632033094204243e-06
3.3665468409368235e-06
3.369892096237028e-06
3.373239075321041e-06
3.3765877781888586e-06
3.3799382048404847e-06
3.383290355275916e-06
3.3866442294951553e-06
3.3899998274982003e-06
3.3933571492850527e-06
3.3967161948557105e-06
3.4000769642101753e-06
3.403439457348448e-06
3.406803674270526e-06
3.4101696149764114e-06
3.413537279466103e-06
3.416906667739602e-06
3.420277779796907e-06
3.423650615638019e-06
3.427025175262937e-06
3.430401458671663e-06
3.4337794658641943e-06
3.4371591968405333e-06
3.4405406516006778e-06
3.4439238301446305e-06
3.4473087324723885e-06
3.450695358583954e-06
3.4540837084793252e-06
3.457473782158503e-06
3.4608655796214888e-06
3.4642591008682802e-06
3.467654345898879e-06
3.4710513147132834e-06
3.474450007311496e-06
3.4778504236935138e-06
3.481252563859339e-06
3.4846564278089705e-06
3.4880620155424095e-06
3.491469327059654e-06
3.4948783623607067e-06
3.498289121445564e-06
3.50170160431423e-06
3.505115810966701e-06
3.5085317414029787e-06
3.511949395623064e-06
3.515368773626955e-06
3.5187898754146543e-06
3.5222127009861584e-06
3.525637250341471e-06
3.5290635234805884e-06
3.532491520403514e-06
3.535921241110245e-06
3.5393526856007837e-06
3.542785853875128e-06
3.54622074593328e-06
3.549657361775238e-06
3.5530957014010035e-06
3.556535764810575e-06
3.559977552003953e-06
3.5634210629811378e-06
3.566866297742129e-06
3.5703132562869275e-06
3.573761938615532e-06
3.577212344727944e-06
3.580664474624161e-06
3.584118328304187e-06
3.5875739057680178e-06
3.591031207015657e-06
3.5944902320471007e-06
5.868880124240404e-06
5.873295071667102e-06
5.8777117428776075e-06
5.882130137871919e-06
5.886550256650038e-06
5.890972099211963e-06
5.895395665557694e-06
5.899820955687232e-06
5.904247969600578e-06
5.908676707297729e-06
5.913107168778687e-06
5.917539354043453e-06
5.921973263092024e-06
5.926408895924402e-06
5.930846252540587e-06
5.935285332940579e-06
5.939726137124377e-06
5.944168665091983e-06
5.948612916843393e-06
5.953058892378612e-06
5.957506591697637e-06
5.96195601480047e-06
5.966407161687107e-06
5.970860032357553e-06
5.975314626811803e-06
5.979770945049862e-06
5.984228987071726e-06
5.988688752877397e-06
5.993150242466876e-06
5.9976134558401595e-06
6.002078392997253e-06
6.00654505393815e-06
6.011013438662855e-06
6.015483547171367e-06
6.019955379463685e-06
6.024428935539809e-06
6.028904215399742e-06
6.0333812190434785e-06
6.037859946471025e-06
6.042340397682376e-06
6.0468225726775345e-06
6.051306471456498e-06
6.055792094019269e-06
6.060279440365848e-06
6.064768510496232e-06
6.069259304410424e-06
6.073751822108422e-06
6.0782460635902265e-06
6.082742028855838e-06
6.087239717905256e-06
6.0917391307384805e-06
6.096240267355513e-06
6.10074312775635e-06
6.1052477119409956e-06
6.109754019909445e-06
6.114262051661704e-06
6.118771807197768e-06
6.1232832865176405e-06
6.127796489621318e-06
6.132311416508802e-06
6.136828067180093e-06
6.141346441635191e-06
6.145866539874096e-06
6.150388361896807e-06
6.154911907703326e-06
6.15943717729365e-06
6.163964170667781e-06
6.168492887825719e-06
6.173023328767464e-06
6.177555493493014e-06
6.182089382002373e-06
6.1866249942955374e-06
6.191162330372509e-06
6.1957013902332856e-06
6.20024217387787e-06
6.204784681306262e-06
6.2093289125184585e-06
6.213874867514464e-06
6.218422546294274e-06
6.2229719488578935e-06
6.227523075205317e-06
6.232075925336549e-06
6.236630499251586e-06
6.241186796950431e-06
6.245744818433081e-06
6.25030456369954e-06
6.254866032749803e-06
6.259429225583876e-06
6.263994142201752e-06
6.268560782603438e-06
6.273129146788928e-06
6.277699234758225e-06
6.28227104651133e-06
6.28684458204824e-06
6.291419841368959e-06
6.295996824473483e-06
6.300575531361814e-06
6.305155962033951e-06
6.3097381164898964e-06
6.314321994729646e-06
9.238537570406751e-06
9.244077371041758e-06
9.249618895460568e-06
9.255162143663186e-06
9.260707115649608e-06
9.266253811419843e-06
9.27180223097388e-06
9.277352374311724e-06
9.282904241433374e-06
9.288457832338835e-06
9.294013147028098e-06
9.299570185501169e-06
9.305128947758045e-06
9.310689433798729e-06
9.316251643623223e-06
9.32181557723152e-06
9.327381234623623e-06
9.332948615799534e-06
9.338517720759254e-06
9.344088549502778e-06
9.349661102030107e-06
9.355235378341246e-06
9.360811378436193e-06
9.366389102314943e-06
9.371968549977498e-06
9.377549721423864e-06
9.383132616654034e-06
9.388717235668014e-06
9.394303578465797e-06
9.399891645047389e-06
9.405481435412783e-06
9.411072949561992e-06
9.416666187495001e-06
9.422261149211818e-06
9.42785783471244e-06
9.433456243996877e-06
9.439056377065111e-06
9.444658233917155e-06
9.450261814553006e-06
9.455867118972667e-06
9.46147414717613e-06
9.467082899163399e-06
9.472693374934476e-06
9.47830557448936e-06
9.483919497828052e-06
9.489535144950551e-06
9.495152515856853e-06
9.500771610546962e-06
9.506392429020884e-06
9.512014971278608e-06
9.517639237320138e-06
9.523265227145473e-06
9.52889294075462e-06
9.534522378147571e-06
9.540153539324328e-06
9.54578642428489e-06
9.551421033029264e-06
9.55705736555744e-06
9.562695421869424e-06
9.568335201965215e-06
9.573976705844811e-06
9.579619933508217e-06
9.585264884955428e-06
9.590911560186444e-06
9.596559959201267e-06
9.6022100819999e-06
9.607861928582337e-06
9.613515498948579e-06
9.619170793098631e-06
9.62482781103249e-06
9.630486552750154e-06
9.636147018251623e-06
9.641809207536898e-06
9.647473120605985e-06
9.653138757458876e-06
9.658806118095573e-06
9.664475202516076e-06
9.670146010720386e-06
9.675818542708506e-06
9.681492798480428e-06
9.68716877803616e-06
9.692846481375694e-06
9.698525908499042e-06
9.704207059406192e-06
9.709889934097148e-06
9.715574532571911e-06
9.721260854830484e-06
9.72694890087286e-06
9.732638670699042e-06
9.738330164309032e-06
9.74402338170283e-06
9.749718322880437e-06
9.755414987841844e-06
9.761113376587061e-06
9.766813489116085e-06
9.772515325428918e-06
9.778218885525555e-06
9.783924169405997e-06
9.789631177070247e-06
9.795339908518307e-06
1.3369381167679207e-05
1.3376045821522522e-05
1.3382712199149639e-05
1.338938030056056e-05
1.3396050125755292e-05
1.3402721674733832e-05
1.3409394947496175e-05
1.3416069944042325e-05
1.3422746664372281e-05
1.342942510848605e-05
1.3436105276383617e-05
1.3442787168064995e-05
1.3449470783530178e-05
1.3456156122779167e-05
1.3462843185811968e-05
1.346953197262857e-05
1.347622248322898e-05
1.3482914717613197e-05
1.3489608675781224e-05
1.3496304357733053e-05
1.350300176346869e-05
1.3509700892988132e-05
1.3516401746291386e-05
1.3523104323378443e-05
1.3529808624249307e-05
1.3536514648903975e-05
1.354322239734245e-05
1.3549931869564737e-05
1.3556643065570827e-05
1.3563355985360724e-05
1.3570070628934427e-05
1.357678699629194e-05
1.3583505087433256e-05
1.359022490235838e-05
1.3596946441067309e-05
1.3603669703560049e-05
1.3610394689836593e-05
1.3617121399896943e-05
1.3623849833741097e-05
1.3630579991369064e-05
1.3637311872780835e-05
1.3644045477976411e-05
1.3650780806955794e-05
1.3657517859718983e-05
1.3664256636265983e-05
1.3670997136596785e-05
1.3677739360711394e-05
1.368448330860981e-05
1.3691228980292038e-05
1.3697976375758067e-05
1.3704725495007904e-05
1.3711476338041546e-05
1.3718228904858999e-05
1.3724983195460256e-05
1.3731739209845319e-05
1.3738496948014187e-05
1.3745256409966869e-05
1.375201759570335e-05
1.375878050522364e-05
1.3765545138527736e-05
1.3772311495615637e-05
1.3779079576487352e-05
1.3785849381142868e-05
1.379262090958219e-05
1.379939416180532e-05
1.3806169137812259e-05
1.3812945837603003e-05
1.381972426117755e-05
1.3826504408535906e-05
1.3833286279678074e-05
1.3840069874604043e-05
1.384685519331382e-05
1.38536422358074e-05
1.3860431002084796e-05
1.386722149214599e-05
1.3874013705990993e-05
1.3880807643619801e-05
1.3887603305032418e-05
1.3894400690228846e-05
1.3901199799209073e-05
1.390800063197311e-05
1.3914803188520953e-05
1.3921607468852606e-05
1.392841347296806e-05
1.3935221200867323e-05
1.3942030652550393e-05
1.3948841828017273e-05
1.3955654727267954e-05
1.3962469350302445e-05
1.396928569712074e-05
1.3976103767722842e-05
1.3982923562108756e-05
1.398974508027847e-05
1.3996568322231994e-05
1.4003393287969321e-05
1.4010219977490462e-05
1.4017048390795406e-05
1.4023878527884154e-05
1.4030710388756708e-05
1.4037543973413077e-05
1.826141091605778e-05
1.8269200423109398e-05
1.827699165394482e-05
1.828478460856405e-05
1.8292579286967086e-05
1.8300375689153934e-05
1.830817381512458e-05
1.8315973664879035e-05
1.8323775238417302e-05
1.8331578535739373e-05
1.833938355684525e-05
1.834719030173493e-05
1.8354998770408423e-05
1.8362808962865714e-05
1.8370620879106824e-05
1.837843451913173e-05
1.8386249882940447e-05
1.8394066970532968e-05
1.8401885781909307e-05
1.840970631706944e-05
1.841752857601338e-05
1.842535255874113e-05
1.843317826525269e-05
1.8441005695548052e-05
1.8448834849627224e-05
1.8456665727490198e-05
1.8464498329136983e-05
1.8472332654567577e-05
1.848016870378197e-05
1.848800647678017e-05
1.849584597356218e-05
1.8503687194128003e-05
1.8511530138477624e-05
1.8519374806611054e-05
1.8527221198528285e-05
1.8535069314229335e-05
1.8542919153714183e-05
1.855077071698284e-05
1.85586240040353e-05
1.8566479014871576e-05
1.857433574949165e-05
1.8582194207895533e-05
1.859005439008322e-05
1.8597916296054716e-05
1.8605779925810023e-05
1.8613645279349136e-05
1.8621512356672046e-05
1.8629381157778768e-05
1.8637251682669305e-05
1.864512393134364e-05
1.865299790380178e-05
1.866087360004373e-05
1.8668751020069493e-05
1.867663016387905e-05
1.8684511031472418e-05
1.8692393622849596e-05
1.8700277938010586e-05
1.870816397695537e-05
1.8716051739683967e-05
1.872394122619637e-05
1.8731832436492578e-05
1.8739725370572596e-05
1.874762002843642e-05
1.875551641008405e-05
1.8763414515515482e-05
1.877131434473073e-05
1.877921589772978e-05
1.8787119174512637e-05
1.8795024175079296e-05
1.880293089942977e-05
1.8810839347564045e-05
1.8818749519482126e-05
1.8826661415184015e-05
1.8834575034669715e-05
1.8842490377939217e-05
1.8850407444992527e-05
1.885832623582964e-05
1.8866246750450563e-05
1.8874168988855298e-05
1.888209295104383e-05
1.8890018637016173e-05
1.8897946046772322e-05
1.890587518031228e-05
1.8913806037636044e-05
1.892173861874361e-05
1.8929672923634985e-05
1.8937608952310172e-05
1.8945546704769162e-05
1.8953486181011956e-05
1.8961427381038556e-05
1.8969370304848967e-05
1.8977314952443186e-05
1.898526132382121e-05
1.899320941898304e-05
1.9001159237928673e-05
1.900911078065812e-05
1.9017064047171366e-05
1.902501903746842e-05
1.9032975751549282e-05
1.9040934189413954e-05
2.391462681554246e-05
2.3923541175802387e-05
2.3932457259846114e-05
2.394137506767365e-05
2.395029459928499e-05
2.3959215854680144e-05
2.39681388338591e-05
2.3977063536821862e-05
2.3985989963568428e-05
2.399491811409881e-05
2.4003847988412993e-05
2.401277958651098e-05
2.4021712908392777e-05
2.4030647954058378e-05
2.403958472350779e-05
2.4048523216741004e-05
2.4057463433758027e-05
2.4066405374558858e-05
2.4075349039143494e-05
2.4084294427511938e-05
2.4093241539664186e-05
2.410219037560024e-05
2.4111140935320106e-05
2.4120093218823776e-05
2.412904722611125e-05
2.4138002957182535e-05
2.4146960412037624e-05
2.415591959067652e-05
2.4164880493099226e-05
2.4173843119305732e-05
2.4182807469296047e-05
2.4191773543070174e-05
2.4200741340628102e-05
2.4209710861969838e-05
2.421868210709538e-05
2.4227655076004733e-05
2.4236629768697887e-05
2.4245606185174847e-05
2.4254584325435618e-05
2.4263564189480197e-05
2.427254577730858e-05
2.4281529088920767e-05
2.429051412431676e-05
2.4299500883496564e-05
2.4308489366460174e-05
2.431747957320759e-05
2.432647150373881e-05
2.4335465158053843e-05
2.4344460536152683e-05
2.4353457638035322e-05
2.436245646370177e-05
2.4371457013152024e-05
2.4380459286386094e-05
2.438946328340396e-05
2.4398469004205636e-05
2.4407476448791118e-05
2.441648561716041e-05
2.4425496509313506e-05
2.4434509125250405e-05
2.4443523464971113e-05
2.4452539528475626e-05
2.4461557315763954e-05
2.447057682683608e-05
2.4479598061692018e-05
2.448862102033176e-05
2.4497645702755312e-05
2.4506672108962668e-05
2.451570023895383e-05
2.4524730092728794e-05
2.4533761670287575e-05
2.4542794971630157e-05
2.4551829996756545e-05
2.456086674566674e-05
2.4569905218360747e-05
2.4578945414838552e-05
2.458798733510017e-05
2.4597030979145588e-05
2.4606076346974815e-05
2.4615123438587857e-05
2.4624172253984697e-05
2.4633222793165345e-05
2.46422750561298e-05
2.465132904287807e-05
2.4660384753410136e-05
2.466944218772601e-05
2.467850134582569e-05
2.4687562227709185e-05
2.469662483337648e-05
2.470568916282758e-05
2.4714755216062485e-05
2.47238229930812e-05
2.473289249388373e-05
2.4741963718470056e-05
2.4751036666840192e-05
2.476011133899413e-05
2.4769187734931885e-05
2.477826585465344e-05
2.47873456981588e-05
2.4796427265447968e-05
2.4805510556520947e-05
3.032902886613325e-05
3.033906807960148e-05
3.0349109016853518e-05
3.035915167788936e-05
3.0369196062709006e-05
3.0379242171312465e-05
3.0389290003699728e-05
3.0399339559870796e-05
3.0409390839825673e-05
3.0419443843564357e-05
3.0429498571086847e-05
3.0439555022393138e-05
3.0449613197483244e-05
3.045967309635715e-05
3.0469734719014868e-05
3.0479798065456392e-05
3.0489863135681718e-05
3.0499929929690852e-05
3.0509998447483798e-05
3.052006868906055e-05
3.05301406544211e-05
3.054021434356546e-05
3.055028975649364e-05
3.056036689320561e-05
3.057044575370139e-05
3.058052633798098e-05
3.0590608646044375e-05
3.060069267789158e-05
3.061077843352259e-05
3.0620865912937404e-05
3.063095511613602e-05
3.0641046043118455e-05
3.065113869388469e-05
3.0661233068434733e-05
3.067132916676858e-05
3.068142698888624e-05
3.06915265347877e-05
3.070162780447297e-05
3.071173079794204e-05
3.072183551519493e-05
3.073194195623162e-05
3.074205012105211e-05
3.075216000965641e-05
3.076227162204452e-05
3.0772384958216437e-05
3.078250001817216e-05
3.079261680191169e-05
3.080273530943502e-05
3.081285554074217e-05
3.082297749583312e-05
3.083310117470787e-05
3.084322657736643e-05
3.085335370380881e-05
3.086348255403498e-05
3.087361312804496e-05
3.088374542583875e-05
3.0893879447416343e-05
3.090401519277775e-05
3.0914152661922955e-05
3.092429185485197e-05
3.0934432771564786e-05
3.0944575412061424e-05
3.0954719776341857e-05
3.09648658644061e-05
3.097501367625415e-05
3.0985163211886005e-05
3.0995314471301664e-05
3.100546745450113e-05
3.101562216148441e-05
3.10257785922515e-05
3.1035936746802384e-05
3.104609662513708e-05
3.105625822725557e-05
3.106642155315789e-05
3.1076586602844e-05
3.108675337631392e-05
3.109692187356765e-05
3.1107092094605195e-05
3.1117264039426533e-05
3.112743770803168e-05
3.1137613100420635e-05
3.11477902165934e-05
3.115796905654996e-05
3.1168149620290336e-05
3.1178331907814525e-05
3.1188515919122514e-05
3.1198701654214306e-05
3.1208889113089905e-05
3.121907829574931e-05
3.122926920219253e-05
3.123946183241955e-05
3.124965618643037e-05
3.1259852264225013e-05
3.127005006580346e-05
3.1280249591165713e-05
3.129045084031176e-05
3.130065381324162e-05
3.1310858509955295e-05
3.1321064930452766e-05
3.1331273074734044e-05
