9.465566439691724e-07
9.086982413127176e-07
8.716124591186392e-07
8.352992973869374e-07
7.997587561176123e-07
7.649908353106637e-07
7.309955349660919e-07
6.977728550838966e-07
6.65322795664078e-07
6.336453567066361e-07
6.027405382115709e-07
5.726083401788821e-07
5.432487626085703e-07
5.146618055006347e-07
4.868474688550759e-07
4.5980575267189373e-07
4.335366569510882e-07
4.080401816926593e-07
3.8331632689660707e-07
3.593650925629314e-07
3.361864786916324e-07
3.1378048528271017e-07
2.9214711233616444e-07
2.712863598519952e-07
2.511982278302028e-07
2.3188271627078705e-07
2.1333982517374785e-07
1.9556955453908527e-07
1.7857190436679932e-07
1.6234687465689005e-07
1.4689446540935738e-07
1.3221467662420133e-07
1.1830750830142195e-07
1.0517296044101916e-07
9.281103304299305e-08
8.122172610734353e-08
7.040503963407068e-08
6.036097362317444e-08
5.108952807465485e-08
4.259070298851187e-08
3.4864498364745556e-08
2.7910914203355882e-08
2.1729950504342813e-08
1.632160726770638e-08
1.1685884493446578e-08
7.822782181563413e-09
4.732300332056866e-09
2.4144389449269706e-09
8.691980201737185e-10
9.657755779708113e-11
9.657755779707723e-11
8.691980201737068e-10
2.41443894492697e-09
4.732300332056866e-09
7.822782181563397e-09
1.1685884493446558e-08
1.6321607267706357e-08
2.1729950504342783e-08
2.791091420335585e-08
3.4864498364745556e-08
4.259070298851187e-08
5.108952807465485e-08
6.036097362317444e-08
7.040503963407068e-08
8.122172610734353e-08
9.281103304299305e-08
1.0517296044101916e-07
1.1830750830142195e-07
1.3221467662420133e-07
1.4689446540935738e-07
1.6234687465689005e-07
1.7857190436679932e-07
1.9556955453908527e-07
2.1333982517374785e-07
2.3188271627078705e-07
2.511982278302028e-07
2.7128635985199536e-07
2.9214711233616444e-07
3.1378048528271017e-07
3.361864786916325e-07
3.5936509256293154e-07
3.8331632689660685e-07
4.080401816926592e-07
4.335366569510881e-07
4.598057526718936e-07
4.868474688550757e-07
5.146618055006345e-07
5.4324876260857e-07
5.726083401788821e-07
6.027405382115709e-07
6.336453567066361e-07
6.65322795664078e-07
6.97772855083897e-07
7.309955349660919e-07
7.649908353106639e-07
7.997587561176123e-07
8.352992973869371e-07
8.716124591186392e-07
9.08698241312717e-07
9.465566439691724e-07
9.859379811997204e-07
9.472924119992105e-07
9.094194632610771e-07
8.723191349853203e-07
8.359914271719401e-07
8.004363398209367e-07
7.656538729323098e-07
7.316440265060596e-07
6.98406800542186e-07
6.659421950406893e-07
6.342502100015689e-07
6.033308454248252e-07
5.731841013104584e-07
5.438099776584677e-07
5.152084744688541e-07
4.87379591741617e-07
4.603233294767565e-07
4.3403968767427255e-07
4.085286663341654e-07
3.8379026545643475e-07
3.598244850410808e-07
3.366313250881036e-07
3.1421078559750286e-07
2.9256286656927866e-07
2.716875680034313e-07
2.515848898999606e-07
2.3225483225886638e-07
2.1369739508014884e-07
1.959125783638079e-07
1.7890038210984366e-07
1.6266080631825602e-07
1.47193850989045e-07
1.3249951612221062e-07
1.1857780171775286e-07
1.0542870777567176e-07
9.305223429596728e-08
8.144838127863945e-08
7.061714872368823e-08
6.055853663111368e-08
5.127254500091574e-08
4.275917383309444e-08
3.501842312764981e-08
2.805029288458177e-08
2.185478310389036e-08
1.6431893785575585e-08
1.1781624929637447e-08
7.903976536075922e-09
4.798948604891055e-09
2.4665411360828367e-09
9.067541296512263e-10
1.1958758559624894e-10
1.0504150391790524e-10
8.631158846161949e-10
2.3938107276911182e-09
4.697126033142675e-09
7.773061800970863e-09
1.1621618031175687e-08
1.6242794723757144e-08
2.1636591878715234e-08
2.7803009496049963e-08
3.474204757576132e-08
4.245370611784932e-08
5.0937985122313934e-08
6.01948845891552e-08
7.022440451837309e-08
8.102654490996762e-08
9.260130576393877e-08
1.0494868708028657e-07
1.1806868885901099e-07
1.3196131110011203e-07
1.4662655380358974e-07
1.6206441696944402e-07
1.7827490059767498e-07
1.9525800468828262e-07
2.1301372924126685e-07
2.3154207425662766e-07
2.508430397343652e-07
2.7091662567447935e-07
2.917628320769701e-07
3.133816589418374e-07
3.3577310626908144e-07
3.5893717405870185e-07
3.8287386231069917e-07
4.0758317102507314e-07
4.330651002018237e-07
4.593196498409508e-07
4.863468199424547e-07
5.141466105063351e-07
5.427190215325923e-07
5.720640530212259e-07
6.021817049722363e-07
6.330719773856232e-07
6.647348702613874e-07
6.971703835995271e-07
7.303785174000444e-07
7.643592716629375e-07
7.991126463882074e-07
8.346386415758545e-07
8.709372572258775e-07
9.080084933382779e-07
1.0261525050299214e-06
9.867197692853568e-07
9.480596540031683e-07
9.101721591833566e-07
8.730572848259214e-07
8.367150309308629e-07
8.011453974981811e-07
7.66348384527876e-07
7.323239920199473e-07
6.990722199743957e-07
6.665930683912203e-07
6.348865372704216e-07
6.039526266119999e-07
5.737913364159543e-07
5.444026666822857e-07
5.157866174109936e-07
4.87943188602078e-07
4.6087238025553907e-07
4.3457419237137696e-07
4.0904862494959134e-07
3.842956779901824e-07
3.6031535149315027e-07
3.371076454584945e-07
3.146725598862154e-07
2.93010094776313e-07
2.721202501287873e-07
2.5200302594363816e-07
2.3265842222086563e-07
2.1408643896046972e-07
1.9628707616245054e-07
1.7926033382680791e-07
1.6300621195354194e-07
1.4752471054265264e-07
1.3281582959413988e-07
1.1887956910800382e-07
1.0571592908424436e-07
9.332490952286158e-08
8.170651042385538e-08
7.086073178722585e-08
6.078757361297293e-08
5.1487035901096656e-08
4.2959118651597034e-08
3.520382186447403e-08
2.822114553972765e-08
2.2011089677357904e-08
1.657365427736479e-08
1.1908839339748288e-08
8.016644864508449e-09
4.897070851645263e-09
2.5501173011586793e-09
9.757842130487295e-10
1.7407158731541246e-10
1.449794239587289e-10
8.885077229786789e-10
2.4046564843752625e-09
4.693425708148477e-09
7.754815394298328e-09
1.158882554282481e-08
1.6195456153727927e-08
2.1574707227007684e-08
2.772657876266406e-08
3.465107076069709e-08
4.234818322110673e-08
5.081791614389303e-08
6.006026952905592e-08
7.007524337659549e-08
8.086283768651166e-08
9.242305245880448e-08
1.0475588769347392e-07
1.1786134339052004e-07
1.317394195499428e-07
1.463901161717421e-07
1.618134332559181e-07
1.7800937080247074e-07
1.949779288114e-07
2.1271910728270588e-07
2.312329062163884e-07
2.505193256124476e-07
2.705783654708834e-07
2.914100257916958e-07
3.130143065748848e-07
3.3539120782045027e-07
3.585407295283926e-07
3.824628716987116e-07
4.0715763433140714e-07
4.326250174264793e-07
4.5886502098392816e-07
4.858776450037537e-07
5.136628894859558e-07
5.422207544305344e-07
5.715512398374899e-07
6.016543457068217e-07
6.325300720385309e-07
6.641784188326157e-07
6.965993860890779e-07
7.297929738079161e-07
7.637591819891311e-07
7.984980106327233e-07
8.340094597386912e-07
8.702935293070366e-07
1.067200215459776e-06
1.0269803131711563e-06
9.875330313449128e-07
9.488583699810461e-07
9.10956329079556e-07
8.738269086404427e-07
8.374701086637058e-07
8.018859291493456e-07
7.670743700973621e-07
7.330354315077554e-07
6.99769113380525e-07
6.672754157156715e-07
6.355543385131947e-07
6.04605881773094e-07
5.744300454953705e-07
5.450268296800235e-07
5.16396234327053e-07
4.88538259436459e-07
4.614529050082419e-07
4.351401710424013e-07
4.096000575389374e-07
3.8483256449785025e-07
3.608376919191396e-07
3.376154398028055e-07
3.1516580814884817e-07
2.9348879695726745e-07
2.725844062280633e-07
2.5245263596123585e-07
2.3309348615678495e-07
2.1450695681471078e-07
1.9669304793501316e-07
1.7965175951769222e-07
1.6338309156274793e-07
1.4788704407018023e-07
1.3316361703998917e-07
1.1921281047217473e-07
1.0603462436673697e-07
9.36290587236758e-08
8.199611354299129e-08
7.11357888246834e-08
6.104808456875216e-08
5.173300077519759e-08
4.3190537444019595e-08
3.542069457521825e-08
2.8423472168793524e-08
2.2198870224745443e-08
1.6746888743073965e-08
1.206752772377915e-08
8.160787166860998e-09
5.026667072319442e-09
2.6651674401545186e-09
1.0762882703662282e-09
2.6002956295457157e-10
2.1639131791954827e-10
9.453735352611584e-10
2.446976214979401e-09
4.721199357074278e-09
7.768042961545789e-09
1.1587507028393935e-08
1.6179591557618715e-08
2.1544296549220123e-08
2.7681622003198173e-08
3.4591567919552845e-08
4.227413429828416e-08
5.07293211393921e-08
5.99571284428767e-08
6.995755620873789e-08
8.073060443697575e-08
9.227627312759021e-08
1.0459456228058134e-07
1.1768547189594911e-07
1.3154900197369345e-07
1.4618515251381445e-07
1.6159392351631213e-07
1.777753149811864e-07
1.947293269084373e-07
2.1245595929806485e-07
2.3095521215006906e-07
2.5022708546444987e-07
2.7027157924120725e-07
2.9108869348034134e-07
3.126784281818518e-07
3.350407833457392e-07
3.581757589720032e-07
3.8208335506064384e-07
4.0676357161166103e-07
4.322164086250549e-07
4.584418661008254e-07
4.854399440389726e-07
5.132106424394964e-07
5.417539613023968e-07
5.710699006276735e-07
6.011584604153277e-07
6.320196406653575e-07
6.636534413777648e-07
6.960598625525482e-07
7.292389041897082e-07
7.631905662892454e-07
7.979148488511583e-07
8.334117518754487e-07
1.1090811124892835e-06
1.0680740436566087e-06
1.0278395952863106e-06
9.883777673783887e-07
9.496885599328436e-07
9.117719729496752e-07
8.746280064288835e-07
8.382566603704683e-07
8.026579347744298e-07
7.678318296407682e-07
7.337783449694829e-07
7.004974807605743e-07
6.679892370140426e-07
6.362536137298873e-07
6.052906109081084e-07
5.751002285487063e-07
5.456824666516809e-07
5.170373252170321e-07
4.891648042447602e-07
4.6206490373486466e-07
4.357376236873457e-07
4.101829641022036e-07
3.854009249794379e-07
3.613915063190488e-07
3.381547081210366e-07
3.156905303854009e-07
2.939989731121418e-07
2.730800363012593e-07
2.529337199527535e-07
2.3356002406662432e-07
2.1495894864287176e-07
1.971304936814958e-07
1.8007465918249651e-07
1.6379144514587383e-07
1.4828085157162785e-07
1.3354287845975845e-07
1.195775258102657e-07
1.0638479362314957e-07
9.396468189841008e-08
8.23171906360472e-08
7.1442319836061e-08
6.134006949845143e-08
5.2010439623218485e-08
4.345343021036215e-08
3.566904125988246e-08
2.86572727717794e-08
2.2418124746052947e-08
1.6951597182703156e-08
1.2257690081730045e-08
8.336403443133512e-09
5.187737266913616e-09
2.8116915530703533e-09
1.208266301603723e-09
3.7746151251372636e-10
3.1927718580036324e-10
1.0337133214636333e-09
2.5207699195035368e-09
4.780446979920074e-09
7.812744502713245e-09
1.161766248788305e-08
1.6195200935429482e-08
2.1545359845352557e-08
2.7668139217652257e-08
3.45635390523286e-08
4.223155934938156e-08
5.067220010881118e-08
5.988546133061741e-08
6.987134301480029e-08
8.062984516135978e-08
9.216096777029594e-08
1.0446471084160872e-07
1.1754107437529809e-07
1.3139005837136414e-07
1.4601166282980683e-07
1.6140588775062614e-07
1.7757273313382206e-07
1.9451219897939462e-07
2.1222428528734387e-07
2.307089920576697e-07
2.4996631929037215e-07
2.699962669854513e-07
2.907988351429068e-07
3.1237402376273916e-07
3.3472183284494813e-07
3.578422623895338e-07
3.8173531239649603e-07
4.064009828658349e-07
4.318392737975505e-07
4.580501851916427e-07
4.850337170481115e-07
5.12789869366957e-07
5.41318642148179e-07
5.706200353917782e-07
6.006940490977531e-07
6.315406832661053e-07
6.631599378968337e-07
6.955518129899387e-07
7.287163085454209e-07
7.626534245632789e-07
7.973631610435143e-07
1.1517951961184445e-06
1.1100009607417148e-06
1.0689793458273617e-06
1.028730351375385e-06
9.892539773857848e-07
9.505502238585615e-07
9.126190907937146e-07
8.754605781912445e-07
8.390746860511511e-07
8.034614143734345e-07
7.686207631580942e-07
7.345527324051307e-07
7.01257322114544e-07
6.687345322863337e-07
6.369843629205e-07
6.060068140170429e-07
5.758018855759625e-07
5.463695775972587e-07
5.177098900809317e-07
4.898228230269812e-07
4.6270837643540736e-07
4.363665503062103e-07
4.1079734463938965e-07
3.8600075943494553e-07
3.6197679469287833e-07
3.387254504131877e-07
3.1624672659587357e-07
2.945406232409361e-07
2.736071403483753e-07
2.534462779181912e-07
2.3405803595038363e-07
2.154424144449527e-07
1.9759941340189846e-07
1.805290328212208e-07
1.6423127270291984e-07
1.4870613304699544e-07
1.339536138534477e-07
1.199737151222766e-07
1.0676643685348217e-07
9.433177904706433e-08
8.266974170302312e-08
7.17803248213586e-08
6.166352840207068e-08
5.2319352445159376e-08
4.37477969506247e-08
3.5948861918466675e-08
2.892254734868524e-08
2.266885324128048e-08
1.71877795962524e-08
1.24793264136009e-08
8.543493693326023e-09
5.380281435427789e-09
2.9896896399061848e-09
1.3717183067612142e-09
5.263674359928773e-10
4.536370276011738e-10
1.1535270815861038e-09
2.6260375979476667e-09
4.871168576685863e-09
7.888920017800697e-09
1.1679291921292157e-08
1.6242284287160258e-08
2.1577897115404983e-08
2.7686130406026354e-08
3.456698415902435e-08
4.222045837439898e-08
5.0646553052150253e-08
5.984526819227816e-08
6.981660379478266e-08
8.056055985966384e-08
9.207713638692165e-08
1.0436633337655604e-07
1.1742815082856713e-07
1.3126258874295482e-07
1.4586964711971917e-07
1.612493259588601e-07
1.774016252603777e-07
1.9432654502427197e-07
2.1202408525054283e-07
2.304942459391903e-07
2.4973702709021444e-07
2.69752428703615e-07
2.905404507793924e-07
3.1210109331754645e-07
3.3443435631807716e-07
3.575402397809843e-07
3.814187437062683e-07
4.060698680939289e-07
4.314936129439661e-07
4.576899782563799e-07
4.846589640311704e-07
5.124005702683373e-07
5.409147969678817e-07
5.702016441298015e-07
6.002611117540989e-07
6.310931998407723e-07
6.626979083898223e-07
6.950752374012494e-07
7.282251868750525e-07
7.62147756811233e-07
1.1953424663472588e-06
1.152761064426474e-06
1.1109522829680659e-06
1.0699161219720343e-06
1.0296525814383793e-06
9.90161661367101e-07
9.514433617581992e-07
9.134976826116741e-07
8.763246239275257e-07
8.399241857057542e-07
8.042963679463589e-07
7.694411706493404e-07
7.353585938146986e-07
7.020486374424333e-07
6.695113015325447e-07
6.377465860850326e-07
6.067544910998972e-07
5.765350165771386e-07
5.470881625167567e-07
5.184139289187511e-07
4.905123157831222e-07
4.633833231098702e-07
4.370269508989945e-07
4.1144319915049546e-07
3.8663206786437324e-07
3.625935570406276e-07
3.3932766667925855e-07
3.1683439678026613e-07
2.9511374734365036e-07
2.741657183694113e-07
2.539903098575488e-07
2.3458752180806286e-07
2.159573542209537e-07
1.9809980709622106e-07
1.8101488043386507e-07
1.6470257423388573e-07
1.4916288849628308e-07
1.34395823221057e-07
1.2040137840820753e-07
1.0717955405773471e-07
9.473035016963858e-08
8.305376674391908e-08
7.214980378057615e-08
6.20184612796099e-08
5.265973924102026e-08
4.407363766480725e-08
3.6260156550970837e-08
2.9219295899511105e-08
2.2951055710428055e-08
1.7455435983721585e-08
1.2732436719391735e-08
8.78205791743853e-09
5.6042995778619515e-09
3.1991617006620084e-09
1.566644285838699e-09
7.067473333920232e-10
6.194708433219805e-10
1.3048148156285706e-09
2.762779250311795e-09
4.993364147371654e-09
7.996569506808144e-09
1.1772395328621271e-08
1.6320841612811026e-08
2.164190835937742e-08
2.7735595568320443e-08
3.4601903239640106e-08
4.2240831373336386e-08
5.065237996940932e-08
5.983654902785889e-08
6.979333854868509e-08
8.052274853188792e-08
9.202477897746736e-08
1.0429942988542345e-07
1.173467012557562e-07
1.3116659308846556e-07
1.4575910538355154e-07
1.6112423814101417e-07
1.7726199136085346e-07
1.9417236504306935e-07
2.1185535918766184e-07
2.30310973794631e-07
2.495392088639766e-07
2.6954006439569905e-07
2.903135403897981e-07
3.1185963684627384e-07
3.341783537651261e-07
3.57269691146355e-07
3.811336489899607e-07
4.0577022729594287e-07
4.311794260643018e-07
4.5736124529503733e-07
4.843156849881493e-07
5.120427451436384e-07
5.405424257615034e-07
5.698147268417458e-07
5.998596483843642e-07
6.306771903893592e-07
6.622673528567314e-07
6.946301357864795e-07
7.27765539178605e-07
1.2397229231757267e-06
1.1963543547108871e-06
1.1537584067084238e-06
1.1119350791683372e-06
1.0708843720906273e-06
1.0306062854752939e-06
9.911008193223372e-07
9.523679736317571e-07
9.144077484035535e-07
8.772201436377271e-07
8.408051593342769e-07
8.051627954932033e-07
7.702930521145067e-07
7.361959291981864e-07
7.028714267442428e-07
6.703195447526757e-07
6.385402832234854e-07
6.075336421566717e-07
5.772996215522348e-07
5.478382214101741e-07
5.191494417304906e-07
4.912332825131835e-07
4.640897437582528e-07
4.3771882546569877e-07
4.121205276355216e-07
3.87294850267721e-07
3.6324179336229696e-07
3.399613569192496e-07
3.174535409385788e-07
2.9571834542028476e-07
2.747557703643673e-07
2.545658157708264e-07
2.3514848163966224e-07
2.1650376797087464e-07
1.9863167476446366e-07
1.8153220202042933e-07
1.6520534973877168e-07
1.496511179194906e-07
1.3486950656258623e-07
1.2086051566805846e-07
1.0762414523590731e-07
9.516039526613286e-08
8.346926575873498e-08
7.255075671371372e-08
6.24048681310691e-08
5.303160001080114e-08
4.443095235290975e-08
3.660292515739504e-08
2.954751842425703e-08
2.3264732153495576e-08
1.7754566345110763e-08
1.3017020999102577e-08
9.052096115471032e-09
5.859791694216113e-09
3.44010773533783e-09
1.7930442388361816e-09
9.186012047111653e-10
8.167786329627823e-10
1.487576523591033e-09
2.930994876595918e-09
5.1470336919774355e-09
8.135692969735588e-09
1.189697270987037e-08
1.6430872912381793e-08
2.1737393577269842e-08
2.781653470453453e-08
3.4668296294175844e-08
4.2292678346193804e-08
5.0689680860588376e-08
5.985930383735961e-08
6.980154727650748e-08
8.051641117803194e-08
9.200389554193305e-08
1.0426400036821082e-07
1.1729672565686523e-07
1.311020714078962e-07
1.4568003762130387e-07
1.6103062429708817e-07
1.7715383143524912e-07
1.9404965903578661e-07
2.1171810709870084e-07
2.3015917562399143e-07
2.493728646116589e-07
2.69359174061703e-07
2.9011810397412374e-07
3.11649654348921e-07
3.33953825186095e-07
3.570306164856457e-07
3.808800282475729e-07
4.055020604718768e-07
4.3089671315855733e-07
4.5706398630761436e-07
4.840038799190486e-07
5.117163939928585e-07
5.402015285290459e-07
5.694592835276094e-07
5.994896589885495e-07
6.302926549118667e-07
6.618682712975598e-07
6.942165081456304e-07
1.2849365666038477e-06
1.240780831594953e-06
1.1973977170484349e-06
1.1547872229642934e-06
1.1129493493425284e-06
1.0718840961831401e-06
1.0315914634861281e-06
9.920714512514933e-07
9.533240594792348e-07
9.153492881693533e-07
8.781471373218482e-07
8.417176069367197e-07
8.06060697013968e-07
7.711764075535926e-07
7.370647385555942e-07
7.037256900199722e-07
6.711592619467269e-07
6.393654543358582e-07
6.08344267187366e-07
5.780957005012507e-07
5.486197542775119e-07
5.199164285161499e-07
4.919857232171644e-07
4.6482763838055546e-07
4.3844217400632326e-07
4.128293300944677e-07
3.879891066449887e-07
3.6392150365788635e-07
3.406265211331606e-07
3.1810415907081155e-07
2.9635441747083905e-07
2.7537729633324326e-07
2.55172795658024e-07
2.3574091544518146e-07
2.170816556947156e-07
1.991950164066263e-07
1.8208099758091363e-07
1.657395992175776e-07
1.5017082131661826e-07
1.353746638780355e-07
1.2135112690182935e-07
1.0810021038799995e-07
9.56219143365471e-08
8.391623874747087e-08
7.298318362077127e-08
6.282274895644833e-08
5.3434934754501963e-08
4.4819741014932285e-08
3.6977167737739305e-08
2.990721492292289e-08
2.3609882570483092e-08
1.8085170680419943e-08
1.3333079252733416e-08
9.353608287423528e-09
6.14675778449027e-09
3.7125277439336488e-09
2.050918165753659e-09
1.1619290499503028e-09
1.0455603965235799e-09
1.7018122054734911e-09
3.130684476800035e-09
5.332177210503214e-09
8.306290406583023e-09
1.2053024065039474e-08
1.6572378185872545e-08
2.1864352769082265e-08
2.7928947814668604e-08
3.4766163322631585e-08
4.2375999292971185e-08
5.0758455725687444e-08
5.991353262078032e-08
6.984122997824982e-08
8.054154779809597e-08
9.201448608031877e-08
1.0426004482491818e-07
1.172782240318942e-07
1.3106902370124688e-07
1.456324438329762e-07
1.609684844270822e-07
1.7707714548356472e-07
1.9395842700242395e-07
2.1161232898365957e-07
2.3003885142727206e-07
2.492379943332612e-07
2.6920975770162696e-07
2.8995414153236927e-07
3.114711458254883e-07
3.3376077058098395e-07
3.568230157988563e-07
3.806578814791052e-07
4.052653676217307e-07
4.306454742267328e-07
4.5679820129411197e-07
4.83723548823867e-07
5.114215168159994e-07
5.398921052705079e-07
5.69135314187393e-07
5.991511435666553e-07
6.299395934082934e-07
6.61500663712309e-07
1.3309833966316218e-06
1.2860404950786725e-06
1.2418702139880993e-06
1.1984725533599025e-06
1.1558475131940829e-06
1.1139950934906395e-06
1.0729152942495729e-06
1.0326081154708827e-06
9.930735571545695e-07
9.54311619300633e-07
9.163223019090728e-07
8.791056049798893e-07
8.426615285130828e-07
8.069900725086522e-07
7.720912369665989e-07
7.37965021886922e-07
7.046114272696215e-07
6.720304531146979e-07
6.402220994221509e-07
6.091863661919805e-07
5.789232534241867e-07
5.494327611187698e-07
5.207148892757292e-07
4.927696378950654e-07
4.655970069767781e-07
4.391969965208677e-07
4.135696065273337e-07
3.8871483699617635e-07
3.6463268792739563e-07
3.4132315932099157e-07
3.187862511769641e-07
2.9702196349531334e-07
2.7603029627603923e-07
2.5581124951914167e-07
2.3636482322462083e-07
2.1769101739247655e-07
1.997898320227089e-07
1.8266126711531788e-07
1.6630532267030353e-07
1.507219986876658e-07
1.3591129516740475e-07
1.2187321210952032e-07
1.0860774951401251e-07
9.611490738088134e-08
8.439468571012677e-08
7.344708450174884e-08
6.32721037557475e-08
5.3869743472122857e-08
4.52400036508749e-08
3.7382884292003505e-08
3.029838539550874e-08
2.3986506961390604e-08
1.8447248989649118e-08
1.3680611480284247e-08
9.68659443329602e-09
6.465197848684425e-09
4.016421726449462e-09
2.3402660665911323e-09
1.436730869109436e-09
1.305816134004373e-09
1.9475218612759442e-09
3.36184805092415e-09
5.548794702948987e-09
8.508361817350461e-09
1.2240549394128563e-08
1.6745357433283306e-08
2.2022785934814673e-08
2.8072834898722686e-08
3.489550432500732e-08
4.24907942136686e-08
5.0858704564706514e-08
5.999923537812103e-08
6.991238665391221e-08
8.059815839208003e-08
9.205655059262448e-08
1.0428756325554552e-07
1.1729119638084323e-07
1.310674499685176e-07
1.456163240185686e-07
1.609378185309961e-07
1.7703193350580037e-07
1.938986689429811e-07
2.1153802484253862e-07
2.2995000120447277e-07
2.4913459802878357e-07
2.6909181531547086e-07
2.898216530645349e-07
3.113241112759756e-07
3.335991899497929e-07
3.566468890859868e-07
3.8046720868455747e-07
4.0506014874550446e-07
4.3042570926882874e-07
4.5656389025452883e-07
4.834746917026062e-07
5.111581136130598e-07
5.396141559858899e-07
5.688428188210972e-07
5.988441021186803e-07
6.296180058786408e-07
