1.743474977864334e-10
1.6737430942480888e-10
1.6054343102974812e-10
1.5385486260125114e-10
1.4730860413931792e-10
1.4090465564394848e-10
1.3464301711514276e-10
1.2852368855290086e-10
1.2254666995722267e-10
1.167119613281083e-10
1.1101956266555765e-10
1.0546947396957084e-10
1.0006169524014774e-10
9.479622647728841e-11
8.967306768099283e-11
8.469221885126104e-11
7.9853679988093e-11
7.515745109148875e-11
7.060353216144825e-11
6.61919231979715e-11
6.192262420105852e-11
5.779563517070934e-11
5.381095610692391e-11
4.996858700970221e-11
4.6268527879044315e-11
4.271077871495017e-11
3.92953395174198e-11
3.6022210286453194e-11
3.289139102205034e-11
2.990288172421126e-11
2.7056682392935948e-11
2.43527930282244e-11
2.1791213630076616e-11
1.93719441984926e-11
1.7094984733472346e-11
1.4960335235015866e-11
1.2967995703123144e-11
1.111796613779419e-11
9.410246539029002e-12
7.844836906827579e-12
6.421737241189922e-12
5.140947542116037e-12
4.0024678096059115e-12
3.006298043659551e-12
2.152438244276957e-12
1.4408884114581283e-12
8.716485452030626e-13
4.447186455117663e-13
1.6009871238423754e-13
1.7788745820471077e-14
1.7788745820470358e-14
1.6009871238423536e-13
4.447186455117662e-13
8.716485452030626e-13
1.4408884114581248e-12
2.152438244276953e-12
3.0062980436595466e-12
4.002467809605906e-12
5.140947542116031e-12
6.421737241189922e-12
7.844836906827579e-12
9.410246539029002e-12
1.111796613779419e-11
1.2967995703123144e-11
1.4960335235015866e-11
1.7094984733472346e-11
1.93719441984926e-11
2.1791213630076616e-11
2.43527930282244e-11
2.7056682392935948e-11
2.990288172421126e-11
3.289139102205034e-11
3.6022210286453194e-11
3.92953395174198e-11
4.271077871495017e-11
4.6268527879044315e-11
4.9968587009702236e-11
5.381095610692391e-11
5.779563517070934e-11
6.192262420105855e-11
6.619192319797153e-11
7.060353216144822e-11
7.515745109148872e-11
7.985367998809299e-11
8.469221885126102e-11
8.967306768099281e-11
9.479622647728839e-11
1.000616952401477e-10
1.054694739695708e-10
1.1101956266555765e-10
1.167119613281083e-10
1.2254666995722267e-10
1.285236885529009e-10
1.3464301711514276e-10
1.4090465564394853e-10
1.4730860413931792e-10
1.5385486260125108e-10
1.6054343102974812e-10
1.6737430942480883e-10
1.743474977864334e-10
3.282994337282826e-07
3.2803619001459937e-07
3.2777308861088266e-07
3.275101295171324e-07
3.2724731273334886e-07
3.2698463825953187e-07
3.2672210609568144e-07
3.264597162417976e-07
3.2619746869788016e-07
3.2593536346392945e-07
3.2567340053994526e-07
3.254115799259276e-07
3.2514990162187654e-07
3.24888365627792e-07
3.246269719436741e-07
3.2436572056952274e-07
3.241046115053379e-07
3.238436447511196e-07
3.235828203068679e-07
3.2332213817258284e-07
3.2306159834826433e-07
3.2280120083391227e-07
3.2254094562952687e-07
3.22280832735108e-07
3.220208621506557e-07
3.217610338761699e-07
3.2150134791165074e-07
3.212418042570982e-07
3.209824029125121e-07
3.207231438778927e-07
3.2046402715323964e-07
3.202050527385533e-07
3.199462206338336e-07
3.196875308390803e-07
3.194289833542936e-07
3.191705781794735e-07
3.1891231531462e-07
3.1865419475973305e-07
3.183962165148127e-07
3.181383805798587e-07
3.178806869548715e-07
3.1762313563985075e-07
3.173657266347966e-07
3.1710845993970897e-07
3.1685133555458795e-07
3.1659435347943353e-07
3.163375137142457e-07
3.160808162590243e-07
3.158242611137695e-07
3.155678482784813e-07
3.1531157775315966e-07
3.150554495378046e-07
3.14799463632416e-07
3.1454362003699407e-07
3.142879187515387e-07
3.140323597760499e-07
3.1377694311052766e-07
3.135216687549719e-07
3.132665367093828e-07
3.130115469737602e-07
3.127566995481042e-07
3.125019944324147e-07
3.1224743162669184e-07
3.1199301113093556e-07
3.1173873294514585e-07
3.1148459706932264e-07
3.11230603503466e-07
3.109767522475759e-07
3.107230433016524e-07
3.1046947666569553e-07
3.102160523397051e-07
3.099627703236813e-07
3.097096306176241e-07
3.094566332215334e-07
3.092037781354093e-07
3.089510653592517e-07
3.0869849489306077e-07
3.084460667368363e-07
3.081937808905785e-07
3.079416373542871e-07
3.0768963612796235e-07
3.074377772116042e-07
3.0718606060521265e-07
3.0693448630878764e-07
3.066830543223291e-07
3.0643176464583723e-07
3.0618061727931184e-07
3.059296122227531e-07
3.056787494761608e-07
3.0542802903953516e-07
3.051774509128761e-07
3.049270150961836e-07
3.0467672158945755e-07
3.0442657039269816e-07
3.0417656150590534e-07
3.0392669492907907e-07
3.036769706622194e-07
3.034273887053262e-07
3.031779490583996e-07
3.029286517214396e-07
1.2873039104129283e-06
1.286784396173923e-06
1.2862650242448847e-06
1.2857457946258128e-06
1.2852267073167077e-06
1.2847077623175691e-06
1.284188959628397e-06
1.2836702992491916e-06
1.2831517811799525e-06
1.2826334054206804e-06
1.2821151719713743e-06
1.2815970808320349e-06
1.2810791320026622e-06
1.280561325483256e-06
1.2800436612738166e-06
1.2795261393743437e-06
1.279008759784837e-06
1.2784915225052974e-06
1.277974427535724e-06
1.2774574748761168e-06
1.2769406645264768e-06
1.2764239964868032e-06
1.2759074707570962e-06
1.2753910873373555e-06
1.2748748462275815e-06
1.2743587474277743e-06
1.2738427909379335e-06
1.2733269767580593e-06
1.2728113048881514e-06
1.2722957753282101e-06
1.2717803880782356e-06
1.2712651431382276e-06
1.2707500405081863e-06
1.2702350801881113e-06
1.269720262178003e-06
1.2692055864778615e-06
1.2686910530876862e-06
1.2681766620074774e-06
1.2676624132372354e-06
1.26714830677696e-06
1.2666343426266512e-06
1.2661205207863089e-06
1.265606841255933e-06
1.2650933040355237e-06
1.2645799091250811e-06
1.2640666565246053e-06
1.2635535462340952e-06
1.2630405782535524e-06
1.2625277525829758e-06
1.262015069222366e-06
1.2615025281717228e-06
1.2609901294310461e-06
1.260477873000336e-06
1.2599657588795924e-06
1.2594537870688154e-06
1.2589419575680046e-06
1.258430270377161e-06
1.2579187254962835e-06
1.2574073229253728e-06
1.2568960626644286e-06
1.256384944713451e-06
1.2558739690724398e-06
1.2553631357413953e-06
1.2548524447203172e-06
1.254341896009206e-06
1.253831489608061e-06
1.2533212255168827e-06
1.252811103735671e-06
1.252301124264426e-06
1.2517912871031475e-06
1.2512815922518353e-06
1.25077203971049e-06
1.2502626294791108e-06
1.2497533615576986e-06
1.2492442359462528e-06
1.2487352526447737e-06
1.2482264116532612e-06
1.247717712971715e-06
1.2472091566001356e-06
1.2467007425385226e-06
1.2461924707868763e-06
1.2456843413451963e-06
1.245176354213483e-06
1.2446685093917364e-06
1.2441608068799563e-06
1.2436532466781427e-06
1.2431458287862958e-06
1.2426385532044153e-06
1.2421314199325016e-06
1.2416244289705543e-06
1.2411175803185732e-06
1.240610873976559e-06
1.2401043099445115e-06
1.2395978882224306e-06
1.239091608810316e-06
1.2385854717081683e-06
1.2380794769159867e-06
1.2375736244337722e-06
1.2370679142615238e-06
1.236562346399242e-06
2.8771877775517227e-06
2.8764119927873963e-06
2.8756363503330364e-06
2.874860850188643e-06
2.874085492354216e-06
2.8733102768297553e-06
2.872535203615261e-06
2.871760272710734e-06
2.8709854841161735e-06
2.8702108378315796e-06
2.869436333856952e-06
2.8686619721922916e-06
2.8678877528375967e-06
2.867113675792869e-06
2.866339741058108e-06
2.8655659486333133e-06
2.8647922985184857e-06
2.8640187907136238e-06
2.863245425218729e-06
2.8624722020338007e-06
2.8616991211588387e-06
2.8609261825938437e-06
2.8601533863388147e-06
2.859380732393752e-06
2.858608220758656e-06
2.8578358514335272e-06
2.8570636244183647e-06
2.856291539713169e-06
2.8555195973179396e-06
2.854747797232677e-06
2.8539761394573805e-06
2.8532046239920513e-06
2.8524332508366883e-06
2.8516620199912917e-06
2.8508909314558616e-06
2.8501199852303985e-06
2.849349181314902e-06
2.8485785197093713e-06
2.847808000413808e-06
2.847037623428211e-06
2.8462673887525803e-06
2.8454972963869154e-06
2.844727346331218e-06
2.843957538585487e-06
2.843187873149723e-06
2.8424183500239252e-06
2.841648969208094e-06
2.8408797307022294e-06
2.8401106345063317e-06
2.8393416806204e-06
2.8385728690444353e-06
2.8378041997784367e-06
2.837035672822405e-06
2.8362672881763397e-06
2.835499045840241e-06
2.834730945814109e-06
2.8339629880979436e-06
2.8331951726917444e-06
2.8324274995955125e-06
2.8316599688092455e-06
2.8308925803329463e-06
2.8301253341666135e-06
2.8293582303102473e-06
2.828591268763848e-06
2.827824449527415e-06
2.827057772600949e-06
2.8262912379844486e-06
2.8255248456779153e-06
2.8247585956813485e-06
2.8239924879947482e-06
2.823226522618115e-06
2.822460699551448e-06
2.8216950187947472e-06
2.8209294803480134e-06
2.820164084211246e-06
2.8193988303844452e-06
2.818633718867611e-06
2.8178687496607422e-06
2.8171039227638413e-06
2.8163392381769065e-06
2.8155746958999386e-06
2.8148102959329372e-06
2.8140460382759024e-06
2.813281922928834e-06
2.8125179498917325e-06
2.811754119164597e-06
2.8109904307474287e-06
2.810226884640227e-06
2.8094634808429914e-06
2.8087002193557224e-06
2.80793710017842e-06
2.8071741233110845e-06
2.806411288753715e-06
2.8056485965063122e-06
2.8048860465688762e-06
2.804123638941406e-06
2.803361373623903e-06
2.802599250616366e-06
2.801837269918797e-06
2.8010754315311935e-06
5.097951035144667e-06
5.096918979855019e-06
5.0958870668753375e-06
5.094855296205622e-06
5.093823667845874e-06
5.092792181796091e-06
5.091760838056276e-06
5.090729636626427e-06
5.089698577506544e-06
5.088667660696629e-06
5.08763688619668e-06
5.086606254006697e-06
5.085575764126682e-06
5.0845454165566326e-06
5.083515211296549e-06
5.082485148346433e-06
5.081455227706283e-06
5.0804254493761e-06
5.079395813355883e-06
5.078366319645634e-06
5.077336968245351e-06
5.076307759155033e-06
5.075278692374683e-06
5.0742497679042986e-06
5.0732209857438815e-06
5.07219234589343e-06
5.071163848352946e-06
5.070135493122429e-06
5.069107280201878e-06
5.0680792095912935e-06
5.067051281290676e-06
5.066023495300025e-06
5.0649958516193396e-06
5.063968350248622e-06
5.06294099118787e-06
5.061913774437085e-06
5.060886699996267e-06
5.059859767865415e-06
5.05883297804453e-06
5.057806330533611e-06
5.056779825332658e-06
5.055753462441672e-06
5.054727241860653e-06
5.053701163589601e-06
5.0526752276285145e-06
5.051649433977396e-06
5.0506237826362425e-06
5.049598273605057e-06
5.0485729068838365e-06
5.047547682472584e-06
5.0465226003712974e-06
5.045497660579977e-06
5.0444728630986235e-06
5.043448207927237e-06
5.0424236950658164e-06
5.041399324514363e-06
5.040375096272876e-06
5.0393510103413555e-06
5.038327066719802e-06
5.037303265408213e-06
5.036279606406592e-06
5.0352560897149375e-06
5.03423271533325e-06
5.033209483261528e-06
5.032186393499774e-06
5.031163446047985e-06
5.030140640906164e-06
5.02911797807431e-06
5.028095457552421e-06
5.027073079340499e-06
5.026050843438544e-06
5.025028749846555e-06
5.024006798564533e-06
5.022984989592478e-06
5.021963322930389e-06
5.020941798578266e-06
5.01992041653611e-06
5.01889917680392e-06
5.017878079381696e-06
5.016857124269441e-06
5.015836311467151e-06
5.014815640974828e-06
5.0137951127924716e-06
5.012774726920082e-06
5.011754483357659e-06
5.010734382105202e-06
5.009714423162712e-06
5.008694606530188e-06
5.00767493220763e-06
5.00665540019504e-06
5.005636010492417e-06
5.004616763099759e-06
5.003597658017068e-06
5.002578695244344e-06
5.0015598747815865e-06
5.000541196628794e-06
4.999522660785968e-06
4.998504267253111e-06
4.99748601603022e-06
4.996467907117295e-06
7.949593683191759e-06
7.94830535737679e-06
7.947017173871786e-06
7.945729132676749e-06
7.94444123379168e-06
7.943153477216577e-06
7.94186586295144e-06
7.94057839099627e-06
7.939291061351065e-06
7.938003874015826e-06
7.936716828990558e-06
7.935429926275252e-06
7.934143165869915e-06
7.932856547774543e-06
7.931570071989135e-06
7.9302837385137e-06
7.928997547348227e-06
7.927711498492724e-06
7.926425591947184e-06
7.925139827711612e-06
7.923854205786007e-06
7.92256872617037e-06
7.921283388864698e-06
7.91999819386899e-06
7.918713141183253e-06
7.917428230807482e-06
7.916143462741676e-06
7.914858836985837e-06
7.913574353539964e-06
7.912290012404057e-06
7.911005813578117e-06
7.909721757062145e-06
7.90843784285614e-06
7.907154070960099e-06
7.905870441374027e-06
7.904586954097919e-06
7.90330360913178e-06
7.902020406475605e-06
7.900737346129399e-06
7.899454428093159e-06
7.898171652366886e-06
7.896889018950579e-06
7.895606527844237e-06
7.894324179047863e-06
7.893041972561456e-06
7.891759908385015e-06
7.89047798651854e-06
7.889196206962033e-06
7.887914569715491e-06
7.886633074778917e-06
7.885351722152305e-06
7.884070511835663e-06
7.882789443828988e-06
7.88150851813228e-06
7.880227734745538e-06
7.878947093668763e-06
7.877666594901955e-06
7.876386238445112e-06
7.875106024298238e-06
7.873825952461328e-06
7.872546022934385e-06
7.871266235717408e-06
7.8699865908104e-06
7.868707088213356e-06
7.86742772792628e-06
7.866148509949171e-06
7.864869434282029e-06
7.863590500924853e-06
7.862311709877641e-06
7.861033061140397e-06
7.85975455471312e-06
7.85847619059581e-06
7.857197968788467e-06
7.85591988929109e-06
7.85464195210368e-06
7.853364157226235e-06
7.852086504658758e-06
7.850808994401247e-06
7.849531626453702e-06
7.848254400816124e-06
7.846977317488513e-06
7.845700376470868e-06
7.844423577763191e-06
7.84314692136548e-06
7.841870407277734e-06
7.840594035499957e-06
7.83931780603214e-06
7.838041718874296e-06
7.836765774026417e-06
7.835489971488504e-06
7.834214311260561e-06
7.832938793342581e-06
7.831663417734568e-06
7.830388184436523e-06
7.829113093448442e-06
7.827838144770328e-06
7.826563338402183e-06
7.825288674344003e-06
7.82401415259579e-06
7.822739773157543e-06
1.1432115721693002e-05
1.1430571125352712e-05
1.1429026671322386e-05
1.1427482359602028e-05
1.1425938190191637e-05
1.142439416309121e-05
1.1422850278300752e-05
1.142130653582026e-05
1.1419762935649736e-05
1.1418219477789177e-05
1.1416676162238583e-05
1.1415132988997957e-05
1.1413589958067298e-05
1.1412047069446605e-05
1.1410504323135876e-05
1.1408961719135116e-05
1.1407419257444323e-05
1.1405876938063498e-05
1.1404334760992638e-05
1.1402792726231744e-05
1.1401250833780817e-05
1.1399709083639858e-05
1.1398167475808864e-05
1.1396626010287837e-05
1.1395084687076777e-05
1.1393543506175683e-05
1.1392002467584556e-05
1.1390461571303395e-05
1.13889208173322e-05
1.1387380205670973e-05
1.1385839736319712e-05
1.1384299409278418e-05
1.138275922454709e-05
1.1381219182125728e-05
1.1379679282014332e-05
1.1378139524212906e-05
1.1376599908721443e-05
1.1375060435539948e-05
1.137352110466842e-05
1.1371981916106858e-05
1.1370442869855263e-05
1.1368903965913634e-05
1.1367365204281972e-05
1.1365826584960276e-05
1.1364288107948548e-05
1.1362749773246785e-05
1.1361211580854987e-05
1.1359673530773159e-05
1.1358135623001296e-05
1.1356597857539399e-05
1.1355060234387465e-05
1.1353522753545502e-05
1.1351985415013504e-05
1.1350448218791475e-05
1.1348911164879411e-05
1.1347374253277315e-05
1.1345837483985184e-05
1.134430085700302e-05
1.1342764372330824e-05
1.1341228029968592e-05
1.1339691829916329e-05
1.1338155772174032e-05
1.1336619856741701e-05
1.1335084083619335e-05
1.1333548452806938e-05
1.1332012964304507e-05
1.1330477618112042e-05
1.1328942414229544e-05
1.1327407352657013e-05
1.1325872433394446e-05
1.132433765644185e-05
1.1322803021799217e-05
1.1321268529466552e-05
1.1319734179443853e-05
1.131819997173112e-05
1.1316665906328356e-05
1.1315131983235556e-05
1.1313598202452722e-05
1.1312064563979857e-05
1.1310531067816959e-05
1.1308997713964025e-05
1.1307464502421058e-05
1.130593143318806e-05
1.1304398506265026e-05
1.130286572165196e-05
1.1301333079348859e-05
1.1299800579355721e-05
1.1298268221672553e-05
1.1296736006299353e-05
1.129520393323612e-05
1.1293672002482852e-05
1.1292140214039552e-05
1.129060856790622e-05
1.128907706408285e-05
1.128754570256945e-05
1.1286014483366016e-05
1.1284483406472546e-05
1.1282952471889047e-05
1.1281421679615512e-05
1.1279891029651942e-05
1.5545517150648396e-05
1.5543716283782782e-05
1.5541915559227136e-05
1.5540114976981454e-05
1.553831453704574e-05
1.5536514239419996e-05
1.5534714084104216e-05
1.5532914071098404e-05
1.5531114200402557e-05
1.5529314472016674e-05
1.552751488594076e-05
1.552571544217481e-05
1.5523916140718833e-05
1.5522116981572817e-05
1.5520317964736765e-05
1.5518519090210685e-05
1.551672035799457e-05
1.5514921768088423e-05
1.551312332049224e-05
1.5511325015206024e-05
1.5509526852229778e-05
1.5507728831563497e-05
1.550593095320718e-05
1.5504133217160833e-05
1.550233562342445e-05
1.550053817199803e-05
1.5498740862881585e-05
1.5496943696075103e-05
1.5495146671578586e-05
1.5493349789392037e-05
1.5491553049515453e-05
1.548975645194884e-05
1.548795999669219e-05
1.5486163683745506e-05
1.548436751310879e-05
1.548257148478204e-05
1.5480775598765257e-05
1.547897985505844e-05
1.547718425366159e-05
1.5475388794574704e-05
1.547359347779779e-05
1.547179830333084e-05
1.5470003271173855e-05
1.5468208381326837e-05
1.5466413633789788e-05
1.5464619028562703e-05
1.5462824565645583e-05
1.5461030245038434e-05
1.545923606674125e-05
1.5457442030754032e-05
1.5455648137076775e-05
1.5453854385709492e-05
1.5452060776652175e-05
1.5450267309904822e-05
1.5448473985467434e-05
1.5446680803340017e-05
1.5444887763522566e-05
1.544309486601508e-05
1.544130211081756e-05
1.5439509497930007e-05
1.543771702735242e-05
1.5435924699084804e-05
1.543413251312715e-05
1.5432340469479464e-05
1.5430548568141744e-05
1.5428756809113993e-05
1.5426965192396206e-05
1.5425173717988385e-05
1.5423382385890534e-05
1.5421591196102646e-05
1.5419800148624725e-05
1.5418009243456773e-05
1.5416218480598785e-05
1.5414427860050763e-05
1.541263738181271e-05
1.5410847045884622e-05
1.5409056852266504e-05
1.540726680095835e-05
1.5405476891960162e-05
1.5403687125271942e-05
1.5401897500893686e-05
1.54001080188254e-05
1.5398318679067077e-05
1.5396529481618722e-05
1.5394740426480333e-05
1.5392951513651912e-05
1.5391162743133452e-05
1.5389374114924964e-05
1.538758562902644e-05
1.5385797285437885e-05
1.5384009084159298e-05
1.5382221025190676e-05
1.538043310853202e-05
1.537864533418333e-05
1.5376857702144608e-05
1.5375070212415852e-05
1.537328286499706e-05
1.5371495659888237e-05
1.5369708597089382e-05
1.5367921676600492e-05
2.028979797005794e-05
2.0287740832667003e-05
2.0285683837586034e-05
2.028362698481503e-05
2.0281570274354e-05
2.027951370620293e-05
2.027745728036183e-05
2.0275400996830693e-05
2.0273344855609523e-05
2.0271288856698322e-05
2.0269233000097086e-05
2.0267177285805815e-05
2.0265121713824515e-05
2.0263066284153177e-05
2.0261010996791803e-05
2.02589558517404e-05
2.0256900848998964e-05
2.0254845988567495e-05
2.0252791270445994e-05
2.025073669463446e-05
2.0248682261132887e-05
2.024662796994128e-05
2.0244573821059646e-05
2.0242519814487976e-05
2.024046595022627e-05
2.0238412228274534e-05
2.0236358648632762e-05
2.023430521130096e-05
2.0232251916279123e-05
2.0230198763567252e-05
2.0228145753165346e-05
2.0226092885073408e-05
2.0224040159291438e-05
2.0221987575819433e-05
2.0219935134657397e-05
2.0217882835805325e-05
2.021583067926322e-05
2.0213778665031082e-05
2.021172679310891e-05
2.0209675063496702e-05
2.0207623476194465e-05
2.0205572031202195e-05
2.020352072851989e-05
2.0201469568147547e-05
2.019941855008518e-05
2.0197367674332772e-05
2.019531694089033e-05
2.019326634975786e-05
2.0191215900935354e-05
2.0189165594422814e-05
2.0187115430220234e-05
2.0185065408327626e-05
2.0183015528744987e-05
2.0180965791472315e-05
2.017891619650961e-05
2.0176866743856867e-05
2.0174817433514093e-05
2.0172768265481288e-05
2.0170719239758448e-05
2.0168670356345572e-05
2.0166621615242664e-05
2.0164573016449725e-05
2.016252455996675e-05
2.016047624579374e-05
2.0158428073930703e-05
2.0156380044377626e-05
2.015433215713452e-05
2.015228441220138e-05
2.01502368095782e-05
2.0148189349264994e-05
2.014614203126175e-05
2.0144094855568477e-05
2.0142047822185168e-05
2.014000093111183e-05
2.0137954182348453e-05
2.0135907575895042e-05
2.01338611117516e-05
2.0131814789918123e-05
2.0129768610394616e-05
2.0127722573181074e-05
2.0125676678277496e-05
2.0123630925683887e-05
2.0121585315400243e-05
2.0119539847426566e-05
2.0117494521762858e-05
2.0115449338409115e-05
2.0113404297365333e-05
2.011135939863152e-05
2.0109314642207678e-05
2.01072700280938e-05
2.010522555628989e-05
2.0103181226795947e-05
2.0101137039611968e-05
2.0099092994737956e-05
2.0097049092173917e-05
2.0095005331919835e-05
2.0092961713975725e-05
2.0090918238341583e-05
2.0088874905017403e-05
2.008683171400319e-05
2.5664958179921623e-05
2.5662644772005365e-05
2.5660331506399075e-05
2.5658018383102753e-05
2.56557054021164e-05
2.5653392563440007e-05
2.5651079867073582e-05
2.5648767313017126e-05
2.5646454901270635e-05
2.5644142631834112e-05
2.5641830504707554e-05
2.5639518519890964e-05
2.563720667738434e-05
2.5634894977187682e-05
2.5632583419300986e-05
2.563027200372426e-05
2.5627960730457503e-05
2.562564959950071e-05
2.5623338610853886e-05
2.562102776451703e-05
2.561871706049014e-05
2.561640649877321e-05
2.5614096079366254e-05
2.5611785802269262e-05
2.5609475667482238e-05
2.560716567500518e-05
2.5604855824838085e-05
2.5602546116980962e-05
2.5600236551433805e-05
2.559792712819661e-05
2.559561784726938e-05
2.5593308708652124e-05
2.559099971234483e-05
2.5588690858347505e-05
2.5586382146660143e-05
2.5584073577282753e-05
2.5581765150215327e-05
2.5579456865457866e-05
2.557714872301037e-05
2.5574840722872846e-05
2.5572532865045286e-05
2.557022514952769e-05
2.5567917576320065e-05
2.5565610145422403e-05
2.556330285683471e-05
2.5560995710556984e-05
2.5558688706589223e-05
2.5556381844931424e-05
2.55540751255836e-05
2.5551768548545737e-05
2.5549462113817836e-05
2.5547155821399906e-05
2.5544849671291948e-05
2.5542543663493954e-05
2.5540237798005922e-05
2.5537932074827862e-05
2.5535626493959766e-05
2.553332105540164e-05
2.5531015759153477e-05
2.5528710605215282e-05
2.5526405593587053e-05
2.5524100724268788e-05
2.552179599726049e-05
2.5519491412562166e-05
2.5517186970173803e-05
2.5514882670095404e-05
2.5512578512326977e-05
2.551027449686851e-05
2.5507970623720017e-05
2.5505666892881488e-05
2.5503363304352923e-05
2.5501059858134327e-05
2.5498756554225696e-05
2.5496453392627032e-05
2.5494150373338334e-05
2.5491847496359604e-05
2.548954476169084e-05
2.548724216933204e-05
2.5484939719283212e-05
2.5482637411544347e-05
2.5480335246115448e-05
2.5478033222996517e-05
2.5475731342187554e-05
2.5473429603688555e-05
2.5471128007499525e-05
2.546882655362046e-05
2.5466525242051356e-05
2.5464224072792224e-05
2.5461923045843057e-05
2.545962216120386e-05
2.5457321418874626e-05
2.545502081885536e-05
2.5452720361146062e-05
2.5450420045746732e-05
2.5448119872657364e-05
2.5445819841877964e-05
2.5443519953408532e-05
2.5441220207249065e-05
2.543892060339957e-05
2.5436621141860035e-05
