nan
nan
nan
nan
nan
nan
nan
nan
nan
nan
0.08587936755812478
0.08565749356394109
0.08546347038834262
0.08531812097518482
0.08523519869106241
0.08522180630039727
0.08527853003512331
0.08539931334280806
0.08557105739823036
0.08577290631573636
0.08673675933661655
0.08645205007039837
0.0861999860139297
0.08600252405277421
0.08587403576168068
0.08582185999336076
0.08584654422486404
0.08594182264660087
0.08609432362501081
0.08628300073908578
0.08802261036542064
0.08765329547599991
0.08731817466837508
0.08704340009213721
0.08684549593952892
0.08673285178884436
0.08670642092208806
0.0867600077462009
0.08688019505560064
0.08704597178241535
0.08953683698114029
0.08911373875555936
0.08869896724072764
0.08833867329612878
0.08805783330268736
0.08786911890513577
0.08777556900136586
0.08777195946252517
0.08784531052699909
0.08797484947975784
0.09088085490436565
0.09061406167079908
0.09018892409188212
0.08977006575758972
0.08941258799060914
0.08914335617431621
0.08897258180008606
0.08889850586624415
0.08891061660227932
0.08898701273693863
nan
0.09176893936185357
0.09152173038883707
0.09116332977464747
0.09079278910208674
0.09046154268185402
0.09021635782059079
0.09006525821865252
0.0900017239391046
0.0900065578921451
nan
nan
nan
0.09222261105110502
0.09199260786413735
0.09168671801294451
0.09140447002389829
0.09118537608681188
0.09103974613848617
0.09086521025770464
nan
nan
nan
nan
nan
0.09259849936193743
0.09239272800789704
0.09216414878506235
0.09196193968877574
0.09179500474492641
nan
nan
nan
nan
nan
nan
0.09289770000330291
0.09280154977888475
0.09261492841658214
0.09238517780579625
