0.7092906616642431
0.7093774976674537
0.7094626092676165
0.7095459941877363
0.7096276501399138
0.7097075748293272
0.7097857660040031
0.7098622214406801
0.7099369389355604
0.7100099163103328
0.7100811514160803
0.7101506421289335
0.7102183863486351
0.7102843820019714
0.7103486270382218
0.7104111194318643
0.710471857178189
0.7105308382959832
0.7105880608238297
0.710643522822636
0.7106972223708025
0.7107491575673462
0.7107993265270965
0.7108477273849382
0.710894358289656
0.7109392174071658
0.7109823029176832
0.7110236130157319
0.7110631459089287
0.711100899817585
0.7111368729746603
0.7111710636236306
0.7112034700187762
0.7112340904236363
0.71126292311307
0.7112899663683239
0.7113152184795082
0.7113386777450608
0.7113603424695438
0.7113802109641562
0.7113982815468727
0.7114145525394824
0.7114290222708193
0.7114416890731043
0.7114525512833859
0.7114616072426907
0.7114688552949588
0.7114742937889283
0.7114779210741782
0.7114797355027123
0.7114797354377529
0.7114779192245463
0.7114742852374176
0.7114688318291253
0.7114615573665259
0.7114524602146098
0.7114415387404469
0.7114287913127612
0.7114142163007946
0.711397812076101
0.7113795770103517
0.7113595094774834
0.7113376078526588
0.7113138705114008
0.711288295831622
0.7112608821916033
0.7112316279717256
0.7112005315540337
0.7111675913209556
0.7111328056580961
0.7110961729519829
0.7110576915906215
0.7110173599653213
0.7109751764680964
0.7109311394931229
0.710885247438549
0.7108374987023136
0.7107878916867574
0.7107364247956603
0.7106830964355875
0.7106279050143625
0.7105708489440582
0.7105119266371784
0.7104511365091919
0.7103884769765055
0.7103239464574513
0.7102575433704205
0.7101892661336382
0.7101191131644534
0.7100470828791016
0.709973173689112
0.7098973839970155
0.7098197121974856
0.7097401566806568
0.7096587158105375
0.709575387910123
0.7094901712926817
0.7094030642270991
0.7093140647714299
0.7092231709952325
0.7092998232216068
0.7093930492070317
0.7094832099513829
0.7095695032184764
0.709652493971682
0.7097335349817404
0.7098136283097216
0.7098928860546142
0.7099708425039785
0.7100470203521161
0.710121220766736
0.7101934724060909
0.7102638618141063
0.7103324340067824
0.7103991892899058
0.7104641148248784
0.7105272035436478
0.7105884547379907
0.7106478690012463
0.7107054458330246
0.710761184074047
0.7108150827529842
0.7108671412456534
0.7109173590319641
0.7109657355178121
0.7110122700462836
0.7110569619644332
0.7110998106618668
0.7111408155579808
0.7111799760789087
0.7112172916461479
0.7112527616761675
0.7112863855868679
0.7113181628016673
0.7113480927484456
0.7113761748586297
0.7114024085635763
0.7114267932949165
0.7114493284825473
0.7114700135553749
0.7114888479413088
0.711505831066295
0.7115209623553804
0.7115342412307245
0.711545667112919
0.7115552394194703
0.7115629575651783
0.7115688209608994
0.711572829015765
0.7115749811341118
nan
0.7115737151680686
0.7115702958718956
0.7115650182190474
0.7115578816004174
0.7115488853960016
0.7115380289841341
0.7115253117397689
0.7115107330343903
0.7114942922357048
0.7114759887079187
0.7114558218130391
0.7114337909092943
0.7114098953530277
0.7113841344988037
0.711356507698279
0.7113270143024673
0.7112956536610533
0.7112624251225608
0.7112273280348159
0.7111903617469113
0.7111515256075086
0.7111108189677617
0.7110682411813526
0.7110237916052478
0.7109774695993248
0.7109292745258093
0.7108792057490988
0.7108272626372142
0.7107734445675232
0.7107177509288488
0.7106601811218927
0.7106007345473286
0.7105394105945051
0.7104762086527403
0.7104111281549403
0.7103441686069707
0.7102753295010661
0.7102046101434153
0.7101320097306802
0.7100575279699949
0.709981165665305
0.7099029237108131
0.7098227998455177
0.7097407859120894
0.7096568712535877
0.7095710556907358
0.7094833647000716
0.7093938451971226
0.7093025285016474
0.7094122892948945
0.7095109039339943
0.7096075508939249
0.7097021063726933
0.7097944955443677
0.709884821720423
0.709973041139013
0.7100594143755741
0.7101441635204941
0.7102263163986209
0.7103038667345217
0.7103770145045374
0.7104511466384134
0.7105338196945608
0.7106271685666904
0.7107245394291124
0.7108141466989926
0.7108851306211352
0.7109340066108834
0.7109690783453507
0.7110046672953024
0.7110489604537915
0.7111012946923208
0.7111570173985062
0.7112118204372324
0.7112635083063084
0.7113117987168116
0.7113572907408299
0.7114006052571948
0.7114420537730549
0.7114816814188477
0.7115194217358395
0.7115552079719701
0.7115890097892724
0.7116208254575564
0.7116506638678618
0.7116785330488438
0.7117044369991019
0.7117283769177718
0.711750353210088
0.7117703666841847
0.711788418829143
0.711804511612847
0.7118186471795324
0.7118308276422927
0.7118410549912341
0.7118493310873253
0.7118556576884084
0.7118600364782375
nan
nan
nan
nan
nan
nan
0.7118362824214087
0.7118251346446475
0.7118120524939439
0.7117970372707018
0.7117800902387332
0.7117612126254649
0.711740405623858
0.711717670392749
0.7116930080574733
0.7116664197077872
0.7116379063915392
0.7116074691036884
0.7115751087722008
0.711540826245814
0.7115046222986865
0.7114664976686577
0.7114264531458114
0.7113844897040403
0.7113406086058232
0.7112948113445468
0.7112470992583199
0.7111974727745277
0.7111459306805973
0.7110924704407352
0.7110370909627162
0.7109797982158318
0.710920610771241
0.7108595571941031
0.7107966547265167
0.7107318668422
0.7106650617471495
0.710596026058638
0.7105245962483145
0.7104509106609325
0.7103756480602942
0.7102999951934126
0.7102251262542331
0.7101512467615737
0.7100767471627432
0.7099984942391104
0.7099136931414393
0.7098218386512075
0.7097249580009768
0.7096262469108535
0.7095282310650362
0.7096275173242099
0.7097313525174279
0.7098251196297265
0.7099403421918911
0.7100473816069489
0.7101507010909369
0.7102514615812374
0.7103495700239583
0.7104450991557846
0.7105380968209882
0.7106285617252045
0.7107167361138519
0.7108022087263616
0.7108852792438842
0.7109659676687078
0.7110442414128568
0.7111201197793798
0.7111936185554584
0.7112647476990774
0.7113335199283012
0.71139995216676
0.7114640526293693
0.7115258283038848
0.7115852995030955
0.7116424788077771
0.711697367305666
0.711750009777464
0.7118004631690397
0.7118485905183822
0.7118939419189834
0.7119361398224505
0.7119756023049532
0.7120139665149724
0.7120535553273001
0.7120956536267493
0.712139407349087
0.7121828022550172
0.7122240638455163
0.7122614796712925
0.7122923557748531
0.7123138957424671
0.7123257909003102
0.7123306811679883
0.7123320766229302
0.7123325690528493
0.7123334297411635
0.7123349552799726
nan
nan
nan
nan
nan
nan
nan
nan
nan
nan
nan
nan
nan
0.7122379294806063
0.7122156828824997
0.7121912274943002
0.7121645732559063
0.7121357413772261
0.7121047746142349
0.7120717521171707
0.7120368092230711
0.7120001616379268
0.7119621316635976
0.71192317119898
0.7118838715400712
0.7118449424811242
0.7118071320051237
0.7117710454727585
0.7117368240309728
0.7117036957802939
0.7116695805447756
0.711631173493406
0.7115848660830705
0.7115280809563975
0.7114600229698319
0.7113816275181335
0.7112952531121761
0.7112043416288922
0.711112887784317
0.7110245784346952
0.7109416579819632
0.7108640079533064
0.7107892481139062
0.7107140476249026
0.7106358137949306
0.7105536587860576
0.7104681470112607
0.7103802945880864
0.7102907300323842
0.7101995163857302
0.7101064637669305
0.7100114515030669
0.7099144751188219
0.7097299285489169
0.7098759018046255
0.7100175066445884
0.7101551080661521
0.7102877753188158
0.7104153414782778
0.7105432606042494
0.7106654043781523
0.7107833989161856
0.7108979284654893
0.7110089610352501
0.7111160665883147
0.7112202581429355
0.7113220652548657
0.7114193086058314
0.7115135280279122
0.7116045949550641
0.7116925351057015
0.7117773426863665
0.7118592911357947
0.7119381273036041
0.712013745142125
0.7120866113709456
0.7121565494053402
0.7122236216402666
0.7122878464096011
0.7123492643867939
0.7124079041601405
0.712463792057768
0.7125169579448347
0.7125674314033518
0.7126152351677334
0.7126603913827483
0.7127029317917357
0.712742883074243
0.7127802586713721
0.7128150784544899
0.7128473776669585
0.7128771823774918
0.7129044934809442
0.7129293126793961
0.712951674304408
0.7129716323167272
0.7129892140958238
0.7130043986281105
nan
nan
nan
nan
nan
nan
nan
nan
nan
nan
nan
nan
nan
nan
nan
nan
nan
nan
nan
nan
0.7127893830631393
0.7127554050038778
0.7127193704059812
0.7126812645499043
0.7126410675851647
0.7125987554954984
0.7125543033277134
0.7125076904076658
0.712458906331974
0.7124079557318517
0.7123548596097391
0.7122996517925831
0.7122423708283998
0.7121830498360616
0.7121217083768774
0.7120583501128757
0.711992967432786
0.711925550445305
0.7118560952588905
0.7117846069094027
0.7117110962195217
0.7116355740795389
0.7115580459315787
0.7114785135581582
0.7113969784009891
0.7113134444569235
0.7112279169419987
0.7111404020061289
0.71105090266117
0.7109594219859103
0.7108659646818561
0.7107705166535221
0.7106732188040326
0.7105738364228266
0.7104723858382621
0.7088914150021124
0.7092947144998965
0.7095354023850523
0.709774765288543
0.7099979533832739
0.7102252846090379
0.7104416372750129
0.7105281896126847
0.7105984635829228
0.7108170235657915
0.711135769585543
0.7113658740157554
0.7114305748612735
0.7115326208192433
0.7116860842590573
0.7118286008117035
0.7119572423587461
0.7120811532530718
0.7122000461371958
0.7123136743920173
0.7124223338651369
0.7125261993384625
0.7126254314085614
0.7127201696320768
0.7128105138437604
0.7128966143746511
0.7129785361511812
0.7130566772585386
0.7131307688744362
0.713200781744352
0.7132672166345525
0.7133299590939304
0.7133890984193691
0.7134447437882921
0.7134965198129681
0.7135450667447202
0.7135914239218305
0.7136338625782849
0.7136725889548473
0.7137083708902385
0.7137410604787724
0.7137706779307422
0.713797276699825
nan
nan
nan
nan
nan
nan
nan
nan
nan
nan
nan
nan
nan
nan
nan
nan
nan
nan
nan
nan
nan
nan
nan
nan
nan
nan
nan
nan
nan
0.713352829414143
0.7133006759136994
0.713246384292778
0.7131899406092536
0.7131312821432356
0.7130704105188967
0.7130073970676656
0.7129422720872353
0.7128750071186996
0.7128055984566017
0.7127340741289507
0.7126604459650819
0.712584716491751
0.7125068951673443
0.7124269895721919
0.712345007264463
0.7122609564665079
0.712174843894612
0.7120866760667
0.7119964594585191
0.71190420608813
0.7118098992703779
0.7117136744914032
0.7116154880894251
0.711514890385428
0.7114125105494529
0.711308151334734
0.7112017949214152
nan
nan
nan
nan
nan
nan
nan
0.7063740895081376
0.7063996409156182
0.7093371646670726
0.7092773743347804
0.7096773642827509
0.7105452099813568
0.7103883592348891
0.7101562107303624
0.7108350546040685
0.7111662687371784
0.7118291653782396
0.7118958300161666
0.7120974008918628
0.7123210355967419
0.7124382740892237
0.7126293700223585
0.7127980033475484
0.7129576179311374
0.7131062798724273
0.7132479191767814
0.7133803524339384
0.713504435503262
0.7136348630423266
0.7137718205503578
0.7137632256771098
0.7136550463643502
0.7138102268044038
0.7139910544414109
0.7141509655575029
0.7142643485715705
0.7143153976870567
0.7143607219578061
0.8220045209357603
0.8220786928553865
0.8221547999279921
0.8222324606863478
0.822309824735099
0.8223869147870462
0.8224636659002611
nan
nan
nan
nan
nan
nan
nan
nan
nan
0.823184110002678
0.8232498082842064
nan
nan
nan
nan
nan
nan
nan
nan
nan
nan
nan
nan
nan
nan
nan
nan
nan
0.8241769545702292
0.8242136542194205
0.8242488221184865
0.8242824707723666
0.7139698469726111
0.7139016950871664
0.7138312430470397
0.7137585152549625
0.7136835304527007
0.7136062990601563
0.7135268257367576
0.7134451098796912
0.713361148619172
0.7132749450942016
0.7131865146485115
0.7130958948709183
0.7130031360940584
0.7129082929712969
0.7128113823262225
0.7127125811536765
0.7126128495693641
0.7125097164184611
0.7123969662725382
0.7122846510429178
0.7121808167553001
0.7120735675945908
nan
nan
nan
nan
nan
nan
nan
nan
nan
nan
nan
nan
nan
nan
nan
nan
nan
nan
nan
nan
nan
nan
nan
nan
nan
nan
nan
0.7120088728595352
0.7122970204388039
0.7125886728995057
0.7128602743865214
0.7131531376053803
0.7132911552005774
0.7135320895537723
0.7137344145577829
0.7139226855601862
0.7141134999347699
0.7141894566773107
0.8196660711178341
0.8197027843269776
nan
nan
nan
nan
0.819962751323463
0.8200229574663622
0.8200849701715085
0.8201483947568899
0.8202130958488586
0.820278882354726
0.8203452122223348
0.8204121112349991
0.8204812504056161
0.8205523003496805
nan
nan
nan
nan
nan
0.8210600551718492
0.8211578617358672
0.8212118168051443
0.8212449750830089
0.8212753637717086
0.8213132081165522
0.8213617448011579
0.8214181519696246
0.8214767537717644
nan
nan
nan
nan
nan
nan
nan
nan
nan
nan
nan
0.822074589316624
0.8221171691315671
0.8221584031407316
0.8221982783217746
0.8222369180645799
0.8222742889756007
0.8223104499235785
0.822345933504068
0.7142631792963434
0.7141694774160556
0.714076319772706
0.7139811322659874
0.7138836183115058
0.7137835648112081
0.7136809197910041
0.7135765400271112
0.7134699601090735
0.7133610714999836
0.7132499807482404
0.7131367768359889
0.7130214610144701
nan
nan
nan
nan
nan
nan
nan
nan
nan
nan
nan
nan
nan
nan
nan
nan
nan
nan
nan
nan
nan
nan
nan
nan
nan
nan
nan
nan
nan
nan
nan
nan
nan
nan
nan
nan
nan
nan
nan
nan
nan
nan
nan
nan
nan
nan
nan
nan
nan
nan
nan
nan
nan
nan
nan
nan
nan
0.8189880170709853
0.8190297429313201
0.8190737933644012
0.8191196544166515
0.81916726067786
0.8192160314965979
0.8192648042099235
0.8193154125684756
0.8193695447975834
0.8194235338911919
0.819476042900443
0.8195291117658581
0.8195827829112668
0.8196365505195233
nan
nan
nan
nan
nan
nan
0.820009756947739
0.8200616756451766
0.8201130533443434
0.8201638182086526
0.8202139373071472
0.8202633866975819
0.8203121624845319
0.8203602654978607
0.8204076592326635
0.8204542643053419
0.8204999724775712
0.8205446710038501
0.8205882712993893
0.8206307249105376
nan
0.7146247424726804
0.7145218620670785
0.7144280891688044
0.7143439524789126
0.7142030081077302
0.7140857935188716
0.7139771174380072
0.7138572026654408
nan
nan
nan
nan
nan
nan
nan
nan
nan
nan
nan
nan
nan
nan
nan
nan
nan
nan
nan
nan
nan
nan
nan
nan
nan
nan
nan
nan
nan
nan
nan
nan
nan
nan
nan
nan
nan
nan
nan
nan
nan
nan
nan
nan
nan
nan
nan
nan
nan
nan
nan
nan
nan
nan
nan
nan
nan
nan
nan
nan
nan
nan
nan
0.8184962855405737
0.8184766904329115
0.8184667513280962
0.81846315065163
0.8184639470129238
0.8184684279342812
0.8184767348749449
0.8184893685026806
0.81850664106597
0.8185282733600279
0.8185533737897733
0.8185807823135166
0.8186095763818417
0.818639326124897
0.8186700775591632
0.818702055822258
nan
nan
nan
nan
nan
nan
nan
0.8190021630323455
0.819043640022519
0.8190856428799778
0.8191281140495082
0.8191709051968116
0.8192140069392011
0.8192574022748949
0.8193009867596595
0.8193442554249928
0.8193858080761445
0.8194257702372394
0.8194660299926968
0.8195100438609259
0.8195564600073987
