nan
nan
nan
nan
nan
nan
nan
nan
nan
nan
nan
nan
nan
nan
nan
nan
nan
nan
nan
nan
nan
nan
nan
0.07945635951430818
0.07944646350259107
0.07943685649978785
0.07942754871561317
0.07941855112673343
0.07940987261836091
0.07940152295054735
0.07939351197908681
0.07938584581579591
0.07937853564098601
0.07937158738244054
0.07936500771411172
0.07935880562431048
0.0793529868684211
0.0793475565329149
0.07934252071335599
0.07933788513931278
0.07933365469876441
0.07932983378290465
0.07932642644365456
0.07932343636509405
0.07932086683151551
0.079318720721544
0.07931700050945836
0.07931570826368248
0.07931484564965298
0.07931441392564101
0.0793144139471714
0.07931484614932977
0.0793157105753137
0.07931700684639648
0.07931873417566039
0.07932089136346193
0.07932347679372072
0.0793264884349554
0.07932992383907404
0.07933378013559882
0.07933805399576757
0.07934274159234801
0.07934783874088787
0.0793533412825754
0.07935924468132226
0.07936554251695635
0.07937222800513444
0.0793792968995351
0.0793867418665345
0.07939455380148269
0.0794027281052274
0.0794112541292353
0.0794201243403358
0.07942932981533729
0.07943886037861303
0.0794487065861274
0.07945885766919218
0.07946930270498404
0.07948003026668117
0.07949102836451713
0.07950228455679866
0.07951378586424585
0.07952551882241471
0.07953746943968962
0.07954962319401225
0.07956196504021174
0.07957447938842035
0.07958715011412297
0.07959996053958751
0.07961289341788674
0.07962593095890105
0.07963905474485229
nan
nan
nan
nan
nan
nan
nan
nan
0.08009262133031353
0.08007735009845274
0.08006199908668027
0.08004659026176092
0.0800311445692809
0.08001568302791026
0.08000022623454395
0.07998479247656182
0.0799694028721505
0.07995407586849881
0.07993882989298091
0.07992368289611261
0.07990865236556852
0.07989375530989928
0.0798790082744196
0.07986442732731946
0.0798500280747527
0.07983582566847341
0.07982183478817749
0.07980806968511245
0.07979454410463205
0.07978127140077579
0.07976826441779533
0.0797555356166425
0.07974309719175263
0.07973095978354179
0.07971913663840456
0.07970763480738392
0.07969646926931606
0.07968564524607781
0.0796751743875972
0.07966506782538779
0.07965532681132252
0.07964596884326253
0.07963699835550823
0.07962841714979538
0.07962023548739894
0.07961246166021482
0.0796051007552443
0.07959815781423382
0.07959163800410905
0.07958554607311355
0.07957988628962097
0.07957466249830496
0.07956987813011801
0.07956553619678369
0.07956163928874017
0.07955818957491209
0.079555188802168
0.0795526382950824
0.07955053895489672
0.07954889125866257
0.07954769525951719
0.0795469505847721
0.07954665643469949
0.07954681158167477
0.07954741436874299
0.07954846270832941
0.07954995408058292
0.07955188552948203
0.07955425365831498
0.07955705464492005
0.0795602842765223
0.07956393779626739
0.07956800945919762
0.07957249337858244
0.07957738596365886
0.07958268169954709
0.07958836781926476
0.0795944392922269
0.07960089239656609
0.07960771169683128
0.07961489509735029
0.07962242866872693
0.07963030511072641
0.07963851316063442
0.07964704246210988
0.07965588164865453
0.07966501906039022
0.07967444253713767
0.07968413929588956
0.07969409615336147
0.07970429939465289
0.0797147347567662
0.0797253874812967
0.07973624225849286
0.07974728326242814
0.07975849411606459
0.07976985789647612
0.07978135712690144
0.07979297377852038
0.07980468923788832
0.07981648435446012
0.07982833899739353
0.07984023387727854
0.07985214717582992
0.07986405741358842
0.07987594270604167
0.07988778021798718
0.07989954663532131
0.08103677801787051
0.08101479725196356
0.08099276828248249
0.08097072561098141
0.08094867153850288
0.08092664026975431
0.08090465095352112
0.0808827218871346
0.08086087257386146
0.08083913586971252
0.08081744311046471
0.08079603960311571
0.08077473228164686
0.08075358077644594
0.08073262073480514
0.080711875354563
0.08069135679304852
0.08067107989828973
0.08065106031636585
0.08063131279487705
0.08061185154639938
0.08059269189731608
0.08057384429956688
0.0805553211335843
0.08053714965317099
0.08051930241936132
0.08050185976359935
0.08048472858910408
0.08046807412763285
0.08045178437833855
0.08043583525701253
0.08042034317122407
0.08040527182667359
0.08039063118340103
0.0803764319153018
0.08036267900477682
0.08034938037301498
0.08033654262908044
0.08032417184270582
0.08031227382162698
0.08030085390588979
0.0802899169850278
0.08027946751808943
0.0802695095293318
0.08026004660681052
0.0802510819027688
0.08024261813416278
0.08023465758280268
0.08022720209526496
0.08022025308267443
0.08021381152098962
0.08020787794991205
0.0802024524734321
0.08019753475919178
0.08019312403783493
0.08018921910223792
0.08018581830623922
0.08018291956434329
0.08018052035055184
0.0801786176969582
0.08017720819278719
0.08017628798248058
0.08017585276360291
0.08017589778528691
0.0801764178603506
0.08017740732916322
0.08017886000167254
0.0801807695682964
0.08018312880688203
0.08018592916725586
0.080189167364382
0.08019281957999494
0.0801968816138607
0.08020140187136823
0.08020627779973966
0.08021155423885334
0.08021719821821163
0.08022321778011915
0.08022958166365812
0.08023629470435789
0.08024333268405459
0.08025068768441462
0.08025834450995227
0.08026628927421564
0.08027450705307126
0.08028298272818461
0.08029170049399027
0.08030064411802058
0.08030979678641056
0.08031914119643185
0.0803286594970516
0.08033833329086582
0.080348143707155
0.08035807076991161
0.08036809522427905
0.08037819930678994
0.08038835672720403
0.08039853034254288
0.08040877945868094
0.08041894809480693
0.08241191789177642
0.08238146623919779
0.08235105775588847
0.08232064630872474
0.08229020386334664
0.0822597924364773
0.08222943621099829
0.08219916145962977
0.08216899366573369
0.08213895838670139
0.08210908142221394
0.0820793877991807
0.08204990062564757
0.08202064011614607
0.08199162078184671
0.08196285158921354
0.08193433682416848
0.08190605443379921
0.08187802110178621
0.08185035825424984
0.08182286596101351
0.08179518669060945
0.08176968047922474
0.08174263365109251
0.08171651104751088
0.08169134289250486
0.0816662971820282
0.0816416865227795
0.08161750708041468
0.08159365448271569
0.08157015793802713
0.08154706092586525
0.08152444317370072
0.08150238863762935
0.0814809535847274
0.08146014856983674
0.08143994097199021
0.0814202753638228
0.08140110090847556
0.08138239259183491
0.08136415761469801
0.08134642644654208
0.08132923569897287
0.08131261294219619
0.08129657041285265
0.08128110804285299
0.08126622105074428
0.0812519063763942
0.08123816490385205
0.08122500002063465
0.08121241505881491
0.08120041180472597
0.08118899059783333
0.08117815117006634
0.08116789316925052
0.08115821603403071
0.08114911860357696
0.08114059898784298
0.08113265481597712
0.08112528355452164
0.08111848253510649
0.08111224865312236
0.08110657802765306
0.0811014659391566
0.08109690709818054
0.08109289599824705
0.08108942704700353
0.08108649438742191
0.08108409158264825
0.0810822114407764
0.08108084609631022
0.08107998723877066
0.08107962624154866
0.08107975429045941
0.08108036138546379
0.08108143923071424
0.08108297221487319
0.08108495776325111
0.08108737959915294
0.08109011761445367
0.08109338213164904
0.08109718509447852
0.08110123957502877
0.08110560622659232
0.08111039205049729
0.08111551940634826
0.08112096509148062
0.08112669207252887
0.0811327932903898
0.08113903468880235
0.08114597203006219
0.08115257926992991
0.08115964805128242
0.08116692397104454
0.08117438029463284
0.08118200802248493
0.0811897834513357
0.08119768618450329
0.08120569468740096
0.08121378731087903
0.08408968293402805
0.0840332102523653
0.08398152008380447
0.08393310525308788
0.08389699026853326
0.08384485616340331
0.08380059913204307
0.08376194946834839
0.08372238264189852
0.08368335958967207
0.08364488326126326
0.08360686436956603
0.08356920958985387
0.08353200269928848
0.08349537508202934
0.08345922404175021
0.0834209689755668
0.08339012383167732
0.08335078427118199
0.08331794487130192
0.08328052847516661
0.08324588417350194
0.0832114044939963
0.08317724839743254
0.083143569990199
0.08311025212684425
0.08307734883651754
0.08304486435784778
0.08301281229978752
0.08298120551480705
0.08295005747533152
0.08291938068528282
0.08288918870789963
0.08285949364012117
0.0828303074005766
0.08280164193623675
0.08277350777940257
0.0827459148376635
0.08271887875145373
0.08269239440336087
0.08266649640057847
0.082641156976283
0.08261639545676416
0.082592288007837
0.0825687528154967
0.08254581243948966
0.08252349357330704
0.08250179396497592
0.0824807181988571
0.08246027139972412
0.08244045700182823
0.08242127811179481
0.08240273741284437
0.08238483704704239
0.08236757863366849
0.08235096327916075
0.0823349915768234
0.08231966360904652
0.08230497894880041
0.0822909366607972
0.08227753530377961
0.08226477293153882
0.08225264709473554
0.08224115484650427
0.08223029275369324
0.08222005689111571
0.08221044275835535
0.08220144509301651
0.08219305807859208
0.08218527676519083
0.08217809701984045
0.08217150757023597
0.08216549141879698
0.08216006293405723
0.08215522106210635
0.08215084956220542
0.08214708509242405
0.08214415093175009
0.08214145646154095
0.08213912296776171
0.0821375313902458
0.08213632329521704
0.08213566468570395
0.08213544266208256
0.08213570061087114
0.08213637760347273
0.08213736090896037
0.08213848156431955
0.08214112983328453
0.08214320362076766
0.08214594290868385
0.0821490442955854
0.08215242860380953
0.08215610113632636
0.08216007829793248
0.08216432920537885
0.08216878585567854
0.08217347888001489
0.08217853168245343
0.08218374340933615
0.0854295881606453
0.08352269011416005
0.08431081166921191
0.08606851006082863
0.08375237404134292
0.0854775619518012
0.08524666901134521
0.08484735860958145
0.08535580462593978
0.08545405317802332
0.08518549953667892
0.08520768086647271
0.08514572222999275
0.08509306658989517
0.0850484128571379
0.08499863175937666
0.08494934359278067
0.0849021794734422
0.08486153396396863
0.0848238182540065
0.08477584557642186
0.08474395683054922
0.08470578422419242
0.08464386187989709
0.08461708143561525
0.08460783559631904
0.08457920780091131
0.08453289828640809
0.08449118713895798
0.08445602197498125
0.08442102207295604
0.0843850545513282
0.08434931443550073
0.08431422123277203
0.08427981907462165
0.08424584608899313
0.08421197709285187
0.08417859432061117
0.08414560438105681
0.0841130366927008
0.08408091326095468
0.08404925138842603
0.08401806755067207
0.08398737727338682
0.08395719601763077
0.08392753867028953
0.08389841974566661
0.0838698531034256
0.08384185144832387
0.08381442619926005
0.0837875877065519
0.08376134594696419
0.0837357108729838
0.08371069178285058
0.08368629661701385
0.08366253245051525
0.08363940589013973
0.08361692270212566
0.08359508796365991
0.08357390555277965
0.08355338095460735
0.08353351401899335
0.08351430581066382
0.08349577351235815
0.08347788745048784
0.08346066209229482
0.08344414240297482
0.08342824418356673
0.083412963142806
0.08339843154918924
0.08338458504746221
0.08337120728234883
0.08335836595511241
0.08334636995785752
0.08333532278948638
0.08332500062222836
0.08331513187316944
0.08330564129263157
0.08329664011501389
0.0832882710225842
0.0832805946215249
0.08327358435314525
0.0832671781175901
0.08326132304065664
0.0832559907540364
0.08325117272155225
0.0832468685843965
0.08324307765744399
0.0832397951532376
0.08323701133411157
0.0832347128558952
0.0832328819237063
0.08323148343621092
0.08323042808868628
0.08322948458977661
0.08322531501337586
0.08323104416751383
0.08323110437024825
0.08323197833656285
0.08323343997308144
nan
nan
nan
nan
nan
nan
nan
nan
nan
nan
nan
nan
nan
nan
0.08612216313488559
0.08611853371082367
0.08611045421434912
0.08615153964258174
0.08614514102057473
0.08629039930467325
0.0865758101602872
0.08586704994341021
0.08487387466866843
0.08524767993594048
0.08568255517641832
0.0854379027705138
0.08553133857440653
0.08561320817135928
0.08559197888523765
0.08559174049077786
0.08559302891995388
0.08559016505190982
0.0855882490502452
0.08558669886796635
0.08558372995682592
0.08555912782977902
0.0855210444635951
0.08550043939000437
0.08547254265903842
0.08544677865860645
0.08541904098132688
0.08539107993666653
0.08536241943702204
0.08533333469482166
0.08530389013508984
0.0852741875583626
0.08524430258514311
0.08521432068499177
0.08518431103184558
0.08515433723868257
0.08512446073056226
0.08509473288933393
0.08506520281606139
0.08503592292862358
0.08500692130339801
0.08497825206332077
0.08494993543043686
0.08492201424050133
0.0848945104859452
0.0848674569003805
0.08484087215075667
0.0848147826142427
0.08478920701946438
0.08476416443608575
0.08473967191991706
0.08471574262670692
0.08469239301535461
0.08466963161010313
0.08464747199836678
0.08462592120317164
0.08460498823948673
0.08458467944816786
0.08456500016633862
0.08454595488139581
0.08452754668146217
0.0845097776878826
0.08449264915407029
0.08447616031707136
0.08446031060449219
0.08444509939201642
0.08443051495430742
0.08441657214464285
0.08440321648338935
0.08439058510489617
0.08437843205883744
0.08436667875623752
0.08435586310122022
0.08434558010219056
0.08432907858420924
0.08433864267529126
0.08431957571197249
0.08431263330637861
0.08430604208271603
0.0842988292065911
0.08429247356222226
0.08428693333667986
0.08428194973395281
0.08427759068193663
0.0842738034528431
0.08427060621411574
nan
nan
nan
nan
nan
nan
nan
nan
nan
nan
nan
nan
nan
nan
nan
nan
nan
nan
nan
nan
nan
nan
nan
nan
nan
nan
nan
nan
nan
nan
nan
0.08659733359527552
0.0865667946042443
0.08652238375655763
0.08641281407653809
0.08632433826560723
0.08629233952925495
0.08587817851405097
0.08597837069722947
0.0860287427597081
0.08478955413819511
0.08546217571264514
0.08575260699040968
0.0859327892737847
0.08580396889104958
0.08598826585380347
0.08600676747138843
0.08606490401214276
0.08607733856624059
0.08610218282053392
0.08612135408154864
0.08612863200174808
0.08613118675626606
0.0861273087923655
0.08611810987459151
0.08610519702922555
0.08608871077020241
0.08606956818451733
0.08604815125380957
0.08602495568626445
0.08600041020792451
0.08597482838066493
0.0859484681700612
0.08592155588946349
0.0858942832217652
0.08586674646369774
0.08583914437059323
0.08581153401679786
0.08578402922980022
0.08575670571835228
0.08572962336449548
0.08570283935216565
0.08567640569315915
0.08565035752406497
0.08562475347599525
0.08559961468466543
0.08557488382775474
0.08555119494974803
0.08552592325857997
0.08550353480672135
0.08548102644786543
0.085459344024158
0.08543766215631426
0.08541703546032514
0.08539668429855521
0.08537706654374383
0.08535798421376317
0.08533951065726544
0.08532157804352027
0.08530438567142658
0.08528715631531587
0.08527049370105497
0.08525740874462721
0.08522653301589439
0.08525921195606383
0.08523655909896374
0.08521399681661808
0.08519076532575491
0.08518410424909909
0.08517309350775618
nan
nan
nan
nan
nan
nan
nan
nan
nan
nan
nan
nan
nan
nan
nan
nan
nan
nan
nan
nan
nan
nan
nan
nan
nan
nan
nan
nan
nan
nan
nan
nan
nan
nan
nan
nan
nan
nan
nan
nan
nan
nan
nan
nan
nan
nan
nan
nan
nan
nan
0.08666625405777627
0.08658470941841798
0.08662518248884149
0.08648030537185375
0.08642857250566455
0.08660172487635355
0.08609278593965537
0.08549301837074388
0.08505815585873772
0.0862772698365803
0.08630715822763296
0.08615864791763
0.08596405477080024
0.08617327907575227
0.08638492608016211
0.08594060296916384
0.08580824123962875
0.08649606858370251
0.08599239003782536
0.08636073205417237
0.08627900764814145
0.08650761453722919
0.08630153342950202
0.08618335699235377
0.08627259522078515
0.08632847021589665
0.08624510950799288
0.08618920245645481
0.08618587538821496
0.0861867829520519
0.08616466398026168
0.08613300135361426
0.08609205728193603
0.08606090916468853
0.08602972054445003
0.0859832646525065
0.08597185552839423
0.08597809877337095
0.0859191955687765
0.0858952070195158
0.0858672264434131
0.0858379916243858
0.0858220304831461
0.08576936344017337
0.08572413487315289
0.08569189965574645
0.08568027924871106
0.08562495677221421
0.0856245392416484
0.08559168571093216
nan
nan
nan
nan
nan
nan
nan
nan
nan
nan
nan
nan
nan
nan
nan
nan
nan
nan
nan
nan
nan
nan
nan
nan
nan
nan
nan
nan
nan
nan
nan
nan
nan
nan
nan
nan
nan
nan
nan
nan
nan
nan
nan
nan
nan
nan
nan
nan
nan
nan
nan
nan
nan
nan
nan
nan
nan
nan
nan
nan
nan
nan
nan
nan
nan
nan
nan
nan
nan
nan
nan
nan
nan
0.08668420910874228
0.08664704424412722
0.08657252581685487
0.08667827683173564
0.08665155715021927
0.08646128267752676
0.0863006299217637
0.08641559216305274
0.08631082126405876
0.08648140537990373
0.0863048444148237
0.08638083810092324
0.08634251047237305
0.08633887058873707
0.08625241201533512
0.08616384205291175
0.0863728660517018
0.0857710459967102
0.08545136716902593
0.0863998895174513
0.08628371601018889
0.08615945084253622
0.08626903774917172
0.0862159720450078
0.0862085193499921
0.08622612779343691
0.0862202350345867
