1.6293739227209506e-21
1.6293743953707849e-21
1.6293743476059649e-21
1.6293742569488553e-21
1.6293743529135148e-21
1.6293744026012074e-21
1.6293743712496438e-21
1.6293743690533013e-21
1.6293743950792111e-21
1.629374400720296e-21
1.629374391906711e-21
1.6293743926392264e-21
1.6293744000753262e-21
1.6293744026505954e-21
1.6293744004428658e-21
1.6293743999997575e-21
1.62937440232598e-21
1.6293744046002504e-21
1.6293744052263462e-21
1.629374405174996e-21
1.6293744056107137e-21
1.629374406832295e-21
1.6293744080513725e-21
1.6293744090218726e-21
1.629374409686824e-21
0.08303613409394806
0.0830238754268956
0.08301204743331932
0.08300066008324493
0.08298972293129053
0.08297924511771154
0.08296923537093583
0.08295970200731739
0.08295065293411949
0.0829420956485345
0.08293403724142699
0.08292648439600203
0.08291944338975754
0.08291292009442491
0.08290691997702682
0.08290144810040687
0.08289650912305019
0.08289210729872254
0.08288824647806411
0.08288493010747222
0.08288216122861641
0.08287994247853539
0.08287827608937766
0.0828771638867802
0.08287660729412843
0.08287660731832625
0.08287716456745903
0.0828782792358573
0.08287995110822072
0.08288217955683988
0.08288496354038943
0.08288830160290528
0.0828921918718217
0.08289663205528122
0.08290161944088306
0.08290715089353587
0.08291322285251942
0.08291983132920297
0.08292697190545836
0.082934639729145
0.08294282951269333
0.08295153552930737
0.08296075161002686
0.08297047114031622
0.08298068705608311
0.08299139184112775
0.08300257752180432
0.08301423566377486
0.08302635736806482
0.08303893326680746
0.08305195351835387
0.08306540780295996
0.08307928531571146
0.08309357476246267
0.08310826435579989
1.6293744230864575e-21
1.629374425368203e-21
1.6293744262660836e-21
1.629374423881361e-21
1.6293744216585971e-21
1.6293744250181292e-21
1.6293744301136944e-21
1.6293744238869944e-21
1.6293744094096707e-21
1.6293744140894036e-21
1.6293744333300696e-21
1.629374408231471e-21
1.629374353561855e-21
1.6293743876773568e-21
1.629374426303904e-21
1.629374227436928e-21
1.62937412063417e-21
1.6293744156436531e-21
1.6293737769473492e-21
1.6293721917018693e-21
0.0838278730520142
0.08380867798655592
0.08379033652963927
0.08376999477061617
0.08374640889837531
0.0837211055003089
0.08369665608059022
0.08367429220717534
0.08365346485019612
0.08363305489369505
0.08361245567593938
0.08359171070783972
0.08357109639353066
0.08355078597587282
0.08353080608249738
0.08351113341601898
0.08349176216221077
0.08347270824439265
0.08345399160725253
0.08343562755591802
0.08341762844556766
0.0834000068125717
0.0833827759077505
0.08336594879189906
0.08334953775360625
0.08333355438138916
0.08331800982544905
0.08330291490420455
0.0832882800604914
0.08327411529205436
0.08326043012618456
0.08324723363391777
0.08323453445042783
0.08322234078571888
0.08321066042522555
0.08319950072602095
0.08318886861489999
0.08317877058795597
0.08316921271274004
0.08316020062942373
0.08315173955254337
0.08314383427173888
0.08313648915229876
0.08312970813542228
0.0831234947383698
0.08311785205456076
0.08311278275376249
0.08310828908173472
0.08310437286037957
0.08310103548721243
0.0830982779349628
0.08309610075115867
0.08309450405735988
0.08309348754840915
0.08309305049152912
0.08309319172501695
0.08309390965727545
0.08309520226557449
0.08309706709427245
0.08309950125352437
0.08310250141739944
0.08310606382208513
0.08311018426389039
0.0831148580970652
0.08312008023176651
0.08312584513160781
0.08313214681104386
0.08313897883256974
0.08314633430341173
0.0831542058719987
0.083162585723916
0.08317146557969832
0.08318083669236884
0.0831906898467565
0.08320101535698848
0.08321180305899714
0.08322304229729487
0.0832347219120606
0.08324683023941837
0.0832593551329315
0.08327228399073396
0.0832856037368902
0.08329930072678363
0.0833133606475189
0.08332776860103604
0.08334250944211169
0.0833575679646561
0.08337292821911436
0.08338857222500853
0.08340448054842327
0.08342063711243006
0.08343703389776991
0.08345366282343777
0.08347048967635907
0.08348743610875664
0.08350441734403763
0.08352144136232041
0.08353867427870965
0.08355632827614852
0.08357438321606941
0.08477191142823559
0.08474262895777653
0.08471343006134707
0.08468430808398263
0.08465521349388011
0.08462626195114921
0.08459748649992366
0.0845687259076679
0.08454005224308403
0.08451187468932211
0.08448381217991144
0.0844547369809383
0.08442576758452924
0.08440197525503582
0.0843879447360456
0.08438179106210367
0.08437498660471064
0.08435714228823561
0.08432274063736159
0.08427656838759309
0.08423064625562458
0.08419379153008252
0.0841666793696341
0.08414522593756221
0.08412527182234836
0.08410469928580547
0.08408327489726658
0.08406160950338759
0.08404030541071165
0.08401964734384654
0.08399966874374518
0.08398031143604015
0.08396152608092233
0.08394329736172587
0.08392563206187528
0.08390854294340203
0.08389204062016233
0.0838761323750138
0.08386082361882219
0.08384611924083454
0.0838320241272135
0.08381854311484999
0.08380568077944928
0.08379344127656055
0.08378182827649487
0.0837708449617667
0.08376049404615747
0.08375077779295875
0.08374169802520327
0.08373325612881372
0.08372545305215523
0.08371828930444306
0.0837117649540789
0.08370587962770143
0.08370063250924231
0.08369602233955023
0.08369204741596174
0.08368870559157146
0.08368599427499082
0.08368391042989218
0.08368245057461474
0.08368161078206657
0.08368138668023783
0.08368177345203723
0.08368276583414197
0.08368435811348723
0.08368654411717061
0.08368931719615319
0.08369267020266463
0.08369659547227387
0.08370108483470973
0.08370612968478591
0.08371172113266875
0.08371785018822828
0.08372450781192742
0.08373168454405064
0.08373936950531011
0.08374754911471967
0.08375620700598325
0.08376532765490068
0.08377490526296748
0.08378495403825634
0.08379550635567838
0.0838065788152941
0.0838180990033453
0.08382983143987893
0.08384140353313166
0.0838525416734982
0.08386349772044872
0.08387539207647493
0.08389000902333107
0.08390871843395575
0.08393088262988534
0.08395318945172053
0.08397140287311827
0.08398353871932043
0.08399134070521236
0.0839988192728679
0.08400937299290992
0.08402359008318297
0.08613880265242957
0.08610108949083078
0.08606282735272894
0.08602571570946842
0.08598835390269148
0.08595096131893315
0.08591364702329167
0.0858764319612975
0.08583935131288858
0.08580243730278353
0.08576571380277193
0.0857292556409209
0.08569299624048729
0.0856570196450111
0.08562135800063707
0.0855860191556044
0.08555102779032592
0.08551641121969078
0.08548218300738689
0.08544836274433246
0.08541498106209391
0.08538204853841633
0.08534957373015106
0.08531758896364874
0.085286111655068
0.08525516560696147
0.08522486137658497
0.08519523694338768
0.08516588877975798
0.08513605388647386
0.08510547919993393
0.08507533192805733
0.08504802402037666
0.08502570650204624
0.0850086481665876
0.08499491808360041
0.08498137498367443
0.08496504329600038
0.08494418985358057
0.08491879839029962
0.08489033791358078
0.08486097666724796
0.08483268432801166
0.0848066785222884
0.08478335446378477
0.08476252596427472
0.08474373671708839
0.08472649661672715
0.08471040715602683
0.0846951988621254
0.08468071843961456
0.08466689649789923
0.084653714476724
0.08464117896698024
0.08462930505219422
0.08461810714547717
0.08460759489458913
0.0845977719725593
0.08458863620901694
0.08458018015895183
0.08457239170772654
0.08456525467730658
0.08455874968078393
0.08455285573429397
0.0845475534226065
0.084542830726132
0.084538692884911
0.08453517772974145
0.08453237742125382
0.08453046601075176
0.08452972901249509
0.08453058556788973
0.08453358548099732
0.08453935354156614
0.08454844722723456
0.08456110420130544
0.08457690534325948
0.08459448204342516
0.08461150908564735
0.08462519848839758
0.08463321038620865
0.08463452044460901
0.08462978660242695
0.08462114452151562
0.08461164099795696
0.08460448492176056
0.08460218155547489
0.08460568920052816
0.08461404361773749
0.08462498018718637
0.08463633352562686
0.08464710999780778
0.08465748034520665
0.08466801450956583
0.084678992592409
0.08469031661888721
0.08470183390163513
0.08471354074263537
0.084725492761866
0.08473766932506577
0.08770247145720915
0.08766389013906693
0.08762449880953828
0.08758397235594659
0.08754441432540397
0.08750147462211391
0.08746117710806271
0.08741861843303779
0.08737642066095967
0.08733389958572052
0.08729125152716213
0.08724814870707406
0.08720536336637225
0.08716340757491445
0.08712040685820402
0.08707775862039224
0.08703526430703094
0.08699295932203482
0.0869508775720824
0.08690908578795177
0.08686757729036637
0.08682636078018433
0.08678553199667477
0.08674508902704998
0.0867050661136341
0.08666548256526732
0.08662636975553376
0.08658775039426851
0.0865496466493536
0.08651208058279007
0.08647507348930733
0.08643864472434146
0.08640281259426744
0.08636759545327904
0.0863330094192768
0.08629906816403769
0.08626578582456881
0.08623317806723421
0.08620126018766672
0.08617004563831321
0.08613954612104631
0.08610977173826197
0.08608073092340042
0.0860524310944448
0.08602487979729859
0.0859980850779368
0.0859720547255049
0.0859467953747691
0.08592231237832032
0.08589861025291808
0.08587569297816058
0.08585356390880597
0.08583222557084413
0.08581167960984676
0.08579192694700077
0.08577296806166904
0.08575480323522065
0.08573743258531308
0.08572085585356491
0.08570507206727371
0.08569007925813621
0.08567587433696068
0.08566245311144845
0.08564981036971742
0.0856379399765675
0.08562683498044948
0.08561648777090994
0.08560689033569882
0.08559803462988233
0.08558991299822491
0.08558251850728651
0.08557584498682214
0.08556988661839299
0.08556463706774627
0.08556008841111062
0.08555623033503146
0.08555305010892023
0.08555053351724291
0.08554866636004949
0.08554743562882883
0.0855468295050325
0.08554683610607791
0.08554744201686118
0.08554863203615495
0.08555039059772848
0.08555270351143657
0.08555555765825917
0.08555893928343355
0.08556283153656649
0.08556721517033147
0.08557207186852657
0.08557738502268297
0.0855831392873816
0.08558931638529149
0.08559589421113846
0.08560285240443663
0.08561016775904531
0.08561785522635483
0.08562583045584754
0.08563408224250253
0.08901194315872624
0.08901898186723256
0.08900823261705573
0.08899601557366427
0.0889814569867482
0.08897825733397424
0.0889775665767121
0.08883962945598378
0.08868574540791468
0.08871709776605144
0.08875274234474109
0.08870887568178235
0.08870507541223263
0.08867356324344135
0.08863332201971033
0.0885953823149789
0.08855659233165114
0.08851668006877206
0.08847579682278443
0.08843426326162727
0.0883922127117065
0.08834973636531723
0.08830694673961804
0.08826390642425366
0.0882207199601309
0.0881774456622389
0.0881341684036809
0.08809098390935823
0.08804790762062384
0.08800498989525492
0.0879623175162587
0.08791992104390867
0.08787784713541616
0.08783616216766779
0.08779457647698555
0.0877536284951704
0.08771382071884908
0.08767408910335273
0.08763464043801247
0.0875958793492792
0.08755772570588775
0.08752019163082225
0.08748330338201232
0.0874470807215882
0.0874115429592079
0.08737670801298242
0.08734259217310199
0.08730921045387308
0.08727657692803487
0.08724470425339227
0.08721360374367315
0.08718328554334374
0.08715375867661326
0.08712503109172223
0.08709710966714668
0.08707000024550773
0.0870437076774388
0.08701823585932
0.08699358776893112
0.08696976550862592
0.08694677032791608
0.08692460263357787
0.08690326203523457
0.08688274737825878
0.08686305675320061
0.08684418752201364
0.08682613634010282
0.08680889906081977
0.08679247043361749
0.08677684418242998
0.08676201517169338
0.08674798380393475
0.08673475585063348
0.08672232801545857
0.08671066842561409
0.08669972677371511
0.08668948305292226
0.08667997207299782
0.08667123086502831
0.08666323915872734
0.08665594732737708
0.08664933563269833
0.08664340592005362
0.08663814787226615
0.0866335443907792
0.08662958209946248
0.08662624649427131
0.08662352233354183
0.08662139452967155
0.08661984723279201
0.08661886377191964
0.08661842567582259
0.0866185142590728
0.08661910742530801
0.0866202123424709
0.08662181119092183
0.08662383428478727
0.08662634846636669
0.08662928972030334
0.0866325866011071
nan
nan
nan
nan
nan
nan
nan
0.08881307258501808
0.08874619902350635
0.089495437959323
0.08948610414241334
0.08954193400534938
0.0896406808024793
0.0896418494970615
0.08962497380646739
0.08966086196673745
0.08967121224182402
0.08971326605787461
0.08969097127709341
0.08968043604158965
0.08967200185958932
0.08964111423030105
0.08962352535461196
0.0896001941915459
0.08957449639186028
0.0895468371821729
0.08951753678882778
0.08948506984794072
0.08945026417689252
0.08942661271780322
0.08941424089045141
0.08928006988185214
0.08907374204112703
0.08909083632451095
0.08913102942490542
0.08915382982801145
0.08914198698231374
0.08909429089873436
0.08903978387400807
0.08899769565964405
0.0889607357803896
0.0889226042702157
0.08888376626643008
0.0888450924588568
0.08880653858892361
0.0887681631783595
0.08873008186507612
0.08869233762880566
0.0886549813126373
0.08861806763515846
0.08858163684551901
0.08854572701915117
0.08851037265520656
0.08847560550247799
0.08844145343786346
0.0884079415343091
0.08837509251732921
0.0883429264417177
0.08831146122987063
0.08828071285622908
0.0882506953449134
0.08822142092286303
0.08819290017627118
0.08816514212527965
0.08813815427988161
0.08811194292640832
0.08808651374220902
0.08806187213259414
0.08803802263068675
0.08801496764577002
0.08799270647895982
0.08797123535380463
0.08795054921134371
0.08793064452934282
0.08791151949987766
0.08789316974970374
0.0878755858297592
0.08785876148314123
0.08784269869114344
0.08782739427951405
0.08781283820949967
0.08779902262115392
0.08778593662877907
0.08777356503866768
0.0877618882222406
0.08775088207364021
0.08774052018553605
0.08773077820952013
0.0877216394812938
0.08771309937563444
0.08770516591583039
0.08769784274348444
0.08769116297993643
0.08768508815725122
0.08767891217630298
0.08767371818706332
0.08767376130003832
0.08767477885705821
0.08766796125310192
0.08766052037289954
nan
nan
nan
nan
nan
nan
nan
nan
nan
nan
nan
nan
nan
nan
nan
nan
nan
nan
nan
nan
nan
nan
nan
nan
nan
nan
nan
0.09009908328500774
0.09013819168608529
0.09017162472128959
0.09019519331261672
0.09021978819046614
0.0902141387258513
0.09021924230890443
0.09021466326559088
0.09020520593190585
0.09019467494234518
0.09018187887593111
0.0901669166898319
0.09014858891731908
0.09012570980471897
0.09010137285982704
0.09007519602659872
0.09004749713537435
0.09001860753375815
0.08998850053069607
0.08995750062833127
0.08992578379593798
0.08989341544417934
0.08986053972185555
0.08982736672127407
0.08979379713128136
0.08975923643299545
0.08972415092442987
0.08969144146489846
0.08966339564939269
0.08963571107870658
0.08959701805877948
0.08953806185374055
0.08947021893584647
0.08942123206043523
0.08939414595619863
0.08937753372346718
0.08936232919040149
0.08934339517327797
0.0893191003055055
0.08929087923935458
0.08926161572748112
0.08923346154399207
0.08920691742604091
0.08918137742787449
0.0891560696619215
0.08913061380982276
0.08910507202373441
0.08907973282641438
0.08905488882706694
0.08903072607455985
0.08900731477225654
0.08898464960731142
0.08896269603323124
0.08894141238273023
0.08892079594891475
0.08890085585267131
0.08888153227511517
0.08886284382912664
0.08884476140951045
0.08882701734181114
0.0888100648701328
0.08879453176265822
0.08877917407623781
0.08876408574870093
0.08874982812950316
0.08873607503510755
0.08872291976453503
0.0887103498669789
0.08869832898252367
0.08868684979720637
0.08867588072661448
0.08866543367857374
0.08865547824494663
nan
nan
nan
nan
nan
nan
nan
nan
nan
nan
nan
nan
nan
nan
nan
nan
nan
nan
nan
nan
nan
nan
nan
nan
nan
nan
nan
nan
nan
nan
nan
nan
nan
nan
nan
nan
nan
nan
nan
nan
nan
nan
nan
nan
nan
nan
nan
nan
0.0905906959296105
0.09059687500349721
0.09059736140854197
0.09059321656839625
0.09058514355617463
0.09057381672222234
0.09055978409998573
0.09054348534483735
0.09052540764953262
0.09050596743455594
0.09048510490812126
0.09046308157021679
0.09044014658442015
0.09041634076132002
0.09039198014087199
0.09036758651391186
0.09034225981609068
0.09031521020680178
0.09028821899263406
0.09026196021551189
0.0902354280954033
0.09020859234693154
0.09018170897274977
0.09015478458202258
0.09012787255629007
0.09010102677340515
0.0900743222892964
0.0900477527681028
0.09002131724484841
0.08999511031229543
0.08996915774423095
0.08994347684681495
0.08991809814043492
0.08989303471908551
0.08986830061065737
0.08984390580222959
0.08981986012028428
0.0897961890603374
0.08977293261460026
0.08975013741348518
0.08972784679974596
0.08970609052161006
0.08968488143830532
0.08966419836397568
0.08964394322700386
0.08962421236801416
0.08960477872646758
0.08958445190183106
0.0895676302901031
0.08955047425755688
0.08953208946300804
0.08951602806760732
nan
nan
nan
nan
nan
nan
nan
nan
nan
nan
nan
nan
nan
nan
nan
nan
nan
nan
nan
nan
nan
nan
nan
nan
nan
nan
nan
nan
nan
nan
nan
nan
nan
nan
nan
nan
nan
nan
nan
nan
nan
nan
nan
nan
nan
nan
nan
nan
nan
nan
nan
nan
nan
nan
nan
nan
nan
nan
nan
nan
nan
nan
nan
0.09075220134597071
0.09076195252320832
0.09076682125577096
0.0907685528300275
0.09076814532042402
0.09076595063345609
0.09076187387986775
0.09075562611104292
0.0907470102757628
0.09073614212327757
0.09072347750710996
0.0907096371987895
0.09069513506818347
0.09068021794059497
0.09066485845364149
0.09064891072204939
0.09063231110898808
0.09061499794726352
0.09059698817939066
0.09057835872606218
0.09055920082384238
0.09053954636538283
0.09051939375768953
0.09049889442383827
0.0904781559105742
0.09045715566488388
0.09043592074468859
0.09041452427400909
0.09039297262594267
0.09037127670503584
0.0903494975625278
0.0903278801600806
0.09030710031266417
0.09028708504404952
0.09026691712464435
0.09024490915547703
0.0902217427084943
