0.7122424812740462
0.7123294634487589
0.7124147085013994
0.7124982146400094
0.7125799800928879
0.7126600031184195
0.7127382819916666
0.7128148150115384
0.7128896005011317
0.71296263679677
0.7130339222563999
0.7131034552560227
0.7131712341889649
0.713237257463013
0.7133015234987226
0.7133640307389109
0.7134247776214805
0.7134837626303345
0.7135409841991093
0.7135964408395348
0.7136501310135691
0.7137020532374974
0.7137522061030093
0.7138005878385472
0.7138471972034257
0.7138920331816794
0.7139350922196842
0.7139763769904707
0.7140158806393392
0.7140536056352771
0.7140895513820161
0.7141237094887151
0.7141560880925205
0.7141866791897404
0.7142154822756526
0.7142424976453075
0.7142677209543787
0.7142911529131006
0.7143127935942862
0.7143326398144483
0.7143506889777327
0.7143669398734617
0.7143813913873726
0.7143940420572054
0.7144048902746964
0.7144139344373163
0.7144211729602681
0.7144266042510393
0.7144302267083384
0.7144320387175165
0.7144320386432486
0.7144302248641854
0.7144265957148278
0.7144211495351402
0.7144138846535613
0.7144047993867025
0.7143938920334341
0.7143811608524578
0.7143666040704616
0.7143502200240661
0.7143320073997731
0.7143119648543765
0.7142900896516289
0.7142663782074065
0.714240830104293
0.7142134459174274
0.7141842210152807
0.7141531553687126
0.7141202483123515
0.7140854912012333
0.7140488920963715
0.7140104418226053
0.713970140149627
0.7139279881600284
0.7138839796384516
0.7138381160484669
0.7137903939643733
0.7137408117610455
0.7136893678070251
0.7136360600224897
0.7135808865915818
0.7135238456187876
0.7134649352279482
0.7134041535671984
0.7133414987294888
0.7132769688633508
0.7132105620809891
0.7131422765278888
0.7130721103321171
0.7130000616437526
0.7129261286042909
0.7128503093683737
0.712772602101797
0.7126930049433557
0.712611516086948
0.7125281337026933
0.7124428559676286
0.712355681069202
0.7122666071958915
0.7121756325402916
0.712225495848711
0.7123159944430831
0.7124046755945432
0.7124915384931462
0.7125765824442721
0.7126598063632003
0.7127412077993628
0.7128207920406553
0.7128985533059352
0.7129744917582412
0.7130486069857791
0.7131208982347731
0.7131913647515535
0.7132600057595221
0.7133268205050326
0.7133918081979496
0.7134549680750719
0.7135162993548583
0.7135758012603055
0.713633473072796
0.7136893139313021
0.7137433231756996
0.7137954998263599
0.7138458433227153
0.7138943536121543
0.7139410267111146
0.7139858691476016
0.7140288684190154
0.7140700383897198
0.7141093646877681
0.7141468547664972
0.7141825065092469
0.7142163184649555
0.7142482870609127
0.714278404406074
0.7143066904087664
0.714333142226379
0.7143577448535048
0.7143804987642571
0.7144014081265206
0.7144204723668255
0.714437689700299
0.7144530592116246
0.7144665803044052
0.7144782522605989
0.7144880742678772
0.7144960454994654
0.7145021651289218
0.714506432325756
0.7145088462481363
nan
0.7145081108096094
0.7145049597271778
0.7144999518689406
0.7144930863319279
0.7144843621965538
0.714473778522789
0.71446133435209
0.7144470287295822
0.7144308607647588
0.7144128295683798
0.7143929337956302
0.7143711716721027
0.7143475435261102
0.714322052459043
0.7142946940174986
0.7142654560393392
0.7142343452772164
0.714201370239834
0.7141665202260664
0.7141297997767055
0.7140911980474718
0.714050725532871
0.7140083723502613
0.7139641412764418
0.7139180307118105
0.7138700387103066
0.7138201646769965
0.7137684072085085
0.7137147652957776
0.713659237531274
0.7136018228108443
0.713542519996526
0.7134813278121334
0.7134182451064932
0.7133532706394742
0.7132864032361591
0.7132176416789784
0.7131469847730892
0.7130744313047522
0.7129999800744643
0.712923629854785
0.7128453795738194
0.7127652287560716
0.7126831730654168
0.7125992145336795
0.7125133509018505
0.712425580723644
0.7123359026383377
0.7122443152322566
0.7122755124745884
0.7123738235356014
0.7124701024648382
0.7125643212238347
0.7126565393068318
0.7127467258369323
0.712834884476797
0.7129210193603426
0.7130051383825038
0.7130872688979051
0.7131672508656133
0.7132454701545266
0.7133215755271122
0.7133956506365211
0.7134677236668729
0.713537803794637
0.7136058880483402
0.7136719773813511
0.7137360742825417
0.7137981805591597
0.7138582980995246
0.7139164306823129
0.7139725769493883
0.7140267390162752
0.7140789242969803
0.7141291372832884
0.7141773392783335
0.7142236769494419
0.7142677942838067
0.7143099507625086
0.7143504878942674
0.7143888357313664
0.7144252289355717
0.7144596753911938
0.7144921315896281
0.7145226360037733
0.7145511783065605
0.714577757523546
0.714602379182236
0.7146250440049378
0.714645752802729
0.7146645071632728
0.714681308530511
0.7146961581947313
0.714709057417028
0.7147200074371066
0.7147290094591945
0.7147360646470475
nan
nan
nan
nan
nan
nan
nan
0.7147225459264575
0.7147121249413164
0.7146997663529129
0.7146854708211184
0.714669238953114
0.7146510712965118
0.7146309683666349
0.7146089307014845
0.7145849586556156
0.714559052085176
0.7145312121135032
0.7145014405036823
0.7144697311196295
0.7144360912862047
0.7144005291287474
0.7143629993103682
0.7143236198897737
0.7142822984820166
0.714238868690733
0.7141936499980349
0.7141464762606697
0.7140973714327694
0.7140463353634489
0.7139933568764011
0.7139384534333212
0.7138816081903603
0.713822830396217
0.7137621163389052
0.7136994664240873
0.7136348796535347
0.7135683557779372
0.713499894088044
0.7134294940445393
0.713357154926666
0.713282876052282
0.7132066566312588
0.7131284958221537
0.7130483927386357
0.7129663460282998
0.7128823550666674
0.7127964213847178
0.7127085373069283
0.7126186777640592
0.7125269738036232
0.7124332023193515
0.7123887641241522
0.7124998768465538
0.7126089775703917
0.7127156119442637
0.7128197465711313
0.712921502791628
0.7130208859563718
0.7131179021990892
0.7132125559181799
0.7133048518104184
0.7133947938594319
0.7134823870367937
0.7135676376571943
0.7136505552077432
0.713731152130149
0.7138094455026797
0.7138854551549826
0.7139592120051559
0.7140307478684738
0.714099889943302
0.7141669475268669
0.7142334590666912
0.7142904949047898
0.7143538041978023
0.7144107863731064
0.7144679321043493
0.7145210702797765
0.7145722995986286
0.7146213862409437
0.7146682679051053
0.7147129930370728
0.7147555361416675
0.7147958744412116
0.7148339986809552
0.7148699177178518
0.71490365576153
0.7149352431609678
0.7149647026546038
0.7149920416188239
0.7150172529122004
0.7150403237294543
0.7150612469291621
0.7150800278854376
0.7150966830454168
0.7151112318131887
0.7151236875634845
nan
nan
nan
nan
nan
nan
nan
nan
nan
nan
nan
nan
nan
nan
0.7150607707318938
0.7150401114083721
0.7150174149574274
0.7149926826132895
0.7149659163715529
0.7149371192134477
0.714906294567713
0.7148734455527026
0.7148385745971542
0.714801683489824
0.7147627738915314
0.7147218474995314
0.7146789069307198
0.7146339507053003
0.7145869928712875
0.7145380025158343
0.7144870517248899
0.7144340386631896
0.7143790162420652
0.7143225742686636
0.7142633702041217
0.7142018532725423
0.7141388575617347
0.7140739084003097
0.7140068740639103
0.7139378548510626
0.7138668338518448
0.713793752826305
0.7137188042118536
0.713641602589438
0.7135632521563879
0.7134817466196621
0.7133987256860852
0.7133137150740965
0.7132266685896288
0.7131376292930952
0.713046591731052
0.712953550051197
0.712858503535066
0.7127614507083426
0.7126185992952816
0.7127080720983461
0.7128240525504108
0.7129340552934041
0.7130524514752392
0.7131622823606057
0.7132251256713913
0.7133707586700517
0.7134804437354039
0.713587041331318
0.7136911079956206
0.7137928632435757
0.7138921412940299
0.713988693781115
0.7140820214088146
0.7141715294702713
0.7142674803420035
0.7143278636523995
0.7144249273043564
0.7145091954825025
0.7145874134277805
0.7146633327905589
0.7147360686970486
0.714806052308228
0.7148734353588383
0.7149381331606262
0.7150002003074296
0.715059648572382
0.7151164949564462
0.7151707539414318
0.7152224426012102
0.7152715755471085
0.7153181692049095
0.7153622383993292
0.7154037998690355
0.7154428614115727
0.7154794480670699
0.7155135746801005
0.7155452319052578
0.7155744765842927
0.7156012812606867
0.7156256674323165
0.7156475957670004
0.7156673299815767
nan
nan
nan
nan
nan
nan
nan
nan
nan
nan
nan
nan
nan
nan
nan
nan
nan
nan
nan
nan
nan
nan
0.7154879567399872
0.7154536838856055
0.7154172637212136
0.71537871021452
0.7153380406248824
0.7152952327802764
0.7152502523525303
0.7152032098959558
0.7151541207224102
0.7151026162932174
0.715049222488722
0.7149945333658898
0.7149368873963426
0.7148767897023509
0.7148151752308555
0.7147512323939911
0.7146853535074187
0.7146173268380986
0.7145471581267011
0.7144751030079031
0.7144017578509154
0.714327295364418
0.7142453712504082
0.71416571722196
0.7140829890778748
0.7139982774362916
0.7139116184801114
0.7138229169954773
0.7137321232972054
0.7136392736476347
0.7135444318898247
0.7134475060945219
0.7133483542420829
0.7132472159086141
0.712217831353547
0.7085944112774842
0.7106477238355564
0.7119657054847164
0.7098180595442765
0.7111103710027031
0.7123092985674023
0.7119592545649855
0.7122267060928449
0.7147753003732931
0.7141726288978696
0.7142842980600236
0.7144196658754689
0.7144440884549019
0.7144942709622414
0.7145711841583895
0.7146545968928126
0.7147442715094466
0.7148340955069438
0.7149212821957641
0.7150190583396816
0.7151021970947917
0.7151885202440409
0.7153098382262375
0.7153806827482244
0.7154137027718858
0.7154737199165705
0.7155659109921997
0.715648499880907
0.715714293245286
0.7157772283403807
0.7158406029198493
0.7159012839283496
0.7159575004946941
0.7160103003880884
0.7160598335009152
0.7161062431494092
0.7161498674979397
0.7161905540500995
0.7162282872013686
nan
nan
nan
nan
nan
nan
nan
nan
nan
nan
nan
nan
nan
nan
nan
nan
nan
nan
nan
nan
nan
nan
nan
nan
nan
nan
nan
nan
nan
nan
nan
nan
0.7159778544507731
0.7159290211083651
0.7158781308394737
0.7158250605441794
0.7157696480457937
0.7157118577645428
0.7156517763427939
0.7155895112932126
0.7155251120726198
0.7154585703037386
0.7153898556677792
0.7153189466397019
0.7152458411951852
0.7151705471223798
0.7150930823231945
0.7150134610753236
0.7149316959657187
0.7148477963468205
0.7147617692650555
0.7146736635175434
0.7145836691760571
0.7144922333121644
0.7144004475854516
0.7143242118367034
0.7141980238778906
0.7140999862241795
0.7139969628033044
0.7138917985565085
nan
nan
nan
nan
nan
nan
nan
nan
nan
nan
nan
nan
nan
nan
0.7133440742750088
0.7135390873046846
0.7137503661174059
0.7138816652484283
0.7141643447608813
nan
nan
0.7123863744595001
0.711897570014483
0.712466253646451
0.712498356388542
0.71457909548354
0.715041621962898
0.7154130389123631
0.7155135010280127
0.7157104730894334
0.7158608093174639
0.7159750722566123
0.716088378959066
0.7161917441056131
0.7162930175521601
0.7163902786320114
0.7164713742550939
0.716553736788099
0.7166241818079837
nan
nan
nan
nan
nan
nan
nan
nan
nan
nan
nan
nan
nan
nan
nan
nan
nan
nan
nan
nan
nan
nan
nan
nan
nan
nan
nan
nan
nan
nan
nan
nan
nan
nan
nan
nan
nan
nan
nan
nan
nan
0.716326304583461
0.7162588781284142
0.7161889941574638
0.7161171466837273
0.7160426191406171
0.7159665065001078
0.7158867533892262
0.7158052278919586
0.7157338640735261
0.7156195867996586
0.7155455570351066
0.7154549218144459
0.7153626316100814
0.7152684256017499
0.715171864004482
0.7150731674395937
0.7149723439493545
0.7148693309426639
0.7147644222099326
0.7146572241104108
nan
nan
nan
nan
nan
nan
nan
nan
nan
nan
nan
nan
nan
nan
nan
nan
nan
nan
nan
nan
nan
nan
nan
nan
nan
nan
nan
nan
nan
nan
nan
nan
nan
0.7150054555018363
0.7136484409923052
0.7141824002979844
0.713297711243398
0.7129664551843254
0.7114593788308679
0.712966235685156
0.7117125462881114
0.7128583858869136
0.7132169320427906
nan
0.7136439396327476
nan
nan
nan
nan
nan
nan
nan
nan
nan
nan
nan
nan
nan
nan
nan
nan
nan
nan
nan
nan
nan
nan
nan
nan
nan
nan
nan
nan
nan
nan
nan
nan
nan
nan
nan
nan
nan
nan
nan
nan
0.7166701326675382
0.7165941395545278
0.7165155998582043
0.7164346278870892
0.7163505730142152
0.7162658252058549
0.71617778611712
0.7160827357715706
0.7160056944486988
0.7158726587477072
0.7157910908499033
0.7156989346082121
0.7155973991456789
0.7154975811460264
0.715393749136959
nan
nan
nan
nan
nan
nan
nan
nan
nan
nan
nan
nan
nan
nan
nan
nan
nan
nan
nan
nan
nan
nan
nan
nan
nan
nan
nan
nan
nan
nan
nan
nan
nan
nan
nan
nan
nan
nan
nan
nan
nan
nan
nan
nan
nan
nan
nan
nan
nan
nan
nan
nan
nan
0.7137557118948754
0.7147450223860172
nan
0.7132051106939681
0.711636734992303
0.7102419490700067
nan
nan
nan
nan
nan
nan
nan
0.7142974750267581
nan
0.7149864465761592
nan
nan
nan
nan
nan
nan
nan
nan
nan
nan
nan
nan
nan
nan
nan
nan
nan
nan
nan
nan
nan
0.7161669704735384
0.7160663787974346
0.7158999118236288
0.7159028766850514
0.7158005405104587
0.7157062628093713
0.7156305691673528
0.7155878995074869
0.7154392114705187
0.7153250620614264
nan
nan
nan
nan
nan
nan
nan
nan
nan
nan
nan
nan
nan
nan
nan
nan
nan
nan
nan
nan
nan
nan
nan
nan
nan
nan
nan
nan
nan
nan
nan
nan
nan
nan
nan
nan
nan
nan
nan
nan
nan
nan
nan
nan
nan
nan
nan
nan
nan
nan
nan
nan
nan
nan
nan
nan
nan
nan
nan
nan
nan
nan
nan
nan
nan
nan
nan
nan
nan
nan
nan
nan
nan
nan
nan
0.715022166723311
nan
nan
0.7147451399147529
0.7133030725527998
0.7147016135332223
0.7135047795523403
nan
0.7143968492051473
nan
0.7147089634526372
0.7138200140928921
0.7132172230890942
0.7133578051872422
nan
0.7126020601538058
0.712147680208637
nan
0.7132169943068709
0.7129569294391374
0.7133558077481588
0.7133616712503206
0.7133129481595308
0.7132870593709004
0.7133326500022441
