0.7078333239642689
0.7086854160299898
0.7093273684539944
0.7097571610465694
0.7099729318648076
0.7099728545505498
0.7097550731925484
0.7093176991849537
0.7086588707279151
0.7077768696934004
0.7078658283687664
0.7087454350675321
0.709406702005502
0.7098485566412389
0.7100699314194191
0.7100697388727795
0.709846861858811
0.7094001815886286
0.7087286635360667
0.7078315269391176
0.7080166851219876
0.7089600388710773
0.7096638992968043
0.7101310829779769
0.7103634922041928
0.7103623887964572
0.710128588527214
0.7096626227900737
0.7089649039816817
0.708035995692034
0.7082771287646203
0.709332065130489
0.7101068812663158
0.7106145555134685
0.7108638192071305
0.8265343883997412
0.7106100859141171
0.7101150797523701
0.7093786923089196
0.7084037070566387
0.7085331368473495
0.7098133553310148
0.7107148030078628
0.7112918300669109
0.7115710387153937
0.8242622137320575
0.7112979573948903
0.7107659280001699
0.7099801915923467
0.7089472023194523
0.7085100223173848
0.7101595484212465
0.711363595593594
0.7120915952915445
0.7124421156756638
0.8217147954629328
0.7121755120088841
0.7116046921319361
0.7107624226258885
0.7096624238564581
nan
0.7104842655778815
0.7116371470430694
0.7127788457817283
0.8184030094278387
0.8190806108842583
0.8195703973083728
0.7125814503192495
0.7116866263823307
0.7105169383884564
nan
nan
nan
0.7127531201385747
0.7138853189050767
0.8166336494143386
0.817197305096093
0.8176344633914263
0.7126439793947819
0.7113985568792154
nan
nan
nan
nan
nan
0.8148116239840981
0.8152242683596727
0.8156800171031217
0.7134632417913727
0.7121937565741974
nan
nan
nan
nan
nan
nan
0.8142076033757213
0.8144036393440761
0.8147777507422891
0.7125561360515533
