nan
nan
nan
nan
nan
nan
nan
nan
nan
nan
nan
nan
nan
nan
nan
nan
nan
nan
nan
nan
nan
nan
nan
0.07945635957637977
0.07944646354362236
0.07943685645376827
0.07942754902116478
0.07941855128871195
0.07940987279653236
0.07940152296594472
0.07939351107067415
0.07938584587416433
0.07937853544191514
0.07937158727987384
0.0793650085495144
0.07935880614577023
0.07935298664419184
0.07934755622360704
0.07934252062809594
0.0793378851665426
0.07933365472787379
0.07932983379475227
0.07932642644739334
0.07932343636691871
0.0793208668329097
0.07931872072293158
0.07931700050980756
0.07931570826455406
0.07931484565066241
0.07931441392786764
0.0793144139440227
0.07931484615052303
0.07931571057573072
0.0793170068468404
0.07931873417688869
0.07932089136520074
0.07932347679593942
0.07932648843641045
0.07932992383384482
0.07933378011264376
0.07933805397009157
0.07934274167576698
0.07934783907257353
0.07935334158735147
0.07935924424441534
0.07936554166976863
0.0793722280529229
0.07937929706609113
0.07938674178835264
0.0793945547571204
0.07940272817767702
0.07941125409375302
0.07942012422965448
0.07942932960638283
0.07943886046334557
0.07944870662721781
0.07945885769400174
0.07946930276209158
0.07948003032371675
0.07949102842393453
0.07950228462206162
0.07951378593701702
0.07952551890404769
0.07953746952786064
0.07954962328972992
0.07956196514362343
0.07957447950032978
0.07958715023534949
0.07959996066781036
0.07961289356138268
0.07962593107707294
0.07963905491714114
nan
nan
nan
nan
nan
nan
nan
nan
0.08009261911317966
0.08007735072648506
0.0800620001037648
0.08004659100298378
0.08003114539014496
0.0800156833739801
0.08000022637786168
0.07998479305111747
0.07996940339752967
0.07995407634117663
0.07993883031621565
0.0799236832722253
0.07990865269131717
0.07989375558899517
0.07987900850622437
0.07986442751491746
0.07985002821822972
0.07983582577152763
0.07982183484959599
0.07980806970276746
0.0797945440840421
0.07978127133471961
0.07976826436168913
0.07975553549795472
0.07974309687705236
0.07973096028889537
0.07971913643897069
0.07970763537303104
0.07969646759429191
0.0796856438756106
0.07967517407001168
0.07966506666797096
0.07965532942482834
0.07964597004877383
0.0796369963009535
0.07962841570864942
0.07962023530668189
0.07961246156586031
0.07960510044027377
0.07959815743147106
0.07959163762371234
0.07958554569352261
0.07957988590669623
0.07957466211340083
0.0795698777452289
0.0795655358133642
0.0795616389079857
0.07955818919778823
0.07955518842954265
0.07955263792761078
0.07955053859325517
0.07954889090382442
0.07954769491220608
0.07954695024562215
0.0795466561044195
0.07954681126099858
0.0795474140584252
0.07954846240894577
0.07954995379227843
0.07955188525337012
0.07955425339908426
0.07955705439343452
0.07956028395115061
0.07956393733352579
0.07956800935568539
0.07957249441685843
0.07957738655158504
0.07958267945547548
0.07958836639576342
0.07959443997554834
0.07960089193160888
0.07960771331926003
0.07961489512081626
0.07962242859066523
0.07963030465568255
0.07963851304592567
0.07964704251317771
0.0796558817137912
0.07966501916025959
0.07967444265691404
0.07968413944067115
0.07969409633875892
0.07970429960717793
0.0797147350013806
0.07972538775616902
0.07973624256436473
0.07974728360154257
0.07975849448751193
0.07976985830215594
0.07978135756572541
0.0797929742517102
0.07980468974164309
0.07981648489050747
0.07982833979820685
0.0798402345742193
0.07985214777789426
0.0798640580817028
0.07987594339870305
0.07988778093025947
0.07989954738372687
0.08103676329519871
0.0810147829707163
0.08099275377006401
0.080970707683645
0.080948658440572
0.08092662716936314
0.08090463757956393
0.0808827101459219
0.08086085904581256
0.0808390836791589
0.08081746220363259
0.08079603081021151
0.08077472488025908
0.08075356525206302
0.08073260730659436
0.08071186355001833
0.08069134475409034
0.08067106791919913
0.08065104831930663
0.08063130095733317
0.08061183966257439
0.08059267959814952
0.08057383536089321
0.080555313957001
0.08053712499344323
0.080519291083881
0.0805018331604353
0.08048475620486009
0.08046805850823682
0.0804517460247116
0.08043583292442702
0.08042033401802237
0.08040526041255511
0.08039062017713974
0.08037642031101354
0.08036266772423559
0.08034936928690324
0.08033653161615723
0.08032416093347716
0.08031226301907843
0.08030084320880627
0.08028990639878833
0.0802794570482406
0.08026949918045138
0.08026003638308778
0.08025107180830579
0.08024260817288124
0.08023464775849423
0.08022719241147641
0.08022024354287921
0.08021380212835705
0.08020786870778775
0.08020244338505908
0.08019752582760566
0.08019311526574394
0.08018921049216667
0.08018580986060067
0.08018291128548893
0.08018051224059887
0.08017860975797268
0.08017720042655713
0.0801762803905938
0.0801758453484016
0.08017589055092819
0.08017641080186852
0.0801774004580269
0.08017885342237346
0.08018076310504968
0.08018312232239487
0.08018592317790496
0.08018915717306069
0.08019281591488261
0.0801968921809425
0.08020137970202565
0.08020627006105441
0.08021154930274194
0.08021720059489817
0.08022321210240546
0.08022957785146995
0.08023628859454196
0.08024332882898838
0.08025068382194567
0.08025834086522393
0.08026628578081829
0.08027450373834741
0.08028297959317415
0.08029169753640662
0.08030064133511484
0.08030979417369621
0.08031913874987352
0.08032865720582479
0.08033833116480121
0.08034814166070961
0.08035806971044959
0.08036809447394441
0.08037819223569884
0.08038834866810307
0.08039855269418082
0.08040876271920097
0.080418947827372
0.08241276769378517
0.0823821634741105
0.08235157768038251
0.08232106946191067
0.0822905878818348
0.08226015380476152
0.08222978843686624
0.08219951158324248
0.0821693427918609
0.08213930148998565
0.0821094070509237
0.08207967840670267
0.08205013427980076
0.08202079334697637
0.08199167307409899
0.08196279248737776
0.08193416541460354
0.08190583277989638
0.08187776666780515
0.0818499022639275
0.08182247061999798
0.08179562503177486
0.08176906405074755
0.08174262801193227
0.08171657642565006
0.08169105301156887
0.08166595165433294
0.0816412330876395
0.08161695396296652
0.08159314477142801
0.0815698070367847
0.08154694586821787
0.08152457073463915
0.0815026900280437
0.08148131104309715
0.08146044062770232
0.0814400852562164
0.08142025110951331
0.08140094418521762
0.08138217036233997
0.08136393542795159
0.08134624506592004
0.08132910481348915
0.0813125199897963
0.08129649560862631
0.08128103628893862
0.08126614617158917
0.0812518288533727
0.08123808734257454
0.08122492403761875
0.08121234072898027
0.08120033861800169
0.0811889183471528
0.08117808003700928
0.08116782332026058
0.08115814737161962
0.08114905092817003
0.08114053230065665
0.08113258937462275
0.08112521960548924
0.08111842000841368
0.08111218714636971
0.08110651712000583
0.08110140555883937
0.08109684761736566
0.08109283797464038
0.08108937083612955
0.08108643993886722
0.08108403855562449
0.08108215949864381
0.08108079512160013
0.08107993731651231
0.08107957749353203
0.08107970656443131
0.0810803151165789
0.0810813937507636
0.08108293172500242
0.08108491159121348
0.08108730892023122
0.08109011682048393
0.08109336950109182
0.0810970862381812
0.08110119249490214
0.08110560694548782
0.08111035886810164
0.08111547837041146
0.08112091845949573
0.08112665959007083
0.08113273211912278
0.08113913632486532
0.08114578483191665
0.08115260307832571
0.08115962816593403
0.08116689114491131
0.08117435240224563
0.08118198014975196
0.08118975662239622
0.08119765995133697
0.08120566908049534
0.08121376178186633
0.08409650426857687
0.08403472643212717
0.08398110052289057
0.08393267230657642
0.08389061912509121
0.08384403269304783
0.08380237081938796
0.08376139250969694
0.08372184117141702
0.08368285277754013
0.08364436943565212
0.08360633967518094
0.08356867637919538
0.08353149877100852
0.08349372306616738
0.08345716628139943
0.08342363661670404
0.08338838275765756
0.0833514279405703
0.08331582255168396
0.08328061421303672
0.08324548935008719
0.08321087858117374
0.08317679819963664
0.08314311646375996
0.08310981113570909
0.08307690983040575
0.0830444295561441
0.08301238163215671
0.08298077926193713
0.08294963540228643
0.08291896306679794
0.08288877555625167
0.08285908489966554
0.08282990315015293
0.08280124178909957
0.08277311302232312
0.08274552757528636
0.08271849176193896
0.08269201320040634
0.08266610566819003
0.08264078327503735
0.08261605388035051
0.08259192076499189
0.08256838765862434
0.08254546053265804
0.08252314628417629
0.08250145121843622
0.08248038056793022
0.08245993866442805
0.08244012918559974
0.0824209552757535
0.08240241957423819
0.08238452421188305
0.08236727080613834
0.08235066046065262
0.08233469376581085
0.08231937080102261
0.08230469113680206
0.08229065383584547
0.08227725745501469
0.08226450004730998
0.08225237916288308
0.08224089185033726
0.0822300346588488
0.08221980363478074
0.08221019431387908
0.08220120169168088
0.0821928201671886
0.08218504345827957
0.0821778645610114
0.08217127593785287
0.08216527022548781
0.0821598415505708
0.08215498667724153
0.0821507039210986
0.0821469878280835
0.082143821607578
0.0821411757402172
0.08213902064192424
0.0821373456602784
0.0821361609836529
0.08213547377549033
0.08213526828952636
0.08213552763308793
0.08213622867883902
0.08213720987216205
0.0821384112302143
0.08214039039216607
0.0821432337906814
0.08214602991283858
0.08214891268816175
0.08215228586072876
0.08215596273992909
0.08215992389566942
0.08216415995909712
0.0821686566432901
0.08217340560525002
0.08217840134470869
0.08218362952442582
0.08541245605738271
0.0852766057496695
0.08368542198450898
0.08412311885591109
0.08421366524698462
0.08441628716501444
0.0847645331285605
0.08491589031639046
0.08529499029544382
0.08538302673349066
0.08535521556881959
0.0852333890527873
0.08514591597242946
0.08510146824392358
0.08504843346609424
0.08499700239192974
0.08494807561376316
0.08490259914100987
0.08485898046819199
0.08481616507848962
0.08477454660139272
0.08473514984055455
0.08469852262926988
0.0846642511941364
0.08463108101823091
0.08459757200284022
0.08456334156188436
0.0845280576141911
0.08449209596768975
0.08445588577872729
0.0844197695703916
0.08438394853469439
0.08434851769639382
0.0843134452892346
0.08427886269694193
0.0842446672966549
0.08421081007129981
0.08417740539438026
0.08414442851721293
0.0841118754887896
0.08407976848632767
0.08404812309953957
0.08401695527755516
0.08398628090614216
0.08395611542945872
0.08392647366656986
0.08389736975808443
0.0838688171495102
0.08384082856366185
0.08381341597023885
0.0837865905666309
0.08376036275027558
0.08373474209877432
0.0837097373894985
0.08368535659490839
0.08366160689743757
0.08363849479878169
0.08361602614208741
0.08359420589149955
0.08357303808273461
0.08355252638576069
0.0835326747214502
0.08351348672131312
0.08349496389350684
0.08347710419240148
0.08345990290253358
0.08344335573884612
0.08342746186610199
0.08341222460611736
0.08339764971150154
0.08338374262845144
0.08337050586324793
0.083357937031137
0.08334602849624359
0.08333476899462305
0.0833241459084183
0.0833141467690588
0.08330476011624535
0.08329597596492104
0.08328778556135476
0.08328018082255045
0.08327315391884146
0.08326669680106705
0.08326080085816129
0.08325545669329563
0.08325065424388037
0.08324638259441422
0.08324263006633041
0.08323938427814234
0.08323663216915356
0.08323435997057999
0.08323255016656327
0.08323119333732451
0.08323040686890885
0.08322927402455262
0.08322729299848039
0.08322886694176984
0.08323142136963199
0.08323190305061408
0.0832333612266436
nan
nan
nan
nan
nan
nan
nan
nan
nan
nan
nan
nan
0.08606814828640111
0.0860693195682194
0.08611863450757593
0.08609847091373309
0.08614642862023855
0.08615424518123517
0.08619394340677913
0.08585811889512605
0.08428180282164849
0.08410704383028235
0.08503976494451865
0.08532657756257354
0.08557372612107796
0.08562234886988448
0.08560762870873982
0.08559359972135805
0.08559257713666352
0.08559396722897634
0.0855848660235177
0.08557800779919973
0.08557410286468359
0.08556857216841174
0.08555888050304103
0.08554387368818774
0.08552318584997481
0.08549804081776825
0.0854710963210461
0.08544400706164207
0.08541667483337001
0.08538867840569596
0.08536004243705886
0.08533095187702186
0.0853015171981967
0.08527182118790683
0.08524195055532063
0.08521198408356286
0.08518199240404468
0.08515203886358702
0.0851221823474307
0.08509247764875211
0.0850629748744621
0.0850337185981466
0.08500474825434953
0.08497610082084295
0.0849478129517767
0.08491991905393138
0.08489244781519337
0.08486542321284032
0.08483886902473894
0.08481280951970586
0.08478726563409485
0.08476225421000355
0.08473779157478126
0.08471389427161212
0.08469057601538776
0.08466784737662375
0.084645718440716
0.08462419911812069
0.08460329750226771
0.08458301990368061
0.08456337173809254
0.08454435737961818
0.084525979931445
0.08450824147251071
0.08449114301979163
0.08447468433309271
0.08445886401949627
0.08444367962555993
0.08442912864460969
0.08441520991526233
0.08440191800792884
0.08438924035775458
0.08437717743290937
0.08436562276504762
0.08435416389668393
0.08434300482747656
0.08433419109201293
0.0843285160803274
0.08432213423571593
0.08431285304012556
0.08430408839013677
0.08429749864339174
0.08429153341148535
0.08428593716990848
0.0842809772059939
0.08427662280235809
0.08427283764632845
0.08426965271681222
nan
nan
nan
nan
nan
nan
nan
nan
nan
nan
nan
nan
nan
nan
nan
nan
nan
nan
nan
nan
nan
nan
nan
nan
nan
nan
nan
nan
nan
nan
nan
0.08651566453860163
0.08655872041071966
0.08653896756036578
0.08645641434683993
0.08646350626814753
0.0861769268184166
0.08598352460578526
0.08386030968230124
0.08474781496400824
0.08539707398160165
0.08568335860823226
0.08584332370684136
0.08598378455330741
0.08597463356895751
0.08607678996695059
0.08603352853880317
0.08604857494639964
0.0860773982899891
0.08610218537073093
0.08611870452709396
0.08612693720515381
0.08612826357760804
0.08612393594325114
0.08611487006308745
0.08610177452234366
0.08608530157292164
0.08606606326601862
0.08604460074818696
0.08602140470169962
0.08599686710585026
0.08597130218325985
0.08594497308237858
0.0859180929010863
0.08589084545731618
0.0858633772729347
0.08583580041702721
0.08580823958404718
0.08578079212190132
0.0857535209263463
0.08572649153729608
0.08569976294209584
0.08567338220777436
0.0856473946673163
0.08562185016006589
0.08559677939461777
0.08557215160768009
0.08554789379327919
0.08552402260076034
0.08550074723756496
0.08547829021265246
0.08545659434122457
0.08543540438530242
0.0854146219513427
0.08539437034177406
0.08537475354479739
0.08535574501503859
0.0853373136892322
0.08531949998501571
0.0853022513630111
0.08528508263900383
0.08526777997922608
0.08525287324465422
0.08524401879299692
0.08523922372631687
0.08523045492035673
0.08521277115054449
0.085192850358865
0.08517921635488793
0.08517021153597451
nan
nan
nan
nan
nan
nan
nan
nan
nan
nan
nan
nan
nan
nan
nan
nan
nan
nan
nan
nan
nan
nan
nan
nan
nan
nan
nan
nan
nan
nan
nan
nan
nan
nan
nan
nan
nan
nan
nan
nan
nan
nan
nan
nan
nan
nan
nan
nan
nan
nan
0.08664869329842464
0.08659569798841599
0.08657783573697095
0.08651646104908528
0.08641697652711339
0.08641830779447046
0.08617830539721787
0.08393987956083601
0.08413160207172991
0.08452988097449121
0.08476934427256695
0.08488181003685631
0.08506691886167565
0.08545427373441197
0.0854742402913372
0.08571765429460848
0.0857864328623759
0.08609600719630575
0.08595523371321034
0.08602838222066914
0.08616122541366059
0.08622737718583819
0.08629696027842529
0.08633046865966053
0.08634150022313093
0.08632418266888
0.08628559374095607
0.08624584127952074
0.08621056662900531
0.08617832379813979
0.08614595563875532
0.08611582656894579
0.08608297043387368
0.086056342613329
0.08602867688511097
0.08599893042260182
0.08597612394332033
0.08595812357638076
0.08593559970487524
0.08590184320029504
0.08586468855326451
0.0858369402214218
0.085802690971758
0.08575501433021782
0.08572268303154362
0.08568821242109342
0.08565929328736405
0.08564351720515812
0.08562832770093848
0.08558872036967198
nan
nan
nan
nan
nan
nan
nan
nan
nan
nan
nan
nan
nan
nan
nan
nan
nan
nan
nan
nan
nan
nan
nan
nan
nan
nan
nan
nan
nan
nan
nan
nan
nan
nan
nan
nan
nan
nan
nan
nan
nan
nan
nan
nan
nan
nan
nan
nan
nan
nan
nan
nan
nan
nan
nan
nan
nan
nan
nan
nan
nan
nan
nan
nan
nan
nan
nan
nan
nan
nan
nan
nan
nan
0.08662727858577365
0.0867004543956842
0.08658164453886207
0.08663109163586703
0.08659468536797782
0.08653667478762833
0.08649407841561702
0.08642256067880591
0.08643682041395295
0.08643528951019608
0.08651796143200693
0.08660113240824593
0.0865103642707096
0.08648056812138186
0.08628148039435858
0.08623866195237831
0.08620424033135932
0.08616978136346257
0.08619526529037061
0.08624787714326054
0.08627268279715342
0.08625982517386623
0.08625826995556352
0.0862899968031335
0.0863258506431129
0.08635211312482534
0.08635480653449897
