0.7122424796217816
0.7131034545620638
0.7137522058171252
0.7141866790613924
0.7144048902716005
0.7144047993759925
0.71418422089579
0.7137408115439078
0.7130721095888604
0.7121756307040167
0.7122254707457476
0.7131208874110123
0.713795495511617
0.7142482825935231
0.7144782520031244
0.7144843620079384
0.7142654528447464
0.7138201623251186
0.7131469797575095
0.712244305868083
0.7122753330757073
0.7132453815998536
0.7139725361067663
0.714459652307422
0.7147090518023105
0.7147225422507191
0.7145014295346629
0.7140463169624464
0.7133571215408472
0.712433150927515
0.7123885435301617
0.7134816022397626
0.7142926072202439
0.7148338113305094
0.7151111972972415
nan
0.7149062497320561
0.714433986775282
0.713718621143129
0.7127612447273455
0.7126231027368202
0.7137910346472259
0.714735021195508
0.715361743327928
nan
nan
0.7154877834246833
0.7149939145737411
0.7142472242883855
0.7132466243457088
0.712175773704562
0.7144076807912865
0.7151941827183333
0.7159545372723737
nan
nan
nan
0.7157110497914665
0.7149308171322735
0.7138906565629131
nan
nan
0.7119636355040803
0.7161913308659597
nan
nan
nan
nan
0.715720408968529
0.7146547334057387
nan
nan
nan
0.7150375521589252
nan
nan
nan
nan
0.7164316862016469
0.7153893038831372
nan
nan
nan
nan
nan
nan
0.7143654708857544
nan
nan
0.7152988809006526
nan
nan
nan
nan
nan
nan
nan
nan
0.7133165616874141
nan
