0.7092906638877571
0.7093774997321852
0.7094626112060513
0.7095459959676174
0.7096276517880445
0.7097075763498127
0.7097857674047698
0.7098622227293252
0.7099369401176743
0.7100099173950474
0.7100811524086459
0.7101506430352498
0.7102183871742059
0.7102843827529708
0.7103486277196861
0.7104111200493638
0.7104718577361242
0.7105308387987074
0.7105880612755967
0.7106435232282162
0.7106972227335122
0.7107491578915274
0.7107993268152348
0.7108477276401066
0.7108943585154213
0.710939217606414
0.7109823030926997
0.711023613168995
0.7110631460426123
0.7111008999339317
0.7111368730752358
0.711171063710315
0.7112034700929701
0.7112340904868345
0.7112629231669279
0.7112899664137006
0.7113152185176556
0.7113386777765752
0.7113603424956642
0.711380210985602
0.7113982815637047
0.7114145525529565
0.7114290222817146
0.7114416890816707
0.7114525512895453
0.7114616072473146
0.7114688552982376
0.7114742937906926
0.7114779210726528
0.7114797355051468
0.7114797354367683
0.7114779192254126
0.7114742852395134
0.7114688318319099
0.711461557370963
0.71145246022062
0.7114415387489046
0.711428791323646
0.7114142163146226
0.7113978120934688
0.7113795770317095
0.711359509503955
0.7113376078849252
0.7113138705501422
0.7112882958776754
0.711260882246278
0.7112316280361051
0.7112005316298369
0.7111675914095166
0.7111328057608566
0.7110961730712053
0.7110576917281755
0.7110173601236986
0.7109751766493644
0.7109311396998583
0.7108852476738601
0.7108374989692
0.7107878919883581
0.7107364251359791
0.7106830968180456
0.710627905442974
0.7105708494234132
0.7105119271717297
0.7104511371041419
0.7103884776372726
0.7103239471897943
0.7102575441802502
0.710189267026828
0.7101191141484271
0.710047083961054
0.709973174875631
0.7098973852971107
0.7098197136183811
0.7097401582386812
0.7096587174969469
0.709575389750203
0.7094901733097864
0.7094030663718622
0.7093140672402873
0.7092231736478651
0.7092943926212141
0.7093897899805703
0.7094969781601178
0.7095685084850814
0.709647612100873
0.7097342268572273
0.7098129594175284
0.7098939179642679
0.7099711209314267
0.7100470024306742
0.710121281968632
0.7101933742070551
0.710263862498336
0.710332445510549
0.7103991982420224
0.7104641220560235
0.7105272104734472
0.7105884627182192
0.7106478757204613
0.710705452269062
0.7107611896833589
0.7108150880571011
0.7108671461836217
0.710917363439638
0.7109657395750184
0.7110122736909938
0.7110569652475413
0.711099813670345
0.7111408182602712
0.7111799784894202
0.7112172938137707
0.7112527636099104
0.7112863872959765
0.7113181643169314
0.7113480940942867
0.7113761760431894
0.7114024095959799
0.7114267941921888
0.7114493292618669
0.7114700142293381
0.7114888485198209
0.7115058315593498
0.7115209627733654
0.7115342415842781
0.7115456674127213
0.7115552396744547
0.7115629577835045
0.7115688211508899
0.711572829184613
0.7115749812865562
nan
0.7115737153087842
0.7115702960177426
0.7115650183781658
0.7115578817760424
0.7115488855937232
0.7115380292090486
0.7115253119979708
0.7115107333299708
0.711494292574349
0.7114759890953153
0.7114558222544984
0.7114337914109896
0.7114098959207162
0.7113841351369792
0.7113565084115185
0.7113270150961402
0.7112956545421429
0.7112624260981167
0.7112273291107842
0.7111903629256003
0.711151526895247
0.711110820376605
0.7110682427195938
0.7110237932727637
0.7109774714069191
0.7109292764892032
0.7108792078607239
0.7108272649048115
0.7107734470234114
0.7107177535581948
0.7106601839481566
0.7106007375913834
0.710539413793648
0.7104762121012298
0.7104111318336717
0.7103441725498607
0.7102753337483951
0.7102046142437486
0.7101320144655188
0.7100575327115632
0.7099811723292223
0.7099029223183462
0.7098227936333709
0.7097407998891383
0.7096568587868028
0.7095711397374194
0.7094834317648049
0.7093938336261552
0.7093025921101788
0.7094123011766647
0.7095110978558464
0.709607732218386
0.7097023414989285
0.709794647438564
0.7098849440638184
0.7099731485981262
0.7100596323274413
0.7101427069341875
0.7102273480227796
0.7103020085043783
0.7103890540285034
0.7104520814399053
0.7105379966562998
0.7106078854797413
0.7106262162737091
0.7108146102978613
0.7110452801923417
0.7109160998175329
0.7109284823574313
0.7110133317768133
0.7110415984720806
0.7111117399654657
0.7111650641435096
0.7112103024899492
0.7112642093011112
0.7113117742765308
0.7113559212736292
0.7114002543086693
0.711442176619256
0.711481687649441
0.7115194367060984
0.7115552194096816
0.7115889983752512
0.7116208333215874
0.7116506852535274
0.7116785471326873
0.7117044466311447
0.7117283880607252
0.7117503633730118
0.711770373572874
0.711788424306075
0.7118045179583614
0.7118186545229673
0.7118308348398733
0.7118410611916373
0.7118493362207496
0.7118556621303719
0.7118600406315203
nan
nan
nan
nan
nan
nan
0.7118362864323692
0.7118251387877508
0.7118120568004456
0.7117970417646805
0.7117800949320762
0.7117612175198524
0.7117404107280354
0.7117176757591628
0.7116930138260447
0.7116664261181894
0.711637913689535
0.7116074773091325
0.7115751174485563
0.7115408346468717
0.7115046301540433
0.7114665059668773
0.7114264633844571
0.7113845015907887
0.7113406200722928
0.7112948231961156
0.7112471155144877
0.7111974893687973
0.7111459363574301
0.7110924741149134
0.7110371088336211
0.7109798083992475
0.7109206346131283
0.7108596152128762
0.7107964175593582
0.7107313091633576
0.7106651710525367
0.7105962267631147
0.7105240318233099
0.7104537739895612
0.7103797335262163
0.7102978992132796
0.710227289912944
0.7101461106058561
0.7100502286071586
0.7100286936251162
0.7099542162572203
0.7098087135374859
0.7097048701844613
0.7096286898801336
0.7095265177590775
0.7096160977747926
0.7097277837278173
0.7098333789973319
0.709940435596367
0.7100476635096987
0.7101514196141695
0.7102521405493193
0.7103502095812182
0.7104457036640901
0.7105386683518318
0.7106290920346237
0.710717398465235
0.7108027007900874
0.7108857291616655
0.7109663927243084
0.7110446412753665
0.7111204965226454
0.7111939725438242
0.7112650790148696
0.7113338323320887
0.7114002439083157
0.7114643272008675
0.7115260819285122
0.7115855456493859
0.7116427021507982
0.7116975754346015
0.7117501631541308
0.7118003835968284
0.7118490070277869
0.7118937658045474
0.7119373206413095
0.7119825807188541
0.7120144724773133
0.7120507949451593
0.7121030035259867
0.7121184241017892
0.7121095846618981
0.7121746968098062
0.7122877808115718
0.7123784563102153
0.7123560996147393
0.7122507987612842
0.7122419365955551
0.7122930816890076
0.7123378975730009
0.7123480913350082
0.712337987071302
nan
nan
nan
nan
nan
nan
nan
nan
nan
nan
nan
nan
nan
0.7122447417609632
0.712223374186514
0.712200574649756
0.7121763549360365
0.7121505838229314
0.712122814241007
0.7120921070627516
0.7120570276115361
0.7120161416318879
0.7119693133067153
0.7119195101771272
0.7118735252944494
0.7118389369728466
0.7118155498491656
0.7117860816812056
0.7117230552430558
0.7116219982231239
0.7115508474813707
0.7116699511917352
0.7117837769503305
0.7116641961477637
0.7114648939084312
0.7112790488318727
0.7111609087843106
0.7111398415147595
0.7111245674432101
0.71102730894758
0.7109337183087946
0.7108784526100548
0.7108027761188414
0.7107128473709057
0.7106361711603035
0.7105542034973655
0.7104663979579671
0.7103801410466349
0.7102909387109343
0.7101996516090178
0.7101065993263963
0.7100116005368038
0.7099146605401538
0.7097333916373103
0.7098792010882173
0.7100206562587971
0.7101581226605922
0.7102903195829076
0.7104124790378618
0.7105455910495417
0.7106677937556023
0.7107857281834822
0.7109001206057565
0.7110109888778123
0.7111180390669356
0.7112209940676069
0.7113235880553226
0.7114210734622561
0.7115151001975304
0.7116060769618155
0.7116939293325567
0.7117787141223604
0.7118601842682677
0.7119390646305718
0.7120148939693494
0.7120876502760688
0.712157532338271
0.7122245444048154
0.7122887162674252
0.7123500831571149
0.7124086728146736
0.7124645148731847
0.7125176376545449
0.7125680676992487
0.7126158356941517
0.712660951688496
0.7127034644075536
0.7127433805313517
0.7127807285116144
0.7128155073936182
0.7128478044043617
0.7128775598684586
0.7129048633444005
0.7129296461578227
0.7129519973366706
0.7129720057704096
0.7129895060627517
0.7130046858579321
nan
nan
nan
nan
nan
nan
nan
nan
nan
nan
nan
nan
nan
nan
nan
nan
nan
nan
nan
nan
0.7127945358825112
0.7127595986037885
0.7127224004596123
0.7126830726345806
0.7126417945167342
0.7125987455741608
0.7125540157970977
0.7125075251086929
0.7124590320909822
0.7124082764242451
0.7123551768258214
0.712299888328189
0.7122426138783795
0.7121833773147364
0.7121220619370983
0.712058640851065
0.7119932169735704
0.7119258246991662
0.7118563912330422
0.7117849035834117
0.7117114077053361
0.7116358998666897
0.7115583741295829
0.7114788535127493
0.7113973314988348
0.7113138078323538
0.7112282928801176
0.7111407899728498
0.7110513033690548
0.7109598358049487
0.7108663935871208
0.7107709665722287
0.7106735053401363
0.7105741321203707
0.7104728822963784
0.7089871263989233
0.7093039889330647
0.7095481448131753
0.7097867999723304
0.7100108767553369
0.7102171161851533
0.710447251153847
0.7106217980920675
0.7108409231883851
0.7109182289260415
0.711067819223622
0.711334554945986
0.7113479909741971
0.711530765493102
0.7116935941382327
0.7118336086533876
0.71196186858832
0.7120856190699054
0.7122042523864393
0.7123176897908742
0.7124261215761208
0.7125297949661478
0.712628825180861
0.7127233426911262
0.7128135257179925
0.7128994695867573
0.7129812623946381
0.7130588781578635
0.7131330080150686
0.7132030801663162
0.7132693479820589
0.7133319735745949
0.7133909919065522
0.7134464300340989
0.7134982546858999
0.7135449117582212
0.7135936241419548
0.7136352340916033
0.7136739918024055
0.713709663638556
0.713742263144829
0.7137718147750329
0.7137983535499107
nan
nan
nan
nan
nan
nan
nan
nan
nan
nan
nan
nan
nan
nan
nan
nan
nan
nan
nan
nan
nan
nan
nan
nan
nan
nan
nan
nan
nan
0.7133535768754797
0.7133011878854263
0.7132469076772765
0.7131905398310825
0.7131319064493
0.7130710300811882
0.7130080890826275
0.7129429394960305
0.712875678184975
0.712806293580152
0.7127347877222391
0.7126611800115423
0.712585470499517
0.7125076688145854
0.7124277849189061
0.7123458250026139
0.7122617954858632
0.7121757056706103
0.7120875638672906
0.7119973692257999
0.7119051408329473
0.7118108917974828
0.711714646289194
0.7116169251173966
0.711515943622391
0.7114136123803985
0.711309245453648
0.7112028824970456
nan
nan
nan
nan
nan
nan
nan
nan
nan
0.708195524731397
0.7096566438948905
0.7092379566806949
0.7104652886676561
0.7104163147391378
0.7102689894367442
0.7108536737891383
0.7111758424627708
0.7117272518094163
0.7119216738702275
0.7121091555846908
0.7124241734974979
0.7124486741371006
0.7126391374159711
0.7128059869740859
0.7129636163411277
0.7131137404470862
0.7132548766019162
0.7133897185512253
0.7135100042402867
0.7136490613092672
0.7137266553135962
0.7137604259598989
0.7140430496855583
0.7141485232719516
0.7143456528828984
0.7141074324357883
0.7142637811031399
0.7142781787661485
0.714365271327408
0.8219906968767013
0.8220740373339233
0.822149877294412
0.8222274581402276
0.8223051429905267
0.8223822473875655
0.8224590196290095
nan
nan
nan
nan
nan
nan
nan
nan
nan
0.8231800572199053
0.8232458179918849
nan
nan
nan
nan
nan
nan
nan
nan
nan
nan
nan
nan
nan
nan
nan
nan
nan
0.8241734589141125
0.8242100379167263
0.8242451521395949
0.8242787753123676
0.7139722292280889
0.713904229348357
0.713833996973716
0.7137614938941679
0.7136866052191441
0.7136091538057985
0.713529046758639
0.7134464891992982
0.713362016301015
0.713276027445635
0.7131881612215558
0.713097693837048
0.7130047863432099
0.7129101557538765
0.7128135940314857
0.712714740073888
0.7126125183469879
0.7125108598978886
0.7124143256401989
0.7122739373977649
0.7121842420051689
0.7120755143963059
nan
nan
nan
nan
nan
nan
nan
nan
nan
nan
nan
nan
nan
nan
nan
nan
nan
nan
nan
nan
nan
nan
nan
nan
nan
nan
nan
0.7121476591375946
0.7122831955946036
0.7126027470524288
0.7128599042874929
0.7131448447716232
0.7133237233011345
0.7135392056679597
0.713737128284605
0.7139299718035046
0.7141054115687336
0.8196153944630458
0.8196537785080777
0.8196953333568961
nan
nan
nan
nan
nan
0.8200151973064471
0.8200770950274556
0.8201405643160999
0.8202053223137473
0.8202709851069997
0.8203374773533141
0.8204046855464521
0.8204719586297722
0.8205391534956954
nan
nan
nan
nan
nan
0.8212976278648285
0.8212275761851475
0.821163560881253
0.8211660565169461
0.8212224879839991
0.8212962939187713
0.821356065534165
0.8214142666560623
0.8214579368130576
0.8215117378910449
nan
nan
nan
nan
nan
nan
nan
nan
nan
nan
0.8220694508987316
0.8221120522385179
0.8221535525916726
0.8221936694424692
0.8222324488002485
0.8222698727741569
0.8223059592325332
0.8223405377506809
0.7142678198622753
0.7141733486140613
0.7140798588866517
0.7139844810093012
0.7138869762421288
0.71378754924394
0.7136840031432287
0.7135801693551291
0.7134736412807098
0.7133648508087276
0.7132538775090059
0.7131407776879133
0.7130254866194109
nan
nan
nan
nan
nan
nan
nan
nan
nan
nan
nan
nan
nan
nan
nan
nan
nan
nan
nan
nan
nan
nan
nan
nan
nan
nan
nan
nan
nan
nan
nan
nan
nan
nan
nan
nan
nan
nan
nan
nan
nan
nan
nan
nan
nan
nan
nan
nan
nan
nan
nan
nan
nan
nan
nan
nan
nan
0.8189795948285418
0.8190211812860118
0.8190649995759637
0.8191107621961186
0.8191582185081201
0.8192067833843557
0.8192557673250167
0.8193061458734812
0.8193619483216897
0.8194134135466036
0.8194667453087008
0.8195200000223454
0.8195736428394177
0.8196274526655518
nan
nan
nan
nan
nan
nan
0.8200012339720195
0.8200532763379996
0.8201047661729668
0.8201555835896344
0.8202058561721923
0.8202555568301048
0.8203044953406726
0.8203525949268518
0.820400061784322
0.820446902602919
0.8204926324326967
0.8205368780853457
0.8205799320077005
0.8206226524215261
nan
0.714626206056917
0.7145272219013987
0.7144295343234252
0.7143336336734256
0.7142011487047959
0.7140927168242701
0.7139848233624696
0.7138608425649684
nan
nan
nan
nan
nan
nan
nan
nan
nan
nan
nan
nan
nan
nan
nan
nan
nan
nan
nan
nan
nan
nan
nan
nan
nan
nan
nan
nan
nan
nan
nan
nan
nan
nan
nan
nan
nan
nan
nan
nan
nan
nan
nan
nan
nan
nan
nan
nan
nan
nan
nan
nan
nan
nan
nan
nan
nan
nan
nan
nan
nan
nan
nan
0.8185052944039302
0.8184977224065673
0.8184893570979173
0.8184839785047998
0.8184857037356417
0.8184928298821881
0.8184999675151201
0.8185033308334568
0.8185070744758328
0.8185215208788583
0.8185497771004036
0.8185816111170348
0.8186079792638762
0.8186325612330754
0.8186615762759989
0.8186943041183281
0.8187278126394076
nan
nan
nan
nan
nan
nan
0.8189938792175916
0.8190354087269649
0.8190774592851577
0.8191199107744412
0.8191627843008475
0.819205821977937
0.8192492068137918
0.8192921733140455
0.8193362965823461
0.8193783015605227
0.819422469819061
0.8194639961933525
0.8194828339910921
0.8195650531969861
