2.0665167551880675e-06
1.250115074126115e-06
6.378138133296507e-07
2.2961297279867423e-07
2.551255253318604e-08
2.5512552533185993e-08
2.2961297279867423e-07
6.378138133296503e-07
1.2501150741261149e-06
2.0665167551880675e-06
2.0665167551880675e-06
1.250115074126115e-06
6.378138133296507e-07
2.2961297279867423e-07
2.551255253318604e-08
2.5512552533185993e-08
2.2961297279867423e-07
6.378138133296503e-07
1.2501150741261149e-06
2.0665167551880675e-06
2.0665167551880675e-06
1.250115074126115e-06
6.378138133296507e-07
2.2961297279867423e-07
2.551255253318604e-08
2.5512552533185993e-08
2.2961297279867423e-07
6.378138133296503e-07
1.2501150741261149e-06
2.0665167551880675e-06
2.0665167551880675e-06
1.250115074126115e-06
6.378138133296507e-07
2.2961297279867423e-07
2.551255253318604e-08
2.5512552533185993e-08
2.2961297279867423e-07
6.378138133296503e-07
1.2501150741261149e-06
2.0665167551880675e-06
2.0665167551880675e-06
1.250115074126115e-06
6.378138133296507e-07
2.2961297279867423e-07
2.551255253318604e-08
2.5512552533185993e-08
2.2961297279867423e-07
6.378138133296503e-07
1.2501150741261149e-06
2.0665167551880675e-06
2.0665167551880675e-06
1.250115074126115e-06
6.378138133296507e-07
2.2961297279867423e-07
2.551255253318604e-08
2.5512552533185993e-08
2.2961297279867423e-07
6.378138133296503e-07
1.2501150741261149e-06
2.0665167551880675e-06
2.0665167551880675e-06
1.250115074126115e-06
6.378138133296507e-07
2.2961297279867423e-07
2.551255253318604e-08
2.5512552533185993e-08
2.2961297279867423e-07
6.378138133296503e-07
1.2501150741261149e-06
2.0665167551880675e-06
2.0665167551880675e-06
1.250115074126115e-06
6.378138133296507e-07
2.2961297279867423e-07
2.551255253318604e-08
2.5512552533185993e-08
2.2961297279867423e-07
6.378138133296503e-07
1.2501150741261149e-06
2.0665167551880675e-06
2.0665167551880675e-06
1.250115074126115e-06
6.378138133296507e-07
2.2961297279867423e-07
2.551255253318604e-08
2.5512552533185993e-08
2.2961297279867423e-07
6.378138133296503e-07
1.2501150741261149e-06
2.0665167551880675e-06
2.0665167551880675e-06
1.250115074126115e-06
6.378138133296507e-07
2.2961297279867423e-07
2.551255253318604e-08
2.5512552533185993e-08
2.2961297279867423e-07
6.378138133296503e-07
1.2501150741261149e-06
2.0665167551880675e-06
