0.7122424812740462
0.7131034552560227
0.7137522061030093
0.7141866791897404
0.7144048902746964
0.7144047993867025
0.7141842210152807
0.7137408117610455
0.7130721103321171
0.7121756325402916
0.712225495848711
0.7131208982347731
0.7137954998263599
0.7142482870609127
0.7144782522605989
0.7144843621965538
0.7142654560393392
0.7138201646769965
0.7131469847730892
0.7122443152322566
0.7122755124745884
0.7132454701545266
0.7139725769493883
0.7144596753911938
0.714709057417028
0.7147225459264575
0.7145014405036823
0.7140463353634489
0.713357154926666
0.7124332023193515
0.7123887641241522
0.7134823870367937
0.7142904949047898
0.7148339986809552
0.7151112318131887
nan
0.714906294567713
0.7144340386631896
0.7137188042118536
0.7127614507083426
0.7126185992952816
0.7137928632435757
0.7147360686970486
0.7153622383993292
nan
nan
0.7154879567399872
0.7149945333658898
0.7142453712504082
0.7132472159086141
0.712217831353547
0.7142842980600236
0.7151885202440409
0.7159575004946941
nan
nan
nan
0.7157118577645428
0.7149316959657187
0.7138917985565085
nan
nan
0.711897570014483
0.7161917441056131
nan
nan
nan
nan
0.7157338640735261
0.7146572241104108
nan
nan
nan
0.7150054555018363
0.7136439396327476
nan
nan
nan
0.7164346278870892
0.715393749136959
nan
nan
nan
nan
nan
nan
0.7142974750267581
nan
nan
0.7153250620614264
nan
nan
nan
nan
nan
nan
nan
nan
0.7133578051872422
0.7133326500022441
