1.6293740826409648e-21
1.6293744443055953e-21
1.6293745697975173e-21
1.629374279626199e-21
1.6293744867453755e-21
1.6293744334410273e-21
1.629374400687495e-21
1.6293744229962397e-21
1.6293744261663325e-21
1.6293744208633084e-21
1.6293744048289185e-21
1.6293744176656388e-21
1.6293744134943153e-21
1.6293744099525783e-21
1.6293744060120293e-21
1.6293744064845923e-21
1.6293744088088648e-21
1.6293744051023644e-21
1.6293744055524182e-21
1.629374404624445e-21
1.6293744058280428e-21
1.6293744073248876e-21
1.6293744071623752e-21
1.6293744078662545e-21
1.6293744090352458e-21
0.08303613403822303
0.08302387537863964
0.0830120473904069
0.08300066004518637
0.08298972289829872
0.08297924508945123
0.08296923534629012
0.08295970198595422
0.08295065291590878
0.08294209563312432
0.08293403722827625
0.08292648438498376
0.08291944338052305
0.08291292008685142
0.08290691997090904
0.08290144809557735
0.08289650911900354
0.08289210729580018
0.08288824647576085
0.08288493010590677
0.08288216122738776
0.08287994247753275
0.08287827608882961
0.08287716388758132
0.08287660729323332
0.08287660731776621
0.08287716456710181
0.08287827923574104
0.08287995110748947
0.08288217955541445
0.08288496353823202
0.08288830160031317
0.08289219186837901
0.08289663205114728
0.08290161943542157
0.08290715088690027
0.08291322284428518
0.08291983131957023
0.08292697189381758
0.08293463971556228
0.08294282949660178
0.08295153551049332
0.08296075158788455
0.08297047111485006
0.08298068702710773
0.08299139180740506
0.08300257748287626
0.08301423561983046
0.08302635731839746
0.08303893320965147
0.08305195345480251
0.08306540773295107
0.0830792852344787
0.0830935746729852
0.08310826425741105
1.6293744232306856e-21
1.6293744242505257e-21
1.6293744231733651e-21
1.6293744280919254e-21
1.6293744179503394e-21
1.6293744184085181e-21
1.6293744147932347e-21
1.6293744264359145e-21
1.6293744067772615e-21
1.6293744023811699e-21
1.6293744010556967e-21
1.6293744477660942e-21
1.62937433965699e-21
1.6293744288325658e-21
1.6293744034977278e-21
1.6293744270040277e-21
1.629374289014963e-21
1.6293744166706312e-21
1.6293748840790592e-21
1.6293730166978425e-21
0.0838268942521083
0.0838065893573249
0.08380438516515745
0.08376854569774157
0.08373747678363713
0.08372253485945844
0.08369499362081434
0.08367699210847002
0.08365421549546442
0.08363295562540524
0.08361260653922975
0.0835913419664531
0.08357105950282998
0.08355078864529511
0.08353080265004612
0.08351112653277103
0.08349175684676235
0.08347270910790305
0.08345399024416486
0.08343562729399703
0.08341762726763509
0.08340000638999195
0.0833827758845037
0.08336594852732382
0.08334953771442412
0.08333355428626693
0.08331800975034234
0.08330291500549619
0.08328828018020669
0.08327411541070694
0.08326043030383712
0.08324723383859618
0.08323453466017876
0.08322234102438508
0.08321066069963365
0.08319950101926187
0.08318886891649252
0.08317877089977982
0.08316921303721433
0.08316020096422821
0.08315173989372922
0.0831438346166256
0.0831364894997611
0.08312970848458953
0.08312349508821146
0.08311785240373512
0.08311278310079605
0.08310828942534004
0.08310437319938305
0.08310103582056508
0.08309827826158023
0.08309610106993731
0.08309450436727714
0.08309348784853807
0.08309305078108083
0.08309319200310679
0.08309390992303847
0.08309520251801905
0.08309706733245015
0.08309950147634729
0.08310250162407909
0.0831060640121167
0.0831101844371069
0.0831148582532385
0.08312008036935563
0.0831258452478666
0.08313214690365645
0.08313897890303179
0.08314633435544633
0.08315420590235612
0.08316258572034739
0.08317146553875604
0.08318083663120153
0.08319068976832991
0.08320101523382545
0.08321180290423438
0.08322304214429402
0.08323472168380022
0.08324682992447761
0.08325935486010651
0.08327228363689258
0.08328560336241145
0.08329930043947782
0.08331335990626454
0.08332776801419682
0.08334250882036173
0.08335756742628124
0.0833729280720716
0.0833885686689099
0.08340447988069119
0.08342063407475532
0.08343704382871872
0.08345360729235221
0.08347039491091188
0.08348749109409909
0.08350428278097674
0.0835219337254186
0.08353902312927486
0.0835562284624993
0.08357461723954791
0.08477187613374734
0.08474263391844458
0.08471344315811881
0.08468434653035556
0.08465520764680198
0.08462629863042606
0.08459751603733048
0.0845686520842674
0.08454062908250616
0.08451183014945438
0.08448379022225366
0.08445756981358257
0.08442580950615769
0.0844040090409496
0.08437597488128684
0.0843135295377289
0.08437563560404351
0.0844757372686176
0.08430797566780072
0.08423990456981191
0.08423856402122773
0.08418668981617974
0.08417655821566022
0.08415287960621855
0.08412383665025046
0.08410532445960878
0.08408324209635754
0.08406040137329243
0.08403999494330391
0.08401973444311878
0.08399966549299062
0.08398031658823311
0.08396153053563249
0.0839432890316179
0.08392563707626385
0.08390855623636223
0.08389205075234427
0.08387614106212812
0.08386083336703805
0.08384612893548496
0.08383203307097362
0.08381855192398846
0.08380568992481802
0.08379345062664939
0.08378183754726001
0.08377085402924785
0.08376050292259957
0.08375078651678536
0.08374170661109823
0.08373326457125049
0.08372546134036807
0.08371829743015738
0.08371177291207409
0.08370588741428713
0.08370064012104123
0.0836960297732516
0.08369205466822899
0.08368871265847283
0.08368600115097717
0.08368391710549031
0.08368245703465244
0.08368161700712115
0.08368139265750521
0.08368177919915157
0.08368277142448526
0.08368436366078161
0.08368654966007955
0.08368932250588539
0.08369267475163403
0.08369659891036596
0.08370108774818935
0.08370613331363508
0.083711725347903
0.08371785297120958
0.08372450982476119
0.08373169037642854
0.08373937458415222
0.08374753862955332
0.08375619158389144
0.08376533003800732
0.08377489450510059
0.08378496184750292
0.08379556587013591
0.08380616453899584
0.08381715657401226
0.08382997286089924
0.08384169109921963
0.08385158269528188
0.08386805904458822
0.0838817369103548
0.0838867670894771
0.08391176332496915
0.08392396222570536
0.08392076185777944
0.08400157510109528
0.08401751113406669
0.08398208528797466
0.08398861116599513
0.08400988400726939
0.08402365443731638
0.08613837751432868
0.08610098661600632
0.08606331790041724
0.08602578890672702
0.0859884187290688
0.08595106071727285
0.08591374403932747
0.08587652754306846
0.08583944698574175
0.08580253271086716
0.08576580647433663
0.08572938504292368
0.08569309316572427
0.08565711332447638
0.08562145059145138
0.08558611166852148
0.0855511220141562
0.08551650255635104
0.08548227490740742
0.08544845622975232
0.0854150720152472
0.08538214166318422
0.08534965748145354
0.08531768674823346
0.08528619659655715
0.0852552613360284
0.08522476743521169
0.08519459253586203
0.08516662623409367
0.08513547231217487
0.08510760652033371
0.08508634584844871
0.08504837183965414
0.08502217154180225
0.08501751127491616
0.08497233387450581
0.08491663424041149
0.08492332003985519
0.08496707202620028
0.08497774254313631
0.08491048618754962
0.0848300295110811
0.08480106039913503
0.0847954960534208
0.08478455362457096
0.08476519212741837
0.08474422328947584
0.08472589020541381
0.0847100881901259
0.08469540574312852
0.08468109829484735
0.08466716580926709
0.08465383293648879
0.08464123925397551
0.08462940457638493
0.08461829593555734
0.0846078818531613
0.08459815080684022
0.0845891093475824
0.08458077648135791
0.0845731818406017
0.08456636783907373
0.08456039115805908
0.08455531395664115
0.0845511693375556
0.08454788391404916
0.08454515837448637
0.0845423691084051
0.08453866732197796
0.0845335394555419
0.08452792279839556
0.0845252236744106
0.08453029379118832
0.08454418415171894
0.08455734272825821
0.08455228526884156
0.08452301260252904
0.08451410606770093
0.0846374777360867
0.08476084761872071
0.08472828412267755
0.08463835514375975
0.08455881356750775
0.08452953156790013
0.08456911341922918
0.08461126259370103
0.08460369561249198
0.0846013394240274
0.08462006623780191
0.0846299344765556
0.0846362039522548
0.08464715856650007
0.08465761879740927
0.08466833956534632
0.08467905096107134
0.08469029581200571
0.08470185620438914
0.08471357745185137
0.08472551817512766
0.08473767674734822
0.08770299955419457
0.08766440044992534
0.08762497663728028
0.0875845992073578
0.08754485804707979
0.08750194082076691
0.08746135062953879
0.08741934240638621
0.08737685834914528
0.08733436291650104
0.08729167271858447
0.08724860944560228
0.08720489794547459
0.08716365386700806
0.08712089179123311
0.08707819173067144
0.08703569486121837
0.0869933859789621
0.08695130795751996
0.08690945531021352
0.08686795903163154
0.08682678142811814
0.08678594268627626
0.08674549742463471
0.08670546978756062
0.0866658842779075
0.08662676799995689
0.08658814487605432
0.0865500376531679
0.0865124681888035
0.08647545774830243
0.0864390242522263
0.08640318759575119
0.0863679675141448
0.0863333724309994
0.08629943150359352
0.08626614790541316
0.08623353283165977
0.0862016230813036
0.08617039936057647
0.08613986464430747
0.08611009719287879
0.08608107688251407
0.08605276366069725
0.08602519983173089
0.08599840266872683
0.08597236708345554
0.08594710188318039
0.08592261348293279
0.08589890692921098
0.08587598566778668
0.08585385149312508
0.08583250784510654
0.0858119571933556
0.08579219930911858
0.08577323538161967
0.08575506546245074
0.08573768940763127
0.0857211042698445
0.08570530602558285
0.08569029063372129
0.08567605552377619
0.08566259913200135
0.0856499201169421
0.08563801732667606
0.08562688947688142
0.08561653489029497
0.08560695020578923
0.08559812760632189
0.08559005201936917
0.08558270125237213
0.08557605200773745
0.08557009056850731
0.08556481964398703
0.08556025111243518
0.08555638709430376
0.08555320935084623
0.08555069170778906
0.08554881843105124
0.08554758170057135
0.085546969902681
0.08554697185685492
0.08554757736530477
0.0855487651117607
0.08555051712110548
0.08555282929895205
0.08555568112415399
0.08555905271721911
0.08556294240912068
0.08556732409624895
0.08557217525944982
0.08557748781205979
0.08558323585915151
0.0855894095509746
0.08559598455675056
0.08560293981068978
0.08561025443276679
0.08561789317854906
0.08562586976097666
0.08563415884869682
0.08901817531822478
0.08902055008976682
0.08901060803997979
0.08900111923785642
0.08898617474856903
0.08896659186800181
0.0889725033090309
0.08894727173239789
0.0889926849105078
0.08902232763159386
0.08879464010740967
0.08872390673237487
0.08872114731683309
0.08867047326137134
0.08863664178190814
0.08859709311041516
0.08855838265922351
0.08851807115173063
0.08847706632467678
0.0884354891112415
0.08839351039105653
0.0883510845643543
0.08830824039954971
0.0882651382376568
0.08822194033843092
0.08817867290424225
0.08813537694190027
0.08809214981757613
0.08804908072372664
0.08800617144211414
0.08796348580562004
0.0879210790415556
0.08787898066988233
0.08783720597072506
0.08779573978981971
0.08775360047436868
0.0877153295042506
0.08767515268006482
0.08763574442695654
0.08759695295931746
0.08755877722353303
0.08752122993149192
0.08748432843715165
0.08744809227399145
0.087412540917966
0.08737769191778769
0.08734356254890442
0.087310166339507
0.08727751855495942
0.08724563150475703
0.08721451640904888
0.08718418359799165
0.08715464200075927
0.08712589960689732
0.08709796330609282
0.08707083896708852
0.08704453144106798
0.08701904463454374
0.08699438154270683
0.08697054426729761
0.08694753411161722
0.08692535142543967
0.08690399589105158
0.08688346634244629
0.08686376087815154
0.08684487684243172
0.08682681091885402
0.08680955906626647
0.08679311580680266
0.08677747894268695
0.08676263041885304
0.0867485961526798
0.0867352688372878
0.08672295878084044
0.08671136022276672
0.08670011846976537
0.08669003192360025
0.08668047273843532
0.08667178109344485
0.08666373485372067
0.08665642268072044
0.08664980309596568
0.08664386150516223
0.08663859129181616
0.08663397615543364
0.08663000183030056
0.08662665469526706
0.08662391925354207
0.08662177976212522
0.08662022142569989
0.0866192258832678
0.08661877937725283
0.08661885619532042
0.08661945370973262
0.08662055349426631
0.08662218038271577
0.08662416854101843
0.0866264511213458
0.08662960714315415
0.08663324370056641
nan
nan
nan
nan
nan
nan
nan
nan
nan
0.08925766123215205
0.08955905652987367
0.08946174266591447
0.08963341934989669
0.08964219003656947
0.08963633202446056
0.08966467893448231
0.08967440309006304
0.08970309168136434
0.08969548536799452
0.08968353691895012
0.08969304217025875
0.08964402361072321
0.08962619624066795
0.08960285895557946
0.08957721519155445
0.0895495272479106
0.0895201779201001
0.08949029496977498
0.0894525942097069
0.08943722276092995
0.08937190303670739
0.08927531640564632
0.08939729228646487
0.08937855467184144
0.08939398383676413
0.0891361109789317
0.08912710240033846
0.08908148204924207
0.08903731384515737
0.0890047237635575
0.08896298630076889
0.08892505012910483
0.0888862570535035
0.08884743226215758
0.08880887013161812
0.08877048279293537
0.08873236386522995
0.08869459343265135
0.088657212783254
0.08862026975069426
0.08858381130752169
0.08854787351844556
0.08851248889832097
0.08847769271919681
0.08844351033955833
0.08840996782125249
0.0883770876571268
0.08834489014420455
0.08831339313483587
0.08828261269181378
0.08825256285547771
0.08822325592037236
0.08819470251047826
0.08816691167976164
0.08813989106559847
0.0881136477263873
0.08808818359713672
0.08806350620141096
0.08803962821658193
0.08801652675358658
0.08799419019243024
0.08797267691043129
0.08795203996753086
0.0879322465140982
0.08791326739426882
0.08789497763128831
0.08787742044028815
0.08786060888548634
0.0878445626748729
0.08782931261785826
0.08781485485394797
0.08780114751341776
0.08778809322530183
0.08777554933103533
0.08776341762325443
0.08775179484566661
0.0877410145370181
0.08773134750689843
0.08772254750101645
0.08771407019794147
0.08770596998997471
0.08769872537678844
0.08769214238644667
0.08768605472726645
0.08768064458762505
0.08767508133518562
0.08766485899240646
0.08768625587855469
0.08766736142521629
0.08766172988171485
nan
nan
nan
nan
nan
nan
nan
nan
nan
nan
nan
nan
nan
nan
nan
nan
nan
nan
nan
nan
nan
nan
nan
nan
nan
nan
nan
0.09011821312117596
0.0901437781479223
0.09017479417114843
0.09019768539293888
0.0902216652575409
0.09022003028951689
0.09022312163934637
0.09022613683120058
0.09019551314190173
0.09020304699610385
0.0901923287098447
0.0901730817242964
0.0901523023874246
0.09012958797957646
0.09010524076220877
0.09007908971034559
0.09005141820300366
0.0900224924425814
0.08999238396020051
0.08996144247126184
0.0899297084259072
0.08989731338975598
0.08986451232856768
0.08983125867741942
0.08979755043658147
0.08976427981765148
0.08972988963752905
0.08969552965856281
0.08966539479649543
0.08962050791471227
0.0896078927809209
0.08953715477550035
0.08935106941204043
0.08938603851284727
0.08941798692032396
0.08941685333719582
0.08938870688166142
0.08935181044810994
0.08932194683267472
0.08929294431308446
0.0892710999656757
0.08924393563066706
0.08921015494326007
0.08918402486114707
0.08916104212790191
0.0891335909530591
0.08910577311182824
0.0890810387608412
0.08905749952191516
0.0890336287520472
0.08900998055709755
0.08898720877696831
0.08896527453012071
0.08894396598798629
0.08892321377252153
0.08890316361153502
0.08888378315639037
0.08886507418604006
0.08884702763073976
0.08882973162791616
0.08881193976430699
0.08879642543687932
0.0887809939624232
0.08876611979730367
0.08875180766283211
0.08873808525110058
0.08872477403331089
0.08871218943739675
0.0887001299565584
0.08868861126077579
0.08867761243419817
0.0886671282340051
0.08865711063879804
nan
nan
nan
nan
nan
nan
nan
nan
nan
nan
nan
nan
nan
nan
nan
nan
nan
nan
nan
nan
nan
nan
nan
nan
nan
nan
nan
nan
nan
nan
nan
nan
nan
nan
nan
nan
nan
nan
nan
nan
nan
nan
nan
nan
nan
nan
nan
nan
0.09059299445385263
0.09059939081389656
0.09060029579786427
0.09059633906529307
0.0905884591541875
0.09057741152468904
0.09056363761035359
0.09054752074250927
0.0905293005166834
0.09051018108977298
0.09048938805780254
0.09046747766494254
0.09044460344822278
0.09042086393078988
0.09039657207143084
0.09037210088201705
0.09034692443279724
0.0903190133402668
0.09029327337474363
0.0902666088938995
0.09023998300588859
0.09021316179686659
0.09018625769970944
0.09015930533958627
0.09013236065583667
0.09010547958222916
0.09007871978061255
0.09005206163096485
0.09002561429680267
0.08999936795501479
0.08997335221084407
0.08994761867832107
0.08992219496994247
0.08989703485544204
0.0898721958825853
0.08984774972602161
0.08982369113912128
0.08979994980226866
0.08977658049001182
0.08975379272758052
0.08973166282351422
0.08970998646991266
0.08968840367678732
0.0896667348554779
0.0896447792623082
0.0896236176922248
0.08960279004161925
0.08958311159858802
0.08956525556538864
0.08954705060106569
0.08952873601494629
0.08951445456229067
nan
nan
nan
nan
nan
nan
nan
nan
nan
nan
nan
nan
nan
nan
nan
nan
nan
nan
nan
nan
nan
nan
nan
nan
nan
nan
nan
nan
nan
nan
nan
nan
nan
nan
nan
nan
nan
nan
nan
nan
nan
nan
nan
nan
nan
nan
nan
nan
nan
nan
nan
nan
nan
nan
nan
nan
nan
nan
nan
nan
nan
nan
nan
0.09074755232241492
0.09075085568629884
0.09075490228398198
0.09075760922528446
0.09075672794891286
0.09075310978093137
0.09074957603007171
0.09074814916348561
0.09074665149818512
0.09073953819008299
0.09072510802590837
0.09070894248860406
0.0906959184743032
0.09068381029401754
0.09066920045954173
0.09065277286791057
0.09063607130639095
0.09061885605117534
0.09060084815637628
0.09058231989361201
0.09056323169557585
0.09054357851189879
0.09052342791602341
0.09050303723736222
0.09048227098186146
0.09046124805900939
0.0904400225053411
0.09041858657574714
0.09039706809486059
0.09037537469275617
0.09035390020911338
0.09033181725920017
0.09031085656658519
0.09028870340748192
0.09026803436262343
0.0902585297090927
0.09021750593547206
