2.1643663052115175e-08
2.0778004862498893e-08
1.993001316654825e-08
1.909968796426325e-08
1.8287029255643884e-08
1.749203704069016e-08
1.6714711319402074e-08
1.5955052091779623e-08
1.5213059357822813e-08
1.4488733117531642e-08
1.3782073370906108e-08
1.3093080117946215e-08
1.2421753358651959e-08
1.1768093093023338e-08
1.1132099321060361e-08
1.0513772042763018e-08
9.913111258131315e-09
9.330116967165247e-09
8.76478916986482e-09
8.217127866230035e-09
7.687133056260884e-09
7.1748047399573734e-09
6.680142917319498e-09
6.20314758834726e-09
5.7438187530406664e-09
5.302156411399707e-09
4.8781605634243876e-09
4.471831209114707e-09
4.083168348470662e-09
3.7121719814922563e-09
3.35884210817949e-09
3.023178728532361e-09
2.7051818425508714e-09
2.4048514502350186e-09
2.1221875515848062e-09
1.8571901466002303e-09
1.6098592352812936e-09
1.3801948176279952e-09
1.1681968936403352e-09
9.738654633183129e-10
7.972005266619297e-10
6.382020836711853e-10
4.968701343460786e-10
3.732046786866101e-10
2.672057166927801e-10
1.788732483645883e-10
1.0820727370203459e-10
5.520779270511963e-11
1.987480537384328e-11
2.2083117082048377e-12
2.2083117082047496e-12
1.9874805373843008e-11
5.520779270511963e-11
1.0820727370203459e-10
1.788732483645879e-10
2.6720571669277957e-10
3.732046786866096e-10
4.96870134346078e-10
6.382020836711846e-10
7.972005266619297e-10
9.738654633183129e-10
1.1681968936403352e-09
1.3801948176279952e-09
1.6098592352812936e-09
1.8571901466002303e-09
2.1221875515848062e-09
2.4048514502350186e-09
2.7051818425508714e-09
3.023178728532361e-09
3.35884210817949e-09
3.7121719814922563e-09
4.083168348470662e-09
4.471831209114705e-09
4.8781605634243876e-09
5.302156411399707e-09
5.7438187530406664e-09
6.203147588347264e-09
6.680142917319498e-09
7.1748047399573734e-09
7.687133056260887e-09
8.217127866230035e-09
8.76478916986482e-09
9.330116967165243e-09
9.91311125813131e-09
1.0513772042763013e-08
1.1132099321060358e-08
1.1768093093023338e-08
1.2421753358651954e-08
1.3093080117946212e-08
1.3782073370906108e-08
1.4488733117531642e-08
1.5213059357822813e-08
1.5955052091779633e-08
1.6714711319402074e-08
1.7492037040690166e-08
1.8287029255643884e-08
1.9099687964263242e-08
1.993001316654825e-08
2.0778004862498883e-08
2.1643663052115175e-08
9.741983596720893e-07
9.683450990135554e-07
9.625095048486873e-07
9.566915771774847e-07
9.508913159999477e-07
9.451087213160766e-07
9.39343793125871e-07
9.335965314293309e-07
9.278669362264565e-07
9.221550075172477e-07
9.164607453017046e-07
9.107841495798271e-07
9.051252203516152e-07
8.994839576170691e-07
8.938603613761884e-07
8.882544316289735e-07
8.826661683754242e-07
8.770955716155405e-07
8.715426413493225e-07
8.660073775767701e-07
8.604897802978833e-07
8.549898495126622e-07
8.495075852211067e-07
8.440429874232168e-07
8.385960561189927e-07
8.331667913084342e-07
8.277551929915411e-07
8.22361261168314e-07
8.169849958387523e-07
8.116263970028562e-07
8.062854646606259e-07
8.009621988120611e-07
7.956565994571621e-07
7.903686665959286e-07
7.850984002283607e-07
7.798458003544586e-07
7.746108669742223e-07
7.693936000876515e-07
7.641939996947462e-07
7.590120657955065e-07
7.538477983899326e-07
7.487011974780242e-07
7.435722630597815e-07
7.384609951352043e-07
7.333673937042929e-07
7.282914587670472e-07
7.23233190323467e-07
7.181925883735525e-07
7.131696529173036e-07
7.081643839547204e-07
7.031767814858027e-07
6.982068455105508e-07
6.932545760289645e-07
6.883199730410438e-07
6.834030365467888e-07
6.785037665461993e-07
6.736221630392756e-07
6.687582260260174e-07
6.639119555064249e-07
6.590833514804981e-07
6.542724139482369e-07
6.494791429096412e-07
6.447035383647114e-07
6.39945600313447e-07
6.352053287558486e-07
6.304827236919155e-07
6.257777851216481e-07
6.210905130450463e-07
6.164209074621103e-07
6.117689683728399e-07
6.07134695777235e-07
6.025180896752958e-07
5.979191500670223e-07
5.933378769524143e-07
5.88774270331472e-07
5.842283302041954e-07
5.797000565705844e-07
5.751894494306389e-07
5.706965087843593e-07
5.662212346317452e-07
5.617636269727967e-07
5.57323685807514e-07
5.529014111358968e-07
5.484968029579452e-07
5.441098612736593e-07
5.39740586083039e-07
5.353889773860844e-07
5.310550351827955e-07
5.26738759473172e-07
5.224401502572144e-07
5.181592075349223e-07
5.138959313062959e-07
5.096503215713351e-07
5.0542237833004e-07
5.012121015824105e-07
4.970194913284468e-07
4.928445475681485e-07
4.88687270301516e-07
4.84547659528549e-07
4.804257152492477e-07
3.3380898051091703e-06
3.327248941981719e-06
3.316425745347933e-06
3.3056202152078127e-06
3.2948323515613583e-06
3.2840621544085695e-06
3.273309623749446e-06
3.2625747595839885e-06
3.2518575619121963e-06
3.24115803073407e-06
3.2304761660496094e-06
3.219811967858814e-06
3.2091654361616847e-06
3.198536570958221e-06
3.1879253722484226e-06
3.17733184003229e-06
3.166755974309823e-06
3.156197775081022e-06
3.1456572423458862e-06
3.1351343761044163e-06
3.1246291763566115e-06
3.114141643102474e-06
3.1036717763420016e-06
3.093219576075194e-06
3.082785042302052e-06
3.072368175022576e-06
3.0619689742367656e-06
3.05158743994462e-06
3.0412235721461413e-06
3.0308773708413273e-06
3.0205488360301796e-06
3.010237967712697e-06
2.9999447658888805e-06
2.989669230558729e-06
2.9794113617222436e-06
2.969171159379424e-06
2.95894862353027e-06
2.948743754174782e-06
2.9385565513129585e-06
2.928387014944801e-06
2.91823514507031e-06
2.908100941689484e-06
2.8979844048023234e-06
2.887885534408829e-06
2.877804330509e-06
2.8677407931028367e-06
2.8576949221903387e-06
2.8476667177715066e-06
2.83765617984634e-06
2.8276633084148394e-06
2.817688103477004e-06
2.8077305650328344e-06
2.7977906930823305e-06
2.7878684876254925e-06
2.7779639486623196e-06
2.7680770761928123e-06
2.7582078702169714e-06
2.7483563307347956e-06
2.7385224577462857e-06
2.728706251251441e-06
2.7189077112502623e-06
2.709126837742749e-06
2.6993636307289014e-06
2.6896180902087197e-06
2.679890216182203e-06
2.6701800086493526e-06
2.6604874676101675e-06
2.6508125930646485e-06
2.6411553850127945e-06
2.6315158434546065e-06
2.621893968390084e-06
2.612289759819227e-06
2.6027032177420362e-06
2.5931343421585104e-06
2.5835831330686506e-06
2.5740495904724563e-06
2.5645337143699275e-06
2.5550355047610648e-06
2.5455549616458675e-06
2.536092085024336e-06
2.5266468748964705e-06
2.5172193312622704e-06
2.5078094541217353e-06
2.498417243474866e-06
2.4890426993216627e-06
2.479685821662125e-06
2.4703466104962526e-06
2.4610250658240457e-06
2.451721187645505e-06
2.44243497596063e-06
2.43316643076942e-06
2.423915552071876e-06
2.414682339867998e-06
2.405466794157785e-06
2.396268914941238e-06
2.3870887022183565e-06
2.3779261559891403e-06
2.36878127625359e-06
2.3596540630117055e-06
2.350544516263487e-06
7.113317999363358e-06
7.09748953376699e-06
7.081678734664287e-06
7.065885602055249e-06
7.050110135939876e-06
7.03435233631817e-06
7.018612203190129e-06
7.002889736555754e-06
6.987184936415045e-06
6.971497802768e-06
6.955828335614622e-06
6.940176534954909e-06
6.924542400788862e-06
6.90892593311648e-06
6.893327131937765e-06
6.877745997252714e-06
6.86218252906133e-06
6.8466367273636115e-06
6.8311085921595585e-06
6.81559812344917e-06
6.800105321232448e-06
6.784630185509394e-06
6.769172716280003e-06
6.7537329135442785e-06
6.738310777302218e-06
6.722906307553825e-06
6.707519504299097e-06
6.692150367538035e-06
6.676798897270637e-06
6.661465093496906e-06
6.64614895621684e-06
6.630850485430441e-06
6.615569681137707e-06
6.600306543338637e-06
6.585061072033234e-06
6.569833267221497e-06
6.554623128903426e-06
6.539430657079019e-06
6.524255851748279e-06
6.509098712911204e-06
6.4939592405677945e-06
6.478837434718051e-06
6.463733295361973e-06
6.448646822499561e-06
6.4335780161308145e-06
6.418526876255733e-06
6.403493402874319e-06
6.388477595986568e-06
6.373479455592484e-06
6.3584989816920655e-06
6.3435361742853125e-06
6.328591033372226e-06
6.313663558952804e-06
6.2987537510270485e-06
6.2838616095949585e-06
6.268987134656533e-06
6.254130326211774e-06
6.239291184260681e-06
6.224469708803253e-06
6.209665899839491e-06
6.194879757369395e-06
6.180111281392964e-06
6.1653604719101985e-06
6.150627328921099e-06
6.135911852425665e-06
6.121214042423897e-06
6.106533898915795e-06
6.091871421901357e-06
6.077226611380586e-06
6.0625994673534805e-06
6.04798998982004e-06
6.033398178780266e-06
6.018824034234158e-06
6.004267556181714e-06
5.9897287446229365e-06
5.975207599557825e-06
5.960704120986378e-06
5.946218308908598e-06
5.931750163324483e-06
5.917299684234034e-06
5.902866871637251e-06
5.888451725534134e-06
5.8740542459246815e-06
5.859674432808894e-06
5.845312286186774e-06
5.8309678060583174e-06
5.816640992423528e-06
5.802331845282404e-06
5.788040364634945e-06
5.7737665504811525e-06
5.7595104028210256e-06
5.745271921654563e-06
5.7310511069817675e-06
5.716847958802637e-06
5.702662477117172e-06
5.688494661925373e-06
5.6743445132272395e-06
5.660212031022772e-06
5.6460972153119705e-06
5.6320000660948334e-06
1.2299882942434654e-05
1.2279066874369368e-05
1.2258268472797747e-05
1.223748773771979e-05
1.2216724669135501e-05
1.2195979267044878e-05
1.2175251531447918e-05
1.2154541462344626e-05
1.2133849059735e-05
1.2113174323619036e-05
1.2092517253996742e-05
1.2071877850868112e-05
1.2051256114233146e-05
1.2030652044091848e-05
1.2010065640444215e-05
1.1989496903290245e-05
1.1968945832629944e-05
1.1948412428463307e-05
1.1927896690790336e-05
1.1907398619611032e-05
1.1886918214925392e-05
1.1866455476733417e-05
1.184601040503511e-05
1.1825582999830467e-05
1.180517326111949e-05
1.1784781188902178e-05
1.1764406783178533e-05
1.1744050043948553e-05
1.172371097121224e-05
1.170338956496959e-05
1.1683085825220606e-05
1.166279975196529e-05
1.1642531345203638e-05
1.1622280604935651e-05
1.1602047531161329e-05
1.1581832123880675e-05
1.1561634383093686e-05
1.1541454308800363e-05
1.1521291901000704e-05
1.1501147159694712e-05
1.1481020084882385e-05
1.1460910676563722e-05
1.1440818934738728e-05
1.1420744859407398e-05
1.1400688450569733e-05
1.1380649708225736e-05
1.1360628632375402e-05
1.1340625223018735e-05
1.1320639480155734e-05
1.1300671403786397e-05
1.1280720993910727e-05
1.1260788250528722e-05
1.1240873173640383e-05
1.122097576324571e-05
1.1201096019344702e-05
1.1181233941937359e-05
1.1161389531023682e-05
1.1141562786603672e-05
1.1121753708677326e-05
1.1101962297244648e-05
1.1082188552305634e-05
1.1062432473860284e-05
1.1042694061908602e-05
1.1022973316450585e-05
1.1003270237486232e-05
1.0983584825015546e-05
1.0963917079038526e-05
1.0944266999555171e-05
1.0924634586565485e-05
1.0905019840069459e-05
1.0885422760067103e-05
1.086584334655841e-05
1.0846281599543384e-05
1.0826737519022024e-05
1.0807211104994327e-05
1.07877023574603e-05
1.0768211276419936e-05
1.0748737861873236e-05
1.0729282113820205e-05
1.0709844032260838e-05
1.0690423617195136e-05
1.06710208686231e-05
1.0651635786544731e-05
1.0632268370960026e-05
1.0612918621868988e-05
1.0593586539271615e-05
1.0574272123167906e-05
1.0554975373557865e-05
1.053569629044149e-05
1.0516434873818778e-05
1.0497191123689733e-05
1.0477965040054355e-05
1.0458756622912641e-05
1.0439565872264592e-05
1.042039278811021e-05
1.0401237370449494e-05
1.0382099619282443e-05
1.0362979534609056e-05
1.0343877116429337e-05
1.0324792364743285e-05
1.8897784634323055e-05
1.8871980963788853e-05
1.8846194959748312e-05
1.8820426622201443e-05
1.8794675951148234e-05
1.876894294658869e-05
1.8743227608522816e-05
1.8717529936950608e-05
1.869184993187206e-05
1.866618759328718e-05
1.8640542921195968e-05
1.861491591559842e-05
1.8589306576494535e-05
1.856371490388432e-05
1.853814089776777e-05
1.8512584558144886e-05
1.8487045885015664e-05
1.846152487838011e-05
1.843602153823822e-05
1.841053586459e-05
1.838506785743544e-05
1.835961751677455e-05
1.8334184842607326e-05
1.8308769834933764e-05
1.828337249375387e-05
1.825799281906764e-05
1.8232630810875077e-05
1.820728646917618e-05
1.818195979397095e-05
1.815665078525938e-05
1.813135944304148e-05
1.810608576731725e-05
1.8080829758086676e-05
1.805559141534977e-05
1.8030370739106534e-05
1.8005167729356962e-05
1.7979982386101054e-05
1.7954814709338815e-05
1.7929664699070237e-05
1.7904532355295327e-05
1.7879417678014086e-05
1.7854320667226505e-05
1.7829241322932593e-05
1.780417964513234e-05
1.7779135633825762e-05
1.7754109289012844e-05
1.7729100610693597e-05
1.770410959886801e-05
1.767913625353609e-05
1.7654180574697838e-05
1.762924256235325e-05
1.760432221650233e-05
1.757941953714507e-05
1.755453452428148e-05
1.7529667177911555e-05
1.7504817498035294e-05
1.74799854846527e-05
1.7455171137763772e-05
1.7430374457368505e-05
1.740559544346691e-05
1.738083409605898e-05
1.7356090415144716e-05
1.7331364400724114e-05
1.7306656052797178e-05
1.728196537136391e-05
1.7257292356424308e-05
1.723263700797837e-05
1.7207999326026098e-05
1.718337931056749e-05
1.715877696160255e-05
1.7134192279131272e-05
1.7109625263153663e-05
1.708507591366972e-05
1.706054423067944e-05
1.7036030214182828e-05
1.701153386417988e-05
1.6987055180670602e-05
1.6962594163654984e-05
1.6938150813133035e-05
1.6913725129104747e-05
1.688931711157013e-05
1.686492676052918e-05
1.684055407598189e-05
1.681619905792827e-05
1.679186170636831e-05
1.676754202130202e-05
1.6743240002729396e-05
1.6718955650650436e-05
1.669468896506514e-05
1.6670439945973516e-05
1.6646208593375553e-05
1.6621994907271255e-05
1.6597798887660625e-05
1.657362053454366e-05
1.654945984792036e-05
1.6525316827790723e-05
1.6501191474154755e-05
1.6477083787012452e-05
1.6452993766363814e-05
1.6428921412208843e-05
2.690702307502857e-05
2.6876231802025445e-05
2.6845458195515988e-05
2.68147022555002e-05
2.6783963981978074e-05
2.6753243374949614e-05
2.6722540434414823e-05
2.6691855160373692e-05
2.666118755282623e-05
2.6630537611772433e-05
2.6599905337212303e-05
2.656929072914584e-05
2.6538693787573038e-05
2.6508114512493903e-05
2.6477552903908432e-05
2.6447008961816633e-05
2.6416482686218495e-05
2.6385974077114022e-05
2.6355483134503217e-05
2.6325009858386076e-05
2.62945542487626e-05
2.626411630563279e-05
2.623369602899665e-05
2.6203293418854172e-05
2.6172908475205358e-05
2.614254119805021e-05
2.611219158738873e-05
2.6081859643220916e-05
2.6051545365546768e-05
2.602124875436628e-05
2.5990969809679463e-05
2.5960708531486312e-05
2.5930464919786823e-05
2.5900238974581002e-05
2.5870030695868845e-05
2.5839840083650357e-05
2.5809667137925534e-05
2.577951185869437e-05
2.5749374245956877e-05
2.571925429971305e-05
2.568915201996289e-05
2.5659067406706393e-05
2.5629000459943564e-05
2.5598951179674397e-05
2.5568919565898897e-05
2.5538905618617063e-05
2.5508909337828896e-05
2.547893072353439e-05
2.5448969775733558e-05
2.5419026494426385e-05
2.5389100879612878e-05
2.535919293129304e-05
2.5329302649466866e-05
2.5299430034134356e-05
2.526957508529551e-05
2.5239737802950337e-05
2.5209918187098824e-05
2.518011623774098e-05
2.5150331954876796e-05
2.512056533850628e-05
2.5090816388629434e-05
2.506108510524625e-05
2.5031371488356734e-05
2.5001675537960877e-05
2.4971997254058692e-05
2.4942336636650172e-05
2.4912693685735316e-05
2.4883068401314125e-05
2.4853460783386603e-05
2.4823870831952745e-05
2.479429854701255e-05
2.4764743928566026e-05
2.4735206976613162e-05
2.4705687691153966e-05
2.4676186072188438e-05
2.464670211971657e-05
2.4617235833738373e-05
2.458778721425384e-05
2.455835626126297e-05
2.452894297476577e-05
2.449954735476223e-05
2.4470169401252362e-05
2.444080911423616e-05
2.441146649371362e-05
2.4382141539684746e-05
2.4352834252149533e-05
2.432354463110799e-05
2.4294272676560115e-05
2.4265018388505906e-05
2.423578176694536e-05
2.4206562811878477e-05
2.4177361523305266e-05
2.4148177901225716e-05
2.411901194563983e-05
2.4089863656547614e-05
2.4060733033949062e-05
2.4031620077844175e-05
2.4002524788232955e-05
2.39734471651154e-05
2.394438720849151e-05
3.632759826455119e-05
3.6291819389079145e-05
3.625605818010077e-05
3.622031463761606e-05
3.618458876162502e-05
3.614888055212764e-05
3.611319000912394e-05
3.6077517132613885e-05
3.6041861922597507e-05
3.6006224379074796e-05
3.597060450204575e-05
3.593500229151036e-05
3.5899417747468646e-05
3.586385086992059e-05
3.5828301658866204e-05
3.579277011430548e-05
3.575725623623843e-05
3.5721760024665035e-05
3.568628147958532e-05
3.565082060099926e-05
3.5615377388906865e-05
3.5579951843308144e-05
3.554454396420308e-05
3.550915375159168e-05
3.547378120547395e-05
3.543842632584989e-05
3.540308911271949e-05
3.536776956608276e-05
3.5332467685939685e-05
3.529718347229029e-05
3.5261916925134554e-05
3.522666804447248e-05
3.5191436830304075e-05
3.515622328262934e-05
3.512102740144827e-05
3.5085849186760854e-05
3.5050688638567114e-05
3.5015545756867036e-05
3.4980420541660625e-05
3.4945312992947876e-05
3.49102231107288e-05
3.487515089500339e-05
3.484009634577164e-05
3.480505946303356e-05
3.477004024678914e-05
3.473503869703839e-05
3.4700054813781304e-05
3.466508859701788e-05
3.463014004674813e-05
3.4595209162972034e-05
3.456029594568962e-05
3.4525400394900854e-05
3.449052251060576e-05
3.445566229280434e-05
3.4420819741496585e-05
3.4385994856682485e-05
3.435118763836206e-05
3.4316398086535295e-05
3.42816262012022e-05
3.4246871982362764e-05
3.4212135430017e-05
3.417741654416489e-05
3.4142715324806454e-05
3.4108031771941685e-05
3.4073365885570584e-05
3.4038717665693144e-05
3.400408711230937e-05
3.396947422541926e-05
3.393487900502282e-05
3.390030145112005e-05
3.386574156371094e-05
3.3831199342795494e-05
3.379667478837371e-05
3.3762167900445594e-05
3.3727678679011154e-05
3.369320712407037e-05
3.365875323562325e-05
3.36243170136698e-05
3.358989845821001e-05
3.35554975692439e-05
3.352111434677144e-05
3.3486748790792654e-05
3.345240090130753e-05
3.3418070678316075e-05
3.338375812181828e-05
3.3349463231814156e-05
3.33151860083037e-05
3.32809264512869e-05
3.324668456076377e-05
3.321246033673431e-05
3.3178253779198515e-05
3.314406488815638e-05
3.3109893663607916e-05
3.307574010555311e-05
3.304160421399198e-05
3.300748598892451e-05
3.2973385430350706e-05
3.293930253827057e-05
3.290523731268409e-05
3.287118975359129e-05
4.71595102028909e-05
4.711874372494995e-05
4.7077994913502654e-05
4.7037263768549026e-05
4.6996550290089065e-05
4.695585447812277e-05
4.691517633265014e-05
4.687451585367118e-05
4.683387304118588e-05
4.679324789519425e-05
4.675264041569628e-05
4.671205060269199e-05
4.6671478456181346e-05
4.6630923976164384e-05
4.659038716264108e-05
4.654986801561144e-05
4.650936653507546e-05
4.646888272103315e-05
4.642841657348452e-05
4.638796809242954e-05
4.634753727786823e-05
4.6307124129800584e-05
4.626672864822661e-05
4.6226350833146294e-05
4.618599068455965e-05
4.614564820246667e-05
4.610532338686735e-05
4.60650162377617e-05
4.602472675514971e-05
4.598445493903139e-05
4.594420078940674e-05
4.590396430627575e-05
4.5863745489638436e-05
4.582354433949477e-05
4.5783360855844783e-05
4.574319503868846e-05
4.5703046888025796e-05
4.566291640385681e-05
4.5622803586181475e-05
4.5582708434999816e-05
4.554263095031182e-05
4.550257113211748e-05
4.5462528980416815e-05
4.5422504495209815e-05
4.538249767649648e-05
4.534250852427681e-05
4.530253703855081e-05
4.5262583219318476e-05
4.52226470665798e-05
4.51827285803348e-05
4.5142827760583455e-05
4.510294460732578e-05
4.5063079120561765e-05
4.502323130029142e-05
4.498340114651475e-05
4.494358865923173e-05
4.490379383844239e-05
4.48640166841467e-05
4.482425719634469e-05
4.4784515375036345e-05
4.4744791220221655e-05
4.470508473190064e-05
4.466539591007329e-05
4.46257247547396e-05
4.458607126589958e-05
4.4546435443553214e-05
4.4506817287700526e-05
4.44672167983415e-05
4.442763397547614e-05
4.438806881910445e-05
4.434852132922642e-05
4.430899150584205e-05
4.426947934895136e-05
4.4229984858554335e-05
4.4190508034650964e-05
4.415104887724126e-05
4.411160738632523e-05
4.407218356190286e-05
4.4032777403974156e-05
4.3993388912539126e-05
4.395401808759775e-05
4.3914664929150043e-05
4.3875329437196004e-05
4.3836011611735626e-05
4.379671145276892e-05
4.3757428960295874e-05
4.3718164134316494e-05
4.367891697483078e-05
4.3639687481838744e-05
4.360047565534036e-05
4.3561281495335646e-05
4.35221050018246e-05
4.348294617480721e-05
4.344380501428349e-05
4.340468152025343e-05
4.336557569271705e-05
4.332648753167433e-05
4.328741703712527e-05
4.324836420906989e-05
4.320932904750816e-05
5.940275889004772e-05
5.9357004809637844e-05
5.9311268395721645e-05
5.926554964829909e-05
5.921984856737022e-05
5.917416515293501e-05
5.912849940499346e-05
5.9082851323545575e-05
5.9037220908591364e-05
5.899160816013081e-05
5.8946013078163926e-05
5.890043566269071e-05
5.885487591371116e-05
5.880933383122527e-05
5.8763809415233046e-05
5.871830266573449e-05
5.86728135827296e-05
5.862734216621838e-05
5.8581888416200816e-05
5.8536452332676926e-05
5.84910339156467e-05
5.844563316511014e-05
5.840025008106724e-05
5.835488466351802e-05
5.830953691246245e-05
5.8264206827900547e-05
5.8218894409832314e-05
5.817359965825774e-05
5.8128322573176845e-05
5.80830631545896e-05
5.8037821402496036e-05
5.799259731689613e-05
5.794739089778989e-05
5.7902202145177315e-05
5.7857031059058407e-05
5.7811877639433166e-05
5.776674188630159e-05
5.7721623799663676e-05
5.7676523379519426e-05
5.7631440625868845e-05
5.758637553871194e-05
5.7541328118048685e-05
5.74962983638791e-05
5.745128627620318e-05
5.7406291855020924e-05
5.7361315100332344e-05
5.731635601213742e-05
5.727141459043617e-05
5.722649083522858e-05
5.718158474651466e-05
5.71366963242944e-05
5.70918255685678e-05
5.7046972479334875e-05
5.700213705659561e-05
5.695731930035002e-05
5.6912519210598086e-05
5.686773678733982e-05
5.6822972030575224e-05
5.6778224940304296e-05
5.673349551652702e-05
5.668878375924342e-05
5.6644089668453484e-05
5.659941324415721e-05
5.6554754486354606e-05
5.651011339504567e-05
5.646548997023039e-05
5.642088421190879e-05
5.637629612008084e-05
5.6331725694746564e-05
5.628717293590596e-05
5.624263784355901e-05
5.6198120417705734e-05
5.615362065834611e-05
5.610913856548017e-05
5.606467413910788e-05
5.6020227379229264e-05
5.5975798285844314e-05
5.593138685895303e-05
5.588699309855541e-05
5.584261700465145e-05
5.5798258577241165e-05
5.5753917816324535e-05
5.570959472190158e-05
5.5665289293972285e-05
5.5621001532536666e-05
5.55767314375947e-05
5.5532479009146404e-05
5.5488244247191775e-05
5.544402715173081e-05
5.5399827722763515e-05
5.535564596028988e-05
5.5311481864309914e-05
5.526733543482361e-05
5.522320667183097e-05
5.5179095575332006e-05
5.5135002145326695e-05
5.509092638181506e-05
5.5046868284797084e-05
5.500282785427278e-05
5.495880509024214e-05
