9.465566439691724e-07
5.726083401788821e-07
2.9214711233616444e-07
1.0517296044101916e-07
1.1685884493446578e-08
1.1685884493446558e-08
1.0517296044101916e-07
2.921471123361642e-07
5.726083401788821e-07
9.465566439691724e-07
9.859379811997204e-07
6.033308454248252e-07
3.1421078559750286e-07
1.1857780171775286e-07
1.6431893785575585e-08
7.773061800970863e-09
9.260130576393877e-08
2.7091662567447903e-07
5.427190215325923e-07
9.080084933382779e-07
1.0261525050299214e-06
6.348865372704216e-07
3.371076454584945e-07
1.3281582959413988e-07
2.2011089677357904e-08
4.693425708148477e-09
8.086283768651166e-08
2.505193256124473e-07
5.136628894859558e-07
8.702935293070366e-07
1.067200215459776e-06
6.672754157156715e-07
3.608376919191396e-07
1.4788704407018023e-07
2.8423472168793524e-08
2.446976214979401e-09
6.995755620873789e-08
2.3095521215006882e-07
4.854399440389726e-07
8.334117518754487e-07
1.1090811124892835e-06
7.004974807605743e-07
3.854009249794379e-07
1.6379144514587383e-07
3.566904125988246e-08
1.0337133214636333e-09
5.988546133061741e-08
2.1222428528734363e-07
4.580501851916427e-07
7.973631610435143e-07
1.1517951961184445e-06
7.345527324051307e-07
4.1079734463938965e-07
1.805290328212208e-07
4.37477969506247e-08
4.536370276011738e-10
5.0646553052150253e-08
1.9432654502427174e-07
4.314936129439661e-07
7.62147756811233e-07
1.1953424663472588e-06
7.694411706493404e-07
4.370269508989945e-07
1.9809980709622106e-07
5.265973924102026e-08
7.067473333920232e-10
4.2240831373336386e-08
1.7726199136085325e-07
4.0577022729594287e-07
7.27765539178605e-07
1.2397229231757267e-06
8.051627954932033e-07
4.640897437582528e-07
2.1650376797087464e-07
6.24048681310691e-08
1.7930442388361816e-09
3.4668296294175844e-08
1.6103062429708799e-07
3.808800282475729e-07
6.942165081456304e-07
1.2849365666038477e-06
8.417176069367197e-07
4.919857232171644e-07
2.3574091544518146e-07
7.298318362077127e-08
3.7125277439336488e-09
2.7928947814668604e-08
1.4563244383297602e-07
3.568230157988563e-07
6.61500663712309e-07
1.3309833966316218e-06
8.791056049798893e-07
5.207148892757292e-07
2.5581124951914167e-07
8.439468571012677e-08
6.465197848684425e-09
2.2022785934814673e-08
1.310674499685174e-07
3.335991899497929e-07
6.296180058786408e-07
