0.7078333239642689
0.7079194117090576
0.7080037799222696
0.7080864267286922
0.7081673502851655
0.708246548783153
0.7083240204447105
0.7083997635226512
0.7084737763122821
0.7085460570927826
0.7086166041980861
0.7086854160299898
0.7087524909463502
0.7088178273521316
0.7088814236754529
0.7089432783626659
0.7090033898775006
0.7090617567038217
0.7091183773393056
0.709173250297463
0.7092263741066402
0.7092777473078569
0.7093273684539944
0.709375236109657
0.7094213488494576
0.7094657052573702
0.7095083039258054
0.7095491434550893
0.7095882224510673
0.7096255395270177
0.7096610933006665
0.7096948823936913
0.7097269054328101
0.7097571610465694
0.7097856478660622
0.7098123645245915
0.709837309656495
0.7098604818969423
0.7098818798806981
0.7099015022429621
0.709919347617057
0.7099354146361639
0.7099497019315057
0.7099622081323388
0.7099729318648076
0.7099818717551887
0.7099890264237165
0.7099943944906167
0.7099979745694064
0.7099997652772002
0.7099997652160221
0.7099979730023167
0.7099943872296068
0.7099890065000959
0.7099818294097152
0.7099728545505498
0.7099620805128776
0.7099495058826799
0.709935129243972
0.7099189491782166
0.7099009642639114
0.7098811730786916
0.7098595741977036
0.7098361661953901
0.7098109476451466
0.7097839171197902
0.7097550731925484
0.7097244144368982
0.7096919394283574
0.7096576467427473
0.709621534959463
0.709583602660462
0.7095438484311855
0.7095022708621971
0.7094588685483856
0.709413640090963
0.7093665840978967
0.7093176991849537
0.7092669839752065
0.7092144371028426
0.70916005721065
0.7091038429538778
0.7090457929992968
0.7089859060261701
0.7089241807287918
0.7088606158169429
0.7087952100155865
0.7087279620668704
0.7086588707279151
0.7085879347865478
0.708515153061096
0.7084405243282218
0.7083640474539007
0.7082857213154036
0.7082055447991247
0.7081235168251617
0.7080396363395222
0.7079539023155185
0.707866313756372
0.7077768696934004
0.7078658283687664
0.7079547862643802
0.7080419480216096
0.7081273127066674
0.7082108793170122
0.7082926471606686
0.7083726154703146
0.7084507832842571
0.7085271491678341
0.7086017146975618
0.7086744771985166
0.7087454350675321
0.7088145887544874
0.7088819371726789
0.7089474795046038
0.7090112149358682
0.7090731426587245
0.7091332618689375
0.709191571752366
0.7092480715067312
0.7093027603374099
0.709355637438567
0.709406702005502
0.7094559532419116
0.7095033903505501
0.7095490125298891
0.7095928189788894
0.7096348089007044
0.7096749814990118
0.7097133359757302
0.7097498715300552
0.7097845873609777
0.7098174826656005
0.7098485566412389
0.709877808483877
0.7099052373882944
0.7099308425474056
0.7099546231529794
0.709976578392949
0.7099967074537934
0.7100150095193023
0.7100314837705187
0.710046129386903
0.7100589455449808
0.7100699314194191
0.7100790861827053
0.7100864090037746
0.7100918990500285
0.7100955554875465
0.7100973774808641
nan
0.7100955147490046
0.7100918283544676
0.7100863041409933
0.7100789412628338
0.7100697388727795
0.710058696121155
0.7100458121580089
0.7100310861332259
0.7100145171962456
0.7099961044969891
0.709975847186513
0.7099537444168706
0.7099297953419362
0.7099039991178949
0.7098763549027155
0.709846861858811
0.7098155191515416
0.7097823259510472
0.7097472814335615
0.7097103847816975
0.7096716351858579
0.709631031844885
0.7095885739664687
0.7095442607679199
0.7094980914756426
0.7094500653304352
0.7094001815886286
0.7093484395205034
0.7092948384089648
0.7092393775566814
0.7091820562905319
0.7091228739520171
0.7090618299010742
0.7089989235271905
0.7089341542479779
0.7088675215065654
0.708799024778451
0.7087286635360667
0.7086564377071984
0.708582345966394
0.7085063875181965
0.7084285643202253
0.7083488744362239
0.7082673177283492
0.7081838940895806
0.7080986032418854
0.7080114451465412
0.7079224199337817
0.7078315269391176
0.7080166851219876
0.7081124399094153
0.708206185446745
0.7082979254177497
0.7083876634557793
0.7084754027837699
0.7085611494812641
0.7086448980450673
0.7087266549580394
0.7088064344612084
0.7088842271610171
0.7089600388710773
0.7090338721628083
0.7091057295435128
0.7091756134204542
0.7092435261114537
0.7093094698483127
0.709373446764503
0.7094354589620484
0.7094955084420478
0.7095535970620381
0.709609726722875
0.7096638992968043
0.7097161164772012
0.7097663799076512
0.7098146912449373
0.7098610520591653
0.7099054638319384
0.7099479280182548
0.709988446045771
0.7100270192792018
0.7100636490180996
0.7100983365131046
0.7101310829779769
0.7101618895882816
0.7101907574770299
0.7102176877335188
0.7102426814011962
0.710265739482992
0.7102868629421427
0.7103060527066604
0.7103233096703897
0.7103386346946283
0.7103520286076508
0.7103634922041928
0.7103730262480231
0.7103806314713481
0.7103863085776664
0.7103900582436757
0.8283186706499517
0.8283281611469235
0.8283363622987097
0.8283432741986587
0.7103799167022699
0.710372114455352
0.7103623887964572
0.7103507402152247
0.7103371691807716
0.7103216761444289
0.710304261540416
0.7102849257859459
0.7102636692818967
0.7102404924143584
0.7102153955539552
0.7101883790584838
0.71015944327166
0.710128588527214
0.7100958151485423
0.7100611234506177
0.710024513741577
0.7099859863216785
0.7099455414862663
0.7099031795274393
0.7098589007330482
0.709812705382405
0.7097645937462623
0.7097145661114271
0.7096626227900737
0.709608764083057
0.7095529902657414
0.7094953016596846
0.7094356986355219
0.7093741815079422
0.70931075059329
0.7092454063063517
0.7091781490677833
0.7091089792867414
0.7090378974266073
0.7089649039816817
0.7088899994766322
0.7088131844674237
0.7087344598687423
0.7086538245822809
0.7085712814489453
0.7084868323535735
0.7084004749927288
0.7083122116921996
0.7082220433502173
0.7081299710008335
0.708035995692034
0.7082771287646203
0.7083850985088266
0.7084906039065133
0.7085936629447671
0.7086943843941009
0.7087925499403855
0.7088882060937727
0.7089817332047789
0.7090728255052215
0.709161575208195
0.7092479856878092
0.709332065130489
0.7094138431945711
0.7094933209652293
0.7095705114025088
0.7096454250492501
0.7097180721455911
0.7097884625021935
0.709856605547234
0.7099225103573112
0.7099861857669534
0.7100476400450328
0.7101068812663158
0.7101639175928298
0.7102187565564438
0.7102714052761191
0.7103218709578164
0.7103701605449895
0.7104162805782487
0.7104602374544581
0.7105020374534745
0.7105416866212402
0.7105791907656687
0.7106145555134685
0.7106477863278919
0.7106788885123938
0.7107078672149378
0.7107347274280056
0.7107594739880545
0.7107821115785982
0.7108026447381093
0.7108210778694896
0.7108374152460111
0.7108516610159872
0.7108638192071305
0.7108738937323194
0.7108818883959788
0.7108878068988964
0.8264111741075025
0.8264331014981994
0.8264535877734555
0.8264726315565107
0.8264902324477583
0.8265063910234276
0.8265211088333011
0.8265343883997412
0.7108482116944346
0.7108335524571343
0.7108168520712417
0.7107981132845095
0.7107773387867864
0.7107545312136541
0.7107296931488838
0.7107028271258852
0.7106739356282155
0.710643021093982
0.7106100859141171
0.7105751324358922
0.7105381629638428
0.7104991797611719
0.7104581850515762
0.7104151810180659
0.7103701698096617
0.7103231535551358
0.710274134370029
0.7102231143324782
0.7101700954555175
0.7101150797523701
0.7100580692944078
0.7099990660902663
0.7099380720392559
0.7098750891946327
0.7098101196822645
0.709743165359795
0.7096742281447581
0.7096033101883874
0.7095304135268409
0.7094555401963367
0.7093786923089196
0.7092998719884526
0.7092190814128714
0.709136322801631
0.7090515984063586
0.7089649103834008
0.708876262465749
0.7087856437204441
0.7086930798430939
0.7085985925100722
0.7085021192218479
0.7084037070566387
0.7085331368473495
0.7086692041789476
0.7088006184675508
0.7089297825430632
0.7090471668835975
0.7091682112722206
0.709284116065065
0.709396522384419
0.7095055562500167
0.7096113204301255
0.7097138973417451
0.7098133553310148
0.7099097521035311
0.7100031312565227
0.7100935477558701
0.710181064427419
0.7102657009745953
0.7103474660164764
0.7104264197955976
0.7105026200927749
0.7105760599991678
0.7106467637192185
0.7107148030078628
0.710780188983122
0.7108428835977237
0.7109029711644943
0.7109604612721024
0.7110153804739894
0.7110677438059405
0.711117567820186
0.7111648719648752
0.7112096732431556
0.7112519873108369
0.7112918300669109
0.7113292171008854
0.7113641632391476
0.7113966827605381
0.7114267895244115
0.7114544968794774
0.7114798176290558
0.7115027640961193
0.7115233481747545
0.7115415813385368
0.7115574746374925
0.7115710387153937
0.7115822838350837
0.7115912198952048
0.8240066230673883
0.824044095297142
0.8240799975229531
0.8241143242252794
0.8241470710557336
0.8241782348443246
0.8242078135931061
0.8242358064584066
0.8242622137320575
0.8242870368255645
0.8243102782602078
0.824331941657464
0.8243520317309493
0.8243705542779578
0.7114540589356609
0.7114271821797391
0.7113981275542319
0.7113669012144491
0.7113335091926717
0.7112979573948903
0.7112602516077076
0.7112203975151391
0.7111784007052462
0.7111342666664356
0.7110880007820849
0.7110396083499834
0.7109890946002171
0.7109364646812086
0.7108817236217706
0.7108248763817457
0.7107659280001699
0.710704883492725
0.7106417475155133
0.7105765246984038
0.7105092201370945
0.7104398384379129
0.7103683839364152
0.7102948619630576
0.7102192772726947
0.710141633988017
0.7100619371379522
0.7099801915923467
0.7098964021439266
0.7098105734423225
0.7097227125433747
0.7096328202959685
0.7095408911896939
0.7094469614230565
0.7093510180341451
0.7092530614061938
0.7091531022200225
0.7090511420430626
0.7089472023194523
0.7085100223173848
0.709194333822349
0.7092299226839437
0.7090347793873493
0.7088004086706129
0.7085861448872959
0.7093298817341405
0.709501652686107
0.7097062417449598
0.709866599780469
0.7100174289329293
0.7101595484212465
0.7102946293986712
0.7104234623860821
0.7105466499824371
0.7106645972556803
0.7107776157357357
0.7108859536003429
0.7109898140543478
0.7110893686311515
0.7111847664044739
0.7112761340226047
0.711363595593594
0.7114472369432517
0.7115271709497784
0.7116034901418666
0.7116762380471369
0.7117455199176
0.7118113854237724
0.7118738998340459
0.7119331304704157
0.7119891227726807
0.7120419276811776
0.7120915952915445
0.7121381700003525
0.7121816939750856
0.7122222085886291
0.7122597573923901
0.7122943632432726
0.7123260612983056
0.7123548928241797
0.7123808857237186
0.7124040692876643
0.7124244722723868
0.7124421156756638
0.8212334960829044
0.8212888149763025
0.8213423822535937
0.8213942024125738
0.821444454667833
0.821493313285
0.8215408027990146
0.8215868074920758
0.8216311822466512
0.8216738457282106
0.8217147954629328
0.8217540670741772
0.8217916893280697
0.8218276656111712
0.8218619810533181
0.8218946191679829
0.8219255740176608
0.8219548531059673
0.821982473388864
0.8220084550876995
0.822032816782832
0.7121755120088841
0.7121351677843089
0.7120924792342678
0.7120474585448693
0.7120001174401869
0.7119504672697725
0.7118985192597309
0.7118442843749413
0.7117877729500135
0.7117289965277835
0.7116679685854647
0.7116046921319361
0.7115391554978647
0.7114713992170516
0.7114015799492652
0.7113297648866528
0.7112555719564331
0.7111784557717002
0.7110986815835159
0.7110172572178568
0.7109344731641198
0.7108496615925132
0.7107624226258885
0.7106729272635026
0.7105813071965111
0.7104875539078157
0.7103916902203326
0.710293730353008
0.7101936820100344
0.7100915545231802
0.7099873544519841
0.7098810912326151
0.7097727761752772
0.7096624238564581
nan
nan
0.7061900399296258
0.7064288597295225
0.7072674337791575
0.7078113798903704
0.7084877568570322
0.7084764595271472
0.7084654147547631
0.7091793337474153
0.708838798615933
0.7104842655778815
0.7101547769107064
0.7099867249484444
0.7097632609228541
0.7099173913326787
0.7105737456711531
0.7108001647340813
0.7109954886585301
0.7111734564654626
0.7113382202810975
0.7114921950915786
0.7116371470430694
0.7117735789329487
0.7119021767026024
0.7120237769617603
0.7121384835277516
0.7122469928111098
0.7123492013375923
0.712445885995499
0.712536910330138
0.7126226762873483
0.7127032710094687
0.7127788457817283
0.7128497353804559
0.7129161641594765
0.7129766194358191
0.7130284421401156
0.7130752893294683
0.713127321450267
0.7131850580745825
0.7132417063499081
0.7132895565294481
0.7133218885848208
0.8184030094278387
0.8184822082014365
0.8185486333501216
0.8186118400212103
0.8186750980571278
0.8187374339828768
0.8187982005806898
0.8188575051879066
0.8189154260809881
0.8189719283890857
0.81902699287949
0.8190806108842583
0.8191327630309062
0.819183429320073
0.8192325941662351
0.8192802428716452
0.8193263611241155
0.8193709367674918
0.8194139600848316
0.8194554231241902
0.8194953195383532
0.8195336449828781
0.8195703973083728
0.8196055762569601
0.8196391831566047
0.8196712209956163
0.8197016946380108
0.7129448156407068
0.7128906242510133
0.7128338572032715
0.7127745356856919
0.7127126806467883
0.7126483123838333
0.7125814503192495
0.7125121135549574
0.7124403211330399
0.7123660914440682
0.7122894425175872
0.7122103921916401
0.7121289578140944
0.7120451579806966
0.7119590061621945
0.7118705177448333
0.7117797247260416
0.7116866263823307
0.7115912477649667
0.7114936105564903
0.7113937130616074
0.7112916094028883
0.7111872948966295
0.7110807983050028
0.7109721496846553
0.710861378502087
0.7107485375589181
0.7106336745553938
0.7105169383884564
nan
nan
nan
nan
nan
nan
nan
nan
nan
nan
nan
nan
nan
nan
nan
nan
nan
nan
nan
nan
nan
nan
nan
nan
nan
nan
0.7113280648631242
0.711594032794061
0.7118392185282284
0.7120540334089877
0.7122414256347599
0.7124299136210265
0.7125970936827066
0.7127531201385747
0.7128977720041606
0.7130326038829514
0.7131582221544486
0.7132749566068984
0.7133837970677755
0.713484669643966
0.7135781869285569
0.7136647351815446
0.7137446036155797
0.7138180584746847
0.7138853189050767
0.8160758245184443
0.8161303277560477
0.8161855975521843
0.8162413535930764
0.8162973920979402
0.8163536609317932
0.8164100263646741
0.8164662704606959
0.8165223216711108
0.8165781609975792
0.8166336494143386
0.8166886430786017
0.8167430768451193
0.816796888499179
0.8168500000623595
0.8169023447896829
0.8169538633730145
0.8170045003160082
0.8170542063104621
0.8171029359400941
0.8171506478392744
0.817197305096093
0.8172428762505075
0.8172873330619852
0.817330649339317
0.8173728041439391
0.8174137837616322
0.8174535773836077
0.8174921702787574
0.817529546803102
0.8175657046763867
0.8176006659850432
0.8176344633914263
0.7135007458585152
0.7134277924864268
0.71335196422135
0.7132733347824571
0.7131919659767094
0.7131078740839675
0.7130210117876193
0.712931280742114
0.712838569858248
0.7127428037765647
0.7126439793947819
0.7125421938376706
0.712437595556764
0.7123304254687606
0.7122209742763904
0.712109278114182
0.7119957194379605
0.7118801460282076
0.7117627265821396
0.7116433365229863
0.7115219616958494
0.7113985568792154
nan
nan
nan
nan
nan
nan
nan
nan
nan
nan
nan
nan
nan
nan
nan
nan
nan
nan
nan
nan
nan
nan
nan
nan
nan
nan
nan
nan
nan
nan
nan
nan
nan
nan
nan
nan
nan
nan
nan
nan
nan
nan
nan
nan
nan
nan
nan
0.8146581835125445
0.8146646938182656
0.8146756557314474
0.8146905704058468
0.8147089336219644
0.8147306361760929
0.8147552548775131
0.8147823286838517
0.8148116239840981
0.8148429342751514
0.8148760376383716
0.8149107200193175
0.814946781657687
0.8149840444180965
0.8150223640807658
0.8150616129031676
0.8151016028639921
0.8151420730670129
0.8151829043338392
0.8152242683596727
0.8152662449589871
0.8153084367321654
0.8153504339644287
0.8153923070701135
0.8154341922982933
0.8154759566707678
0.815517465401266
0.8155586792894218
0.8155995469172743
0.815640007807346
0.8156800171031217
0.8157195812694781
0.815758702634346
0.8157972253054313
0.8158350650049958
0.8158723731454344
0.7139139525922559
0.713830646782805
0.7137438702476598
0.7136537169067119
0.7135601676244994
0.7134632417913727
0.7133630657170409
0.7132597477343434
0.7131532822561062
0.7130436765935687
0.7129309233681911
0.7128156621051354
0.7126971591868961
0.7125750082926456
0.7124509521529127
0.712323606736464
0.7121937565741974
nan
nan
nan
nan
nan
nan
nan
nan
nan
nan
nan
nan
nan
nan
nan
nan
nan
nan
nan
nan
nan
nan
nan
nan
nan
nan
nan
nan
nan
nan
nan
nan
nan
nan
nan
nan
nan
nan
nan
nan
nan
nan
nan
nan
nan
nan
nan
nan
nan
nan
nan
nan
nan
nan
nan
nan
nan
nan
nan
nan
nan
nan
nan
nan
nan
nan
0.8142076033757213
0.8142139612408148
0.8142230680339453
0.8142347497109463
0.8142488457824696
0.8142652070677501
0.814283693977381
0.8143041749967149
0.814326524865138
0.8143506236363955
0.8143763605032426
0.8144036393440761
0.8144323687672825
0.8144624351161517
0.8144936780648759
0.8145259281758543
0.814559182152846
0.8145935721906897
0.8146289529286646
0.8146650634805938
0.8147019213098607
0.8147394899644063
0.8147777507422891
0.8148164156478606
0.7135822574800099
0.7134901692202218
0.7133928529881465
0.713283183625996
0.7131693351509716
0.7130547050838291
0.7129356106154681
0.7128129095606913
0.712686511908424
0.7125561360515533
