0.0
0.0
0.0
0.0
0.0
0.0
0.0
0.0
0.0
0.0
4.7303189051905265e-07
4.7303189051905265e-07
4.7303189051905265e-07
4.7303189051905265e-07
4.7303189051905265e-07
4.7303189051905265e-07
4.7303189051905265e-07
4.7303189051905265e-07
4.7303189051905265e-07
4.7303189051905265e-07
1.8921275620762106e-06
1.8921275620762106e-06
1.8921275620762106e-06
1.8921275620762106e-06
1.8921275620762106e-06
1.8921275620762106e-06
1.8921275620762106e-06
1.8921275620762106e-06
1.8921275620762106e-06
1.8921275620762106e-06
4.257287014671474e-06
4.257287014671474e-06
4.257287014671474e-06
4.257287014671474e-06
4.257287014671474e-06
4.257287014671474e-06
4.257287014671474e-06
4.257287014671474e-06
4.257287014671474e-06
4.257287014671474e-06
7.5685102483048424e-06
7.5685102483048424e-06
7.5685102483048424e-06
7.5685102483048424e-06
7.5685102483048424e-06
7.5685102483048424e-06
7.5685102483048424e-06
7.5685102483048424e-06
7.5685102483048424e-06
7.5685102483048424e-06
1.1825797262976315e-05
1.1825797262976315e-05
1.1825797262976315e-05
1.1825797262976315e-05
1.1825797262976315e-05
1.1825797262976315e-05
1.1825797262976315e-05
1.1825797262976315e-05
1.1825797262976315e-05
1.1825797262976315e-05
1.7029148058685896e-05
1.7029148058685896e-05
1.7029148058685896e-05
1.7029148058685896e-05
1.7029148058685896e-05
1.7029148058685896e-05
1.7029148058685896e-05
1.7029148058685896e-05
1.7029148058685896e-05
1.7029148058685896e-05
2.317856263543358e-05
2.317856263543358e-05
2.317856263543358e-05
2.317856263543358e-05
2.317856263543358e-05
2.317856263543358e-05
2.317856263543358e-05
2.317856263543358e-05
2.317856263543358e-05
2.317856263543358e-05
3.027404099321937e-05
3.027404099321937e-05
3.027404099321937e-05
3.027404099321937e-05
3.027404099321937e-05
3.027404099321937e-05
3.027404099321937e-05
3.027404099321937e-05
3.027404099321937e-05
3.027404099321937e-05
3.8315583132043265e-05
3.8315583132043265e-05
3.8315583132043265e-05
3.8315583132043265e-05
3.8315583132043265e-05
3.8315583132043265e-05
3.8315583132043265e-05
3.8315583132043265e-05
3.8315583132043265e-05
3.8315583132043265e-05
