0.7122424796217816
0.7123294619103516
0.7124147070717056
0.7124982133118336
0.7125799788621155
0.7126600019792384
0.7127382809378571
0.7128148140400049
0.7128895996050493
0.7129626359724776
0.7130339214985498
0.7131034545620638
0.7131712335527975
0.7132372568833643
0.7133015229696439
0.7133640302591493
0.713424777183526
0.7134837622278104
0.7135409838358896
0.7135964405071006
0.7136501307422356
0.713702052975348
0.7137522058171252
0.7138005877167338
0.713847197040941
0.7138920327174718
0.713935093499828
0.7139763770664951
0.7140158811551464
0.7140536049099346
0.7140895481411332
0.7141237097522218
0.7141560875133349
0.7141866790613924
0.7142154826745893
0.7142424971957063
0.7142677215513955
0.7142911544413518
0.714312794327636
0.7143326395691951
0.7143506885329339
0.71436693963263
0.7143813913168805
0.7143940420456019
0.7144048902716005
0.7144139344343421
0.7144211729570404
0.7144266042494652
0.714430226706837
0.7144320387167259
0.7144320386396307
0.7144302248639253
0.7144265957130153
0.7144211495316888
0.714413884647809
0.7144047993759925
0.7143938920248254
0.7143811608947537
0.7143666042805077
0.7143502204639913
0.7143320076998095
0.7143119641880205
0.714290088059767
0.7142663774026103
0.7142408303689478
0.7142134453272287
0.71418422089579
0.7141531556655688
0.7141202476863664
0.7140854942791055
0.7140488927421407
0.7140104414523327
0.7139701398215925
0.7139279867346088
0.713883979643841
0.7138381158368466
0.7137903936359589
0.7137408115439078
0.7136893675357269
0.713636059698177
0.7135808862471722
0.7135238452369741
0.7134649348145904
0.713404153106283
0.713341498219986
0.7132769683013035
0.7132105614619622
0.7131422758492059
0.7130721095888604
0.7130000608312743
0.7129261277162102
0.7128503084015045
0.7127726010439874
0.7126930037991491
0.7126115148448082
0.7125281323548296
0.7124428545090028
0.7123556794917123
0.7122666054928095
0.7121756307040167
0.7122254707457476
0.7123159729920587
0.7124046556659149
0.7124915197123148
0.7125765647717209
0.7126597904465803
0.7127411941590969
0.7128207776580894
0.7128985399135475
0.7129744792486422
0.7130485953442834
0.7131208874110123
0.7131913546947353
0.7132599964322424
0.7133268118604978
0.7133918002042926
0.7134549606861336
0.7135162925505616
0.7135757949898838
0.713633467302015
0.7136893086193863
0.7137433182662487
0.713795495511617
0.7138458392883249
0.7138943494475489
0.713941025714809
0.713985865755136
0.7140288675686574
0.7140700321129904
0.7141093609015194
0.7141468527254733
0.7141825045458154
0.7142163144583046
0.7142482825935231
0.7142784097280656
0.7143066958631326
0.7143331400205197
0.7143577408159956
0.7143804969949905
0.7144014076004812
0.71442047188595
0.7144376891777353
0.7144530587874739
0.7144665799852539
0.7144782520031244
0.7144880740472699
0.7144960453070943
0.7145021649609931
0.7145064321750624
0.7145088461046201
nan
0.7145081107069637
0.7145049596053513
0.7144999517309775
0.7144930861724632
0.7144843620079384
0.7144737783035396
0.7144613341118344
0.7144470284787647
0.7144308604506693
0.7144128290846172
0.7143929334485113
0.7143711725909131
0.7143475454609673
0.7143220507981425
0.7142946871014506
0.7142654528447464
0.7142343469660539
0.7142013692337725
0.71416651977341
0.7141297977055804
0.7140912003802146
0.7140507248859583
0.7140083705124297
0.7139641383333813
0.7139180279184691
0.7138700365786756
0.7138201623251186
0.7137684046547945
0.713714762546805
0.7136592345687514
0.7136018196677454
0.7135425166144203
0.7134813241887109
0.7134182412276707
0.713353266493718
0.713286398814465
0.7132176369659906
0.7131469797575095
0.7130744259715107
0.7129999744132995
0.7129236238394969
0.7128453731821321
0.7127652211820975
0.712683165809964
0.7125992069931195
0.7125133429222362
0.7124255722989004
0.7123358937492954
0.712244305868083
0.7122753330757073
0.7123736537589967
0.7124699435992723
0.7125641847340657
0.7126563951576954
0.7127465909923261
0.7128347592299631
0.7129209138701724
0.7130050226422544
0.7130870795009197
0.7131672035779206
0.7132453815998536
0.7133214941384877
0.713395564534605
0.7134676453556359
0.7135377323172736
0.7136058209955597
0.7136719148863343
0.7137360159666161
0.7137981265722884
0.7138582477905722
0.7139163837211604
0.7139725361067663
0.7140267013003417
0.7140788874140328
0.7141291023043612
0.7141773287446213
0.7142235499173433
0.7142677836880382
0.7143100642691506
0.7143504046874778
0.7143887923166792
0.714425210266011
0.714459652307422
0.7144921217983651
0.7145226246952298
0.7145511654010895
0.7145777463502752
0.7146023689884013
0.714625034538772
0.7146457442776348
0.7146644995411239
0.7146813016745895
0.7146961520001153
0.7147090518023105
0.7147200023270337
0.7147290047804804
0.7147360603289817
nan
nan
nan
nan
nan
nan
nan
0.7147225422507191
0.7147121210941652
0.714699762284637
0.7146854664823661
0.7146692342987235
0.7146510662954592
0.7146309629827318
0.7146089248084248
0.7145849521368275
0.7145590452216626
0.7145312042403654
0.7145014295346629
0.7144697221335866
0.7144360841725237
0.7144005180485291
0.7143630233607952
0.7143235937108036
0.7142822192900055
0.7142388974925582
0.7141936398893706
0.7141464604556729
0.7140973570159173
0.7140463169624464
0.7139933388805098
0.7139384294857218
0.7138815870381432
0.7138228075448416
0.7137620921853651
0.7136994408146344
0.713634852579498
0.7135683272137765
0.713499863966738
0.7134294623227226
0.7133571215408472
0.7132828409504465
0.71320661974734
0.7131284571107949
0.7130483520820643
0.7129663040169661
0.7128823112414955
0.7127963694867695
0.7127084860680049
0.7126186630942537
0.7125268914699242
0.712433150927515
0.7123885435301617
0.712498938279695
0.7126077036917666
0.7127143662847424
0.7128185877193103
0.7129204075479629
0.713019842882366
0.7131169046550787
0.7132116021167269
0.713303945105079
0.7133939422330721
0.7134816022397626
0.7135669338201844
0.7136499458715496
0.7137306466120663
0.7138090456499165
0.7138851516530542
0.7139589653278438
0.7140305124367192
0.7140999838822668
0.714167117910752
0.7142312081355477
0.7142926072202439
0.7143524549322413
0.7144109773637574
0.714467379043239
0.7145211201213583
0.7145723608266288
0.7146213856076475
0.7146682546857129
0.7147129317803353
0.7147554091911196
0.7147956991396798
0.7148338113305094
0.7148697529044075
0.7149035310025761
0.7149351525914738
0.7149646241865208
0.714991951901947
0.7150171414836546
0.7150401983291068
0.7150611275386177
0.7150799339799706
0.715096622360651
0.7151111972972415
0.7151236633763287
nan
nan
nan
nan
nan
nan
nan
nan
nan
nan
nan
nan
nan
nan
0.7150607374810203
0.7150400755662196
0.7150173756125369
0.7149926404278446
0.7149658726936515
0.714937074975547
0.7149062497320561
0.7148733993225966
0.7148385260151384
0.7148016319766275
0.7147627192372019
0.7147217898027819
0.7146788460654281
0.7146338902162647
0.7145869203017694
0.7145379297809423
0.714486931343719
0.714433986775282
0.7143791403078756
0.714322269572603
0.7142631717691872
0.7142019130846333
0.7141387707979532
0.714073772583464
0.7140067679422761
0.7139377386305101
0.7138666911786747
0.7137936274179573
0.713718621143129
0.7136417120452897
0.7135627876196007
0.7134817247245717
0.7133985983218107
0.7133135279499775
0.713226494885485
0.7131374541467999
0.7130464079291291
0.7129533591108039
0.7128583052436679
0.7127612447273455
0.7126231027368202
0.7127235785522563
0.7128218089911292
0.7129314869550293
0.7130452990622953
0.7131655201942356
0.7132592594625716
0.7133679419254009
0.7134781986829353
0.7135849735242367
0.7136891534252642
0.7137910346472259
0.713890445988575
0.7139870784671737
0.7140836053849176
0.7141756465702047
0.7142511949338131
0.7143307355090573
0.7144239177419004
0.714509439575481
0.7145869630186427
0.7146622389647177
0.714735021195508
0.7148051241509793
0.7148725583236125
0.7149373138994454
0.7149994286546625
0.7150589233380752
0.7151158134708888
0.7151701145745236
0.7152218424479234
0.7152710125726451
0.7153176416138791
0.715361743327928
0.7154033357526559
0.7154424315560477
0.7154790366038782
0.715513175418479
0.7155448761847154
0.7155741396843067
0.7156009624541328
0.7156253675810681
0.7156473890428781
0.7156670445741045
nan
nan
nan
nan
nan
nan
nan
nan
nan
nan
nan
nan
nan
nan
nan
nan
nan
nan
nan
nan
nan
nan
0.7154877834246833
0.715453507633701
0.7154170869732616
0.7153785255414468
0.7153378267482298
0.715294994630647
0.7152500366867736
0.7152029673334902
0.7151538084710605
0.7151025819138088
0.7150492926626175
0.7149939145737411
0.7149363994854769
0.714876716098612
0.7148148868585922
0.7147509711523516
0.714685015992966
0.7146170266428634
0.7145468531475602
0.7144745912334254
0.7144013062806652
0.7143264839695196
0.7142472242883855
0.7141648209240972
0.7140821510383294
0.7139978291870548
0.713911165880454
0.71382245064425
0.7137316733715702
0.7136388276568129
0.7135439076061432
0.7134469023967482
0.7133478054882356
0.7132466243457088
0.712175773704562
0.7121641990689622
0.7094198026611181
0.7104087059607481
0.7104928739194534
0.7107696321776507
0.7116818432439482
0.7118910313380205
0.7121991815139583
0.7120534819928342
0.714586669314955
0.7144076807912865
0.7144232984169392
0.7144493834573319
0.7144949794135698
0.7145676646062563
0.7146499183004251
0.7147389661906235
0.7148302437422025
0.7149229092021596
0.7150159631152292
0.7151072528589828
0.7151941827183333
0.7152758633618047
0.7153529918823391
0.7154268580849694
0.7154993606807314
0.7155707733589902
0.7156409857215948
0.7157093868854035
0.7157753234809844
0.7158383190228749
0.7158981423712568
0.7159545372723737
0.7160078338396622
0.7160579794743362
0.7161048411895665
0.7161486607267475
0.7161894573693977
0.7162272478363102
nan
nan
nan
nan
nan
nan
nan
nan
nan
nan
nan
nan
nan
nan
nan
nan
nan
nan
nan
nan
nan
nan
nan
nan
nan
nan
nan
nan
nan
nan
nan
nan
0.7159774007219469
0.7159286131198855
0.715877579350479
0.7158243042676533
0.7157687926757998
0.7157110497914665
0.7156510823770101
0.7155888980985683
0.7155245048702064
0.7154579111723101
0.7153891255341683
0.7153181561029228
0.7152450109372347
0.7151696968015393
0.7150922218995052
0.7150125927674005
0.7149308171322735
0.7148469013474894
0.7147608557397712
0.7146727231584169
0.7145824978455058
0.7144887883309339
0.7143986415679195
0.7143114034015318
0.7142043336188901
0.7140971859365004
0.7139957062480016
0.7138906565629131
nan
nan
nan
nan
nan
nan
nan
nan
nan
nan
nan
nan
0.7129680588447078
0.7131100404074773
0.7133199546415206
0.7135371302075266
0.713772470370538
0.7139420293857225
0.7143721563866224
0.7128064561171987
0.7104012801828954
0.7105355203794617
0.7119636355040803
0.7123105809138114
0.7124958333790992
0.715269555610364
0.7152990013917909
0.7153677281063245
0.7155443472291998
0.7157215980895791
0.7158589563976303
0.715976231156643
0.7160868981746032
0.7161913308659597
0.7162900516287333
0.7163838924528573
0.7164716784508259
0.7165510569548035
0.7166228829473171
nan
nan
nan
nan
nan
nan
nan
nan
nan
nan
nan
nan
nan
nan
nan
nan
nan
nan
nan
nan
nan
nan
nan
nan
nan
nan
nan
nan
nan
nan
nan
nan
nan
nan
nan
nan
nan
nan
nan
nan
nan
0.7163248246196988
0.7162573315397103
0.7161875452648714
0.7161154412403461
0.716040814875175
0.7159640891260899
0.7158865738902752
0.7158067941360167
0.715720408968529
0.715629366933873
0.7155403287008341
0.7154522088451439
0.7153607191749708
0.7152662541104192
0.7151696750185262
0.7150708926686498
0.7149700083310474
0.7148669790077842
0.7147619004479175
0.7146547334057387
nan
nan
nan
nan
nan
nan
nan
nan
nan
nan
nan
nan
nan
nan
nan
nan
nan
nan
nan
nan
nan
nan
nan
nan
nan
nan
nan
nan
nan
nan
nan
0.7146250273655135
0.7150570280787625
0.7150375521589252
nan
nan
0.7130936209217382
0.7129817338539248
0.7101542908331805
0.7112486283491589
0.7124832926528326
0.7128868430862357
0.7131325265909747
nan
nan
nan
nan
nan
nan
nan
nan
nan
nan
nan
nan
nan
nan
nan
nan
nan
nan
nan
nan
nan
nan
nan
nan
nan
nan
nan
nan
nan
nan
nan
nan
nan
nan
nan
nan
nan
nan
nan
nan
nan
nan
0.7166677122207168
0.7165916695040655
0.716513019911753
0.7164316862016469
0.716347861802683
0.7162628858605251
0.7161764030105519
0.7160836774028512
0.7159836696806142
0.7158836204165739
0.7157892690557732
0.7156958273965645
0.7155953075891721
0.7154915426007136
0.7153893038831372
nan
nan
nan
nan
nan
nan
nan
nan
nan
nan
nan
nan
nan
nan
nan
nan
nan
nan
nan
nan
nan
nan
nan
nan
nan
nan
nan
nan
nan
nan
nan
nan
nan
nan
nan
nan
nan
nan
nan
nan
nan
nan
nan
nan
nan
nan
nan
nan
nan
nan
nan
nan
nan
nan
nan
nan
0.7132971555302666
0.7101923078705241
0.7104937529334041
0.7110687889957719
0.7114894762015936
0.7117577130859107
0.7122410878234032
0.7132558840707796
0.7134825011911563
0.7141842971616861
0.7143654708857544
nan
0.7149603473603715
nan
nan
nan
nan
nan
nan
nan
nan
nan
nan
nan
nan
nan
nan
nan
nan
nan
nan
nan
nan
nan
0.7161555310575998
0.716038827580258
0.7160074921128105
0.715942223604927
0.7158076846979028
0.7156934108296719
0.7156079846383554
0.7155172167390891
0.7154300199245461
0.7152988809006526
nan
nan
nan
nan
nan
nan
nan
nan
nan
nan
nan
nan
nan
nan
nan
nan
nan
nan
nan
nan
nan
nan
nan
nan
nan
nan
nan
nan
nan
nan
nan
nan
nan
nan
nan
nan
nan
nan
nan
nan
nan
nan
nan
nan
nan
nan
nan
nan
nan
nan
nan
nan
nan
nan
nan
nan
nan
nan
nan
nan
nan
nan
nan
nan
nan
nan
nan
nan
nan
nan
nan
nan
nan
nan
nan
nan
nan
nan
nan
nan
0.7147733478022956
nan
nan
nan
nan
nan
nan
nan
0.7133165616874141
0.7132981367573337
0.713166450173089
0.7132066059962915
0.7133129056864655
0.7133043189854736
0.7131956346482963
0.713144646375149
0.7131909626593906
0.7132878462711638
nan
nan
