6.607958786665929e-07
6.343667403707758e-07
6.084769722442609e-07
5.831265742870486e-07
5.583155464991384e-07
5.340438888805309e-07
5.103116014312256e-07
4.871186841512228e-07
4.6446513704052223e-07
4.423509600991242e-07
4.207761533270285e-07
3.997407167242353e-07
3.792446502907444e-07
3.592879540265559e-07
3.3987062793166973e-07
3.20992672006086e-07
3.0265408624980465e-07
2.848548706628258e-07
2.6759502524514917e-07
2.508745499967751e-07
2.3469344491770333e-07
2.1905171000793403e-07
2.0394934526746704e-07
1.8938635069630237e-07
1.7536272629444024e-07
1.6187847206188042e-07
1.4893358799862303e-07
1.3652807410466804e-07
1.2466193038001537e-07
1.1333515682466512e-07
1.0254775343861727e-07
9.229972022187184e-08
8.259105717442879e-08
7.342176429628811e-08
6.479184158744983e-08
5.6701289047913956e-08
4.9150106677680456e-08
4.2138294476749355e-08
3.5665852445120653e-08
2.9732780582794347e-08
2.4339078889770427e-08
1.9484747366048922e-08
1.5169786011629783e-08
1.1394194826513036e-08
8.157973810698685e-09
5.461122964186722e-09
3.3036422869771434e-09
1.6855317790699691e-09
6.067914404651955e-10
6.742127116280038e-11
6.742127116279769e-11
6.067914404651872e-10
1.6855317790699691e-09
3.3036422869771434e-09
5.461122964186711e-09
8.157973810698669e-09
1.1394194826513018e-08
1.5169786011629763e-08
1.9484747366048902e-08
2.4339078889770427e-08
2.9732780582794347e-08
3.5665852445120653e-08
4.2138294476749355e-08
4.9150106677680456e-08
5.6701289047913956e-08
6.479184158744983e-08
7.342176429628811e-08
8.259105717442879e-08
9.229972022187184e-08
1.0254775343861727e-07
1.1333515682466512e-07
1.2466193038001537e-07
1.36528074104668e-07
1.4893358799862303e-07
1.6187847206188042e-07
1.7536272629444024e-07
1.8938635069630243e-07
2.0394934526746704e-07
2.1905171000793403e-07
2.346934449177034e-07
2.5087454999677514e-07
2.6759502524514906e-07
2.848548706628256e-07
3.026540862498046e-07
3.209926720060859e-07
3.398706279316697e-07
3.592879540265558e-07
3.792446502907443e-07
3.9974071672423515e-07
4.207761533270285e-07
4.423509600991242e-07
4.6446513704052223e-07
4.87118684151223e-07
5.103116014312256e-07
5.340438888805311e-07
5.583155464991384e-07
5.831265742870483e-07
6.084769722442609e-07
6.343667403707756e-07
6.607958786665929e-07
7.051143808409986e-07
6.778054848782822e-07
6.510359590848681e-07
6.248058034607567e-07
5.991150180059473e-07
5.739636027204405e-07
5.493515576042363e-07
5.252788826573341e-07
5.017455778797345e-07
4.787516432714372e-07
4.562970788324424e-07
4.3438188456275e-07
4.130060604623599e-07
3.921696065312722e-07
3.718725227694869e-07
3.5211480917700397e-07
3.3289646575382344e-07
3.142174924999453e-07
2.9607788941536956e-07
2.7847765650009626e-07
2.6141679375412527e-07
2.448953011774568e-07
2.2891317877009064e-07
2.134704265320268e-07
1.985670444632655e-07
1.8420303256380647e-07
1.7037839083364988e-07
1.5709311927279572e-07
1.4434721788124385e-07
1.321406866589944e-07
1.2047352560604736e-07
1.0934573472240274e-07
9.875731400806049e-08
8.870826346302064e-08
7.919858308728316e-08
7.02282728808481e-08
6.17973328437154e-08
5.390576297588512e-08
4.655356327735723e-08
3.974073374813174e-08
3.3467274388208626e-08
2.773318519758794e-08
2.2538466176269614e-08
1.7883117324253675e-08
1.3767138641540138e-08
1.0190530128128987e-08
7.153291784020217e-09
4.655423609213856e-09
2.696925603709903e-09
1.2777977675083197e-09
3.9804010060912927e-10
5.7652603012331e-11
2.566352747179251e-10
9.949881157259114e-10
2.2727111260362903e-09
4.089804305649061e-09
6.446267654564224e-09
9.342101172781782e-09
1.277730486030173e-08
1.6751878717124067e-08
2.12658227432488e-08
2.6319136938675923e-08
3.191182130340544e-08
3.804387583743735e-08
4.471530054077166e-08
5.192609541340835e-08
5.967626045534744e-08
6.796579566658892e-08
7.679470104713279e-08
8.616297659697903e-08
9.60706223161277e-08
1.0651763820457874e-07
1.1750402426233219e-07
1.2902978048938804e-07
1.4109490688574623e-07
1.5369940345140687e-07
1.668432701863699e-07
1.8052650709063528e-07
1.9474911416420306e-07
2.0951109140707328e-07
2.2481243881924586e-07
2.406531564007206e-07
2.5703324415149796e-07
2.739527020715777e-07
2.9141153016095985e-07
3.094097284196444e-07
3.279472968476313e-07
3.4702423544492063e-07
3.6664054421151235e-07
3.8679622314740645e-07
4.0749127225260297e-07
4.2872569152710187e-07
4.5049948097090335e-07
4.7281264058400683e-07
4.956651703664132e-07
5.190570703181212e-07
5.42988340439132e-07
5.674589807294454e-07
5.924689911890609e-07
6.180183718179792e-07
7.509738783411963e-07
7.227852247115809e-07
6.951359412512675e-07
6.680260279602568e-07
6.414554848385483e-07
6.154243118861423e-07
5.899325091030385e-07
5.649800764892375e-07
5.405670140447385e-07
5.16693321769542e-07
4.933589996636479e-07
4.705640477270564e-07
4.483084659597671e-07
4.2659225436178025e-07
4.0541541293309575e-07
3.847779416737136e-07
3.646798405836339e-07
3.451211096628566e-07
3.2610174891138165e-07
3.076217583292092e-07
2.8968113791633907e-07
2.722798876727714e-07
2.5541800759850603e-07
2.39095497693543e-07
2.233123579578825e-07
2.080685883915243e-07
1.933641889944685e-07
1.7919915976671518e-07
1.655735007082641e-07
1.524872118191155e-07
1.3994029309926927e-07
1.2793274454872548e-07
1.1646456616748403e-07
1.0553575795554498e-07
9.514631991290832e-08
8.529625203957407e-08
7.59855543355422e-08
6.721422680081272e-08
5.898226943538564e-08
5.128968223926097e-08
4.4136465212438674e-08
3.75226183549188e-08
3.144814166670128e-08
2.591303514778616e-08
2.091729879817344e-08
1.64609326178631e-08
1.2543936606855135e-08
9.166310765149584e-09
6.328055092746452e-09
4.029169589645682e-09
2.2696542558473026e-09
1.0495090913513169e-09
3.687340961577231e-10
2.2732927026652164e-10
6.252946136777127e-10
1.5626301263912955e-09
3.039335808407271e-09
5.055411659725639e-09
7.6108576803464e-09
1.0705673870269548e-08
1.4339860229495092e-08
1.851341675802303e-08
2.3226343455853362e-08
2.8478640322986085e-08
3.42703073594212e-08
4.060134456515871e-08
4.747175194019861e-08
5.48815294845409e-08
6.283067719818559e-08
7.131919508113264e-08
8.034708313338211e-08
8.991434135493399e-08
1.0002096974578824e-07
1.106669683059449e-07
1.2185233703540392e-07
1.3357707593416536e-07
1.458411850022292e-07
1.586446642395954e-07
1.71987513646264e-07
1.85869733222235e-07
2.002913229675084e-07
2.1525228288208396e-07
2.3075261296596217e-07
2.4679231321914275e-07
2.633713836416257e-07
2.8048982423341104e-07
2.981476349944988e-07
3.163448159248889e-07
3.3508136702458147e-07
3.543572882935764e-07
3.741725797318737e-07
3.945272413394734e-07
4.154212731163757e-07
4.3685467506258e-07
4.588274471780871e-07
4.81339589462896e-07
5.043911019170076e-07
5.279819845404218e-07
5.52112237333138e-07
5.76781860295157e-07
7.983743711671856e-07
7.69305959870671e-07
7.407769187434584e-07
7.127872477855486e-07
6.853369469969408e-07
6.584260163776357e-07
6.320544559276328e-07
6.062222656469325e-07
5.809294455355344e-07
5.561759955934387e-07
5.319619158206455e-07
5.082872062171547e-07
4.851518667829664e-07
4.625558975180802e-07
4.404992984224966e-07
4.1898206949621524e-07
3.980042107392364e-07
3.775657221515598e-07
3.576666037331857e-07
3.3830685548411405e-07
3.194864774043447e-07
3.012054694938779e-07
2.834638317527134e-07
2.662615641808511e-07
2.495986667782914e-07
2.3347513954503404e-07
2.1789098248107905e-07
2.0284619558642654e-07
1.8834077886107627e-07
1.7437473230502848e-07
1.6094805591828306e-07
1.4806074970084004e-07
1.3571281365269942e-07
1.2390424777386118e-07
1.1263505206432533e-07
1.0190522652409189e-07
9.171477115316083e-08
8.206368595153218e-08
7.29519709192059e-08
6.437962605618203e-08
5.634665136246056e-08
4.8853046838041516e-08
4.1898812482924813e-08
3.5483948297110496e-08
2.960845428059858e-08
2.427233043338905e-08
1.9475576755481893e-08
1.5218193246877156e-08
1.1500179907574847e-08
8.321536737574886e-09
5.682263736877319e-09
3.582360905482145e-09
2.021828243389364e-09
1.0006657505989742e-09
5.18873427110977e-10
5.764512729253722e-10
1.1733992880421595e-09
2.3097174724613395e-09
3.985405826182912e-09
6.2004643492068745e-09
8.95489304153323e-09
1.2248691903161978e-08
1.6081860934093117e-08
2.0454400134326655e-08
2.536630950386258e-08
3.08175890427009e-08
3.680823875084162e-08
4.333825862828473e-08
5.040764867503022e-08
5.8016408891078084e-08
6.616453927642836e-08
7.485203983108104e-08
8.40789105550361e-08
9.384515144829356e-08
1.041507625108534e-07
1.1499574374271565e-07
1.263800951438803e-07
1.3830381671434731e-07
1.5076690845411673e-07
1.6376937036318857e-07
1.7731120244156279e-07
1.9139240468923913e-07
2.0601297710621815e-07
2.2117291969249953e-07
2.368722324480833e-07
2.5311091537296947e-07
2.69888968467158e-07
2.8720639173064895e-07
3.0506318516344233e-07
3.234593487655381e-07
3.4239488253693616e-07
3.6186978647763665e-07
3.818840605876398e-07
4.024377048669449e-07
4.235307193155528e-07
4.451631039334626e-07
4.673348587206749e-07
4.900459836771899e-07
5.132964788030071e-07
5.370863440981268e-07
8.473158593189667e-07
8.173676903555529e-07
7.879588915614413e-07
7.590894629366322e-07
7.307594044811253e-07
7.029687161949209e-07
6.757173980780191e-07
6.490054501304193e-07
6.228328723521222e-07
5.971996647431272e-07
5.721058273034349e-07
5.47551360033045e-07
5.235362629319573e-07
5.000605360001719e-07
4.771241792376891e-07
4.5472719264450856e-07
4.328695762206305e-07
4.1155132996605485e-07
3.9077245388078155e-07
3.705329479648107e-07
3.508328122181421e-07
3.316720466407761e-07
3.130506512327124e-07
2.9496862599395096e-07
2.774259709244921e-07
2.604226860243356e-07
2.4395877129348136e-07
2.2803422673192968e-07
2.1264905233968021e-07
1.9780324811673322e-07
1.8349681406308863e-07
1.697297501787465e-07
1.5650205646370668e-07
1.4381373291796926e-07
1.316647795415342e-07
1.200551963344016e-07
1.0898498329657133e-07
9.845414042804349e-08
8.846266772881801e-08
7.901056519889496e-08
7.009783283827428e-08
6.172447064695604e-08
5.389047862494014e-08
4.6595856772226646e-08
3.9840605088815556e-08
3.362472357470684e-08
2.7948212229900493e-08
2.2811071054396566e-08
1.8213300048195078e-08
1.4154899211295931e-08
1.0635868543699175e-08
7.656208045404817e-09
5.215917716412846e-09
3.3149975567232685e-09
1.953447566336083e-09
1.131267745251291e-09
8.484580934688906e-10
1.105018610988883e-09
1.900949297811267e-09
3.2362501539360433e-09
5.110921179363213e-09
7.524962374092772e-09
1.0478373738124726e-08
1.3971155271459072e-08
1.800330697409581e-08
2.2574828846034944e-08
2.7685720887276466e-08
3.333598309782038e-08
3.952561547766668e-08
4.6254618026815386e-08
5.3522990745266484e-08
6.133073363301997e-08
6.967784669007584e-08
7.856432991643413e-08
8.799018331209478e-08
9.795540687705783e-08
1.0846000061132329e-07
1.1950396451489114e-07
1.3108729858776136e-07
1.4321000282993398e-07
1.5587207724140902e-07
1.6907352182218625e-07
1.8281433657226606e-07
1.9709452149164825e-07
2.1191407658033283e-07
2.272730018383198e-07
2.4317129726560917e-07
2.5960896286220095e-07
2.7658599862809505e-07
2.9410240456329163e-07
3.121581806677906e-07
3.307533269415919e-07
3.4988784338469576e-07
3.6956172999710173e-07
3.8977498677881044e-07
4.1052761372982104e-07
4.318196108501342e-07
4.5365097813975e-07
4.76021715598668e-07
4.989318232268886e-07
8.977983427965399e-07
8.669704161662271e-07
8.366818597052161e-07
8.069326734135076e-07
7.777228572911015e-07
7.490524113379982e-07
7.20921335554197e-07
6.93329629939698e-07
6.662772944945017e-07
6.397643292186079e-07
6.137907341120161e-07
5.88356509174727e-07
5.634616544067403e-07
5.391061698080557e-07
5.152900553786736e-07
4.920133111185939e-07
4.692759370278166e-07
4.470779331063418e-07
4.2541929935416926e-07
4.0430003577129926e-07
3.8372014235773154e-07
3.6367961911346634e-07
3.441784660385034e-07
3.2521668313284275e-07
3.0679427039648473e-07
2.8891122782942897e-07
2.715675554316756e-07
2.5476325320322473e-07
2.3849832114407604e-07
2.227727592542299e-07
2.0758656753368611e-07
1.929397459824447e-07
1.7883229460050576e-07
1.652642133878691e-07
1.5223550234453495e-07
1.3974616147050305e-07
1.2779619076577368e-07
1.163855902303466e-07
1.0551435986422197e-07
9.518249966739973e-08
8.539000963987986e-08
7.613688978166245e-08
6.742314009274735e-08
5.924876057313467e-08
5.1613751222824376e-08
4.451811204181647e-08
3.7961843030110935e-08
3.1944944187707836e-08
2.646741551460716e-08
2.152925701080882e-08
1.713046867631288e-08
1.3271050511119329e-08
9.951002515228175e-09
7.170324688639407e-09
4.929017031353034e-09
3.2270795433690537e-09
2.0645122246874653e-09
1.4413150753082685e-09
1.3574880952314651e-09
1.813031284457053e-09
2.8079446429850336e-09
4.3422281708154046e-09
6.4158818679481705e-09
9.02890573438333e-09
1.218129977012088e-08
1.5873063975160825e-08
2.0104198349503158e-08
2.4874702893147886e-08
3.018457760609501e-08
3.603382248834451e-08
4.2422437539896416e-08
4.9350422760750714e-08
5.68177781509074e-08
6.482450371036648e-08
7.337059943912796e-08
8.245606533719183e-08
9.208090140455808e-08
1.0224510764122674e-07
1.1294868404719777e-07
1.241916306224712e-07
1.3597394736704705e-07
1.4829563428092508e-07
1.611566913641057e-07
1.745571186165887e-07
1.884969160383741e-07
2.029760836294619e-07
2.1799462138985206e-07
2.3355252931954462e-07
2.496498074185396e-07
2.66286455686837e-07
2.834624741244367e-07
3.0117786273133886e-07
3.1943262150754355e-07
3.382267504530503e-07
3.5756024956785987e-07
3.7743311885197125e-07
3.9784535830538526e-07
4.1879696792810186e-07
4.4028794772012057e-07
4.6231829768144207e-07
9.498218215999049e-07
9.181141373026927e-07
8.869458231747826e-07
8.563168792161752e-07
8.262273054268698e-07
7.966771018068673e-07
7.676662683561667e-07
7.391948050747688e-07
7.112627119626731e-07
6.8386998901988e-07
6.570166362463891e-07
6.307026536422008e-07
6.049280412073148e-07
5.796927989417311e-07
5.5499692684545e-07
5.30840424918471e-07
5.072232931607946e-07
4.841455315724205e-07
4.616071401533488e-07
4.3960811890357966e-07
4.1814846782311265e-07
3.9722818691194823e-07
3.7684727617008624e-07
3.570057355975264e-07
3.3770356519426915e-07
3.189407649603141e-07
3.007173348956617e-07
2.8303327500031164e-07
2.6588858527426377e-07
2.4928326571751833e-07
2.3321731633007542e-07
2.1769073711193483e-07
2.0270352806309664e-07
1.8825568918356085e-07
1.7434722047332743e-07
1.6097812193239644e-07
1.481483935607678e-07
1.3585803535844157e-07
1.2410704732541775e-07
1.1289542946169631e-07
1.0222318176727726e-07
9.209030424216067e-08
8.24967968863464e-08
7.344265969983451e-08
6.492789268262506e-08
5.695249583471797e-08
4.951646915611323e-08
4.261981264681093e-08
3.6262526306811076e-08
3.0444610136113556e-08
2.5166064134718422e-08
2.0426888302625684e-08
1.622708263983534e-08
1.2566647146347386e-08
9.445581822161824e-09
6.863886667278656e-09
4.8215616816978805e-09
3.3186068654194963e-09
2.3550222184435045e-09
1.930807740769905e-09
2.045963432398698e-09
2.7004892933298825e-09
3.89438532356346e-09
5.62765152309943e-09
7.900287891937794e-09
1.0712294430078548e-08
1.4063671137521696e-08
1.7954418014267235e-08
2.2384535060315167e-08
2.7354022275665488e-08
3.2862879660318205e-08
3.891110721427331e-08
4.5498704937530815e-08
5.262567283009071e-08
6.0292010891953e-08
6.849771912311768e-08
7.724279752358474e-08
8.652724609335421e-08
9.635106483242607e-08
1.0671425374080031e-07
1.1761681281847697e-07
1.2905874206545583e-07
1.4104004148173724e-07
1.535607110673211e-07
1.6662075082220725e-07
1.802201607463959e-07
1.9435894083988682e-07
2.0903709110268028e-07
2.24254611534776e-07
2.4001150213617424e-07
2.5630776290687474e-07
2.731433938468777e-07
2.9051839495618324e-07
3.0843276623479085e-07
3.2688650768270106e-07
3.458796192999133e-07
3.6541210108642816e-07
3.8548395304224553e-07
4.060951751673651e-07
4.2724576746178734e-07
1.0033862957290615e-06
9.707988537649502e-07
9.387507819701408e-07
9.072420803446342e-07
8.762727488884298e-07
8.45842787601528e-07
8.159521964839282e-07
7.866009755356312e-07
7.577891247566365e-07
7.29516644146944e-07
7.017835337065539e-07
6.745897934354666e-07
6.479354233336813e-07
6.218204234011983e-07
5.96244793638018e-07
5.7120853404414e-07
5.467116446195642e-07
5.227541253642909e-07
4.993359762783202e-07
4.764571973616518e-07
4.5411778861428567e-07
4.3231775003622213e-07
4.110570816274608e-07
3.903357833880018e-07
3.701538553178454e-07
3.505112974169912e-07
3.3140810968543955e-07
3.128442921231903e-07
2.948198447302432e-07
2.773347675065987e-07
2.603890604522565e-07
2.4398272356721685e-07
2.2811575685147936e-07
2.1278816030504445e-07
1.979999339279118e-07
1.8375107772008166e-07
1.7004159168155377e-07
1.5687147581232842e-07
1.4424073011240532e-07
1.3214935458178478e-07
1.2059734922046653e-07
1.0958471402845073e-07
9.911144900573728e-08
8.917755415232621e-08
7.978302946821755e-08
7.092787495341126e-08
6.261209060790734e-08
5.483567643170587e-08
4.759863242480683e-08
4.090095858721013e-08
3.47426549189158e-08
2.912372141992388e-08
2.404415809023435e-08
1.9503964929847205e-08
1.5503141938762455e-08
1.2041689116980104e-08
9.119606464500138e-09
6.7368939813225665e-09
4.893551667447386e-09
3.5895795228746005e-09
2.8249775476042045e-09
2.5997457416362024e-09
2.913884104970592e-09
3.7673926376073755e-09
5.160271339546549e-09
7.092520210788116e-09
9.564139251332074e-09
1.2575128461178425e-08
1.6125487840327173e-08
2.02152173887783e-08
2.484431710653183e-08
3.0012786993587756e-08
3.572062704994607e-08
4.196783727560677e-08
4.875441767056987e-08
5.608036823483536e-08
6.394568896840324e-08
7.235037987127353e-08
8.129444094344619e-08
9.077787218492126e-08
1.0080067359569872e-07
1.113628451757784e-07
1.2246438692516065e-07
1.3410529884384526e-07
1.462855809318323e-07
1.590052331891217e-07
1.722642556157135e-07
1.8606264821160771e-07
2.0040041097680427e-07
2.1527754391130325e-07
2.3069404701510464e-07
2.466499202882084e-07
2.6314516373061473e-07
2.801797773423231e-07
2.9775376112333426e-07
3.1586711507364734e-07
3.3451983919326296e-07
3.5371193348218116e-07
3.734433979404016e-07
3.937142325679246e-07
1.05849176518401e-06
1.0250245655529994e-06
9.92096736091291e-07
9.597082767988853e-07
9.278591876757815e-07
8.965494687219805e-07
8.657791199374819e-07
8.355481413222854e-07
8.058565328763915e-07
7.767042945997999e-07
7.480914264925108e-07
7.20017928554524e-07
6.924838007858395e-07
6.654890431864577e-07
6.390336557563779e-07
6.131176384956008e-07
5.877409914041258e-07
5.629037144819535e-07
5.386058077290833e-07
5.148472711455158e-07
4.916281047312506e-07
4.6894830848628784e-07
4.4680788241062723e-07
4.25206826504269e-07
4.0414514076721346e-07
3.836228251994602e-07
3.636398798010092e-07
3.4419630457186075e-07
3.2529209951201454e-07
3.069272646214709e-07
2.8910179990022945e-07
2.7181570534829057e-07
2.55068980965654e-07
2.388616267523198e-07
2.2319364270828806e-07
2.0806502883355866e-07
1.9347578512813165e-07
1.7942591159200705e-07
1.6591540822518483e-07
1.5294427502766504e-07
1.405125119994476e-07
1.2862011914053267e-07
1.1726709645092e-07
1.0645344393060975e-07
9.617916157960191e-08
8.644424939789645e-08
7.724870738549333e-08
6.859253554239264e-08
6.047573386859444e-08
5.2898302364098534e-08
4.586024102890503e-08
3.936154986301391e-08
3.3402228866425194e-08
2.7982278039138866e-08
2.310169738115493e-08
1.876048689247339e-08
1.4958646573094235e-08
1.1696176423017476e-08
8.97307644224311e-09
6.789346630771136e-09
5.144986988601553e-09
4.039997515734364e-09
3.4743782121695643e-09
3.4481290779071605e-09
3.961250112947146e-09
5.013741317289525e-09
6.605602690934297e-09
8.736834233881461e-09
1.1407435946131018e-08
1.4617407827682964e-08
1.8366749878537303e-08
2.2655462098694037e-08
2.7483544488153164e-08
3.285099704691468e-08
3.8757819774978595e-08
4.52040126723449e-08
5.2189575739013595e-08
5.971450897498469e-08
6.777881238025816e-08
7.638248595483404e-08
8.55255296987123e-08
9.520794361189282e-08
1.0542972769437588e-07
1.1619088194616132e-07
1.2749140636724914e-07
1.3933130095763938e-07
1.51710565717332e-07
1.6462920064632695e-07
1.780872057446244e-07
1.9208458101222415e-07
2.066213264491264e-07
2.216974420553309e-07
2.3731292783083808e-07
2.5346778377564724e-07
2.7016200988975926e-07
2.873956061731731e-07
3.0516857262588957e-07
3.2348090924790865e-07
3.4233261603922984e-07
3.617236929998537e-07
1.1151382299647508e-06
1.0807912726668409e-06
1.046983685538233e-06
1.0137154685789283e-06
9.809866217889255e-07
9.487971451682249e-07
9.171470387168271e-07
8.860363024347318e-07
8.554649363219385e-07
8.254329403784475e-07
7.959403146042592e-07
7.669870589993734e-07
7.385731735637897e-07
7.106986582975086e-07
6.833635132005298e-07
6.565677382728534e-07
6.303113335144792e-07
6.045942989254077e-07
5.794166345056385e-07
5.547783402551716e-07
5.306794161740072e-07
5.071198622621453e-07
4.840996785195856e-07
4.616188649463282e-07
4.396774215423734e-07
4.182753483077209e-07
3.974126452423708e-07
3.7708931234632323e-07
3.5730534961957774e-07
3.3806075706213483e-07
3.193555346739943e-07
3.0118968245515614e-07
2.8356320040562046e-07
2.6647608852538705e-07
2.4992834681445616e-07
2.339199752728275e-07
2.1845097390050138e-07
2.035213426974775e-07
1.8913108166375617e-07
1.7528019079933718e-07
1.6196867010422058e-07
1.4919651957840639e-07
1.3696373922189456e-07
1.252703290346851e-07
1.1411628901677807e-07
1.0350161916817342e-07
9.342631948887111e-08
8.389038997887127e-08
7.489383063817388e-08
6.643664146677878e-08
5.851882246468609e-08
5.1140373631895787e-08
4.430129496840788e-08
3.800158647422237e-08
3.224124814933925e-08
2.7020279993758518e-08
2.2338682007480178e-08
1.819645419050423e-08
1.4593596542830673e-08
1.1530109064459515e-08
9.00599175539074e-09
7.021244615624367e-09
5.57586764516038e-09
4.6698608439987866e-09
4.303224212139584e-09
4.4759577495827755e-09
5.18806145632836e-09
6.439535332376335e-09
8.230379377726703e-09
1.0560593592379464e-08
1.3430177976334618e-08
1.6839132529592162e-08
2.07874572521521e-08
2.527515214401443e-08
3.0302217205179155e-08
3.586865243564627e-08
4.197445783541578e-08
4.861963340448768e-08
5.580417914286197e-08
6.352809505053866e-08
7.179138112751774e-08
8.059403737379908e-08
8.993606378938294e-08
9.98174603742692e-08
1.1023822712845784e-07
1.211983640519489e-07
1.3269787114474228e-07
1.447367484068381e-07
1.573149958382363e-07
1.7043261343893692e-07
1.8408960120893993e-07
1.9828595914824531e-07
2.1302168725685325e-07
2.2829678553476328e-07
2.44111253981976e-07
2.604650925984907e-07
2.77358301384308e-07
2.9479088033942783e-07
3.127628294638499e-07
3.3127414875757455e-07
