0.7078333239478144
0.708685416041217
0.7093273684642785
0.7097571610530078
0.7099729318672728
0.7099728545529762
0.709755073199056
0.7093176991947762
0.7086588707398676
0.7077768696711937
0.7078658393183974
0.7087454399854259
0.7094067038294458
0.709848557161985
0.7100699315087218
0.7100697389468494
0.7098468622157164
0.7094001827131747
0.7087286663500589
0.7078315324628504
0.7080168024881636
0.7089600990258165
0.7096639267910332
0.7101310935995733
0.7103634957881895
0.7103623914984757
0.7101285945756532
0.7096626362664201
0.708964929848489
0.7080360406370123
0.7082777666073048
0.7093324160102
0.7101070594368555
0.7106146381472989
0.7108638575337293
0.826534296372876
0.7106101256697159
0.7101151499464524
0.7093788102168707
0.7084038920555945
0.7085357433592078
0.7098147881943848
0.7107155844362288
0.7112922389615923
0.7115712546655604
0.8242617619630325
0.7112981270515097
0.7107661757559871
0.7099805657618123
0.7089477088614995
0.70851500158482
0.7101641804047919
0.7113661964840537
0.712093022278786
0.7124429226905111
0.821713489909695
0.7121759949349618
0.7116053603750202
0.7107633347548576
0.7096637263060541
nan
0.7100965228938826
0.7116440336371574
0.7127827061136888
0.8184144840975455
0.8190769129862987
0.81956728281834
0.7125830126403527
0.7116886669347172
0.7105194046703234
nan
nan
nan
0.7127613035508216
0.713889236692459
0.816626578566443
0.817191058339437
0.8176292468949449
0.7126500685512297
0.7113623596848015
nan
nan
nan
nan
nan
0.8148029858186516
0.8152145395797747
0.8156716994547019
0.7134680336408811
0.7122008161775302
nan
nan
nan
nan
nan
nan
0.814204619049244
0.8143968985319696
0.8147701355572791
0.7125626063808804
