nan
nan
nan
nan
nan
nan
nan
nan
nan
nan
nan
nan
nan
nan
nan
nan
nan
nan
nan
nan
nan
nan
nan
nan
nan
nan
nan
nan
nan
nan
nan
nan
nan
nan
nan
nan
nan
nan
nan
nan
nan
nan
nan
nan
nan
nan
nan
nan
nan
nan
nan
nan
nan
nan
nan
nan
nan
nan
nan
nan
nan
nan
nan
nan
nan
nan
nan
nan
nan
nan
nan
nan
nan
nan
nan
nan
nan
nan
nan
nan
nan
nan
nan
nan
nan
nan
nan
nan
nan
nan
nan
nan
nan
nan
nan
nan
nan
nan
nan
nan
0.08587936755812478
0.08585874022484494
0.08583813451797723
0.08581757865842414
0.0857970925880483
0.08577669943021297
0.08575642221587096
0.08573628123386887
0.08571629797329934
0.08569649216468753
0.08567688458649086
0.08565749356394109
0.08563833800626203
0.08561943607903919
0.08560080542403725
0.08558246309303638
0.08556442568590006
0.08554670935815073
0.085529329518078
0.08551230142972613
0.08549563955537758
0.08547935798724243
0.08546347038834262
0.08544798985423634
0.08543292899213202
0.08541830003957411
0.0854041146090766
0.08539038398202448
0.08537711890623392
0.08536432967842446
0.08535202611833158
0.0853402176114643
0.08532891308068206
0.08531812097518482
0.08530784930633444
0.08529810564532472
0.08528889710656737
0.08528023034550236
0.08527211157182313
0.0852645465547874
0.08525754062154933
0.0852510986538566
0.08524522508798243
0.08523992391685407
0.08523519869106241
0.08523105251973875
0.08522748806988387
0.08522450756624603
0.08522211279085946
0.08522030508305506
0.08521908533840061
0.08521845400854149
0.0852184111014833
0.08521895617899441
0.08522008835620828
0.08522180630039727
0.08522410822946933
0.08522699191046143
0.08523045465828868
0.0852344933338881
0.08523910434308078
0.0852442836334385
0.0852500266912556
0.08525632853750328
0.08526318372734498
0.08527058635171587
0.08527853003512331
0.08528700792625017
0.08529601268451795
0.0853055364861931
0.08531557103814974
0.08532610755953662
0.0853371367743868
0.08534864888262447
0.08536063364400466
0.08537308025563302
0.08538597742732927
0.08539931334280806
0.08541307569279408
0.08542725162584269
0.0854418277019088
0.0854567901374702
0.08547212428942261
0.08548781526592758
0.08550384750192483
0.08552020477979179
0.08553687047981179
0.08555382730355385
0.08557105739823036
0.08558854222702578
0.08560626258419621
0.0856241997457041
0.08564233245291906
0.08566063975478785
0.08567910103506668
0.08569769327214705
0.08571639336830665
0.0857351797628275
0.08575402589367243
0.08577290631573636
0.08673675933661655
0.08671026373172996
0.08668381844304948
0.08665744874899903
0.08663117938460889
0.08660503476859814
0.08657903678305642
0.08655321052840623
0.08652757943820782
0.08650216051449454
0.08647697734205932
0.08645205007039837
0.08642739842674824
0.08640304159843328
0.08637899819296721
0.08635528629368405
0.0863319233800291
0.08630892640126706
0.08628631172766024
0.08626409539167068
0.08624229241730738
0.08622091789731687
0.0861999860139297
0.08617951045932695
0.08615950460597557
0.08613998114803095
0.08612095228920467
0.08610242983931735
0.08608442496263627
0.08606694850140466
0.08605001062551203
0.0860336211597326
0.08601778937166225
0.08600252405277421
0.08598783354199699
0.08597372569813186
0.08596020788237115
0.08594728698716798
0.08593496944759133
0.08592326122694627
0.08591216781338087
0.08590169422955508
0.08589184503726782
0.08588262433625332
0.08587403576168068
0.08586608248572176
0.0858587672191145
0.08585209221276935
0.0858460592577548
0.08584066968577353
0.08583592436966747
0.08583182372210976
0.0858283676966008
0.08582555578759957
0.08582338702881535
0.08582185999336076
0.08582097279328031
0.08582072307791488
0.08582110803314166
0.08582212438055604
0.08582376837601996
0.0858260358089213
0.08582892200019757
0.08583242180045066
0.08583652958583067
0.08584123925424222
0.08584654422486404
0.0858524374426813
0.08585891137586471
0.08586595800531432
0.08587356881356703
0.08588173478583278
0.08589044645775984
0.08589969381499812
0.08590946638490553
0.08591975310872788
0.08593054255671218
0.08594182264660087
0.08595358086324337
0.08596580421023974
0.08597847894315952
0.08599159115673294
0.08600512605853114
0.0860190684208003
0.08603340270501253
0.08604811245828212
0.08606318088347342
0.08607859060260722
0.08609432362501081
0.08611036142746624
0.08612668488557401
0.08614327432262137
0.0861601090627186
0.08617716889580218
0.0861944323786972
0.08621187653773012
0.08622947906813311
0.08624721693085721
0.08626506584746851
0.08628300073908578
0.08802261036542064
0.08798854022878483
0.0879544739693835
0.08792044846324415
0.08788646585113102
0.08785264291617571
0.08781893847825314
0.08778537224657187
0.08775200222397071
0.08771885037730046
0.08768594034144829
0.08765329547599991
0.08762094524420196
0.08758890861687449
0.08755720901490173
0.08752586788981206
0.0874949060800317
0.08746434364305089
0.0874341999178749
0.08740449354046823
0.08737524240698483
0.08734646403468482
0.08731817466837508
0.08729039034798801
0.08726312672874051
0.08723639810514804
0.08721021876508042
0.08718460212380257
0.08715956113567913
0.08713510796977944
0.08711125447409712
0.08708801169506047
0.08706539023793682
0.08704340009213721
0.08702205074610672
0.08700135111885098
0.0869813095698792
0.08696193390696089
0.08694323140072757
0.08692520884522843
0.08690787251842033
0.08689122814219988
0.08687528088774907
0.08686003542284151
0.08684549593952892
0.08683166613966958
0.08681854920420988
0.0868061477885485
0.08679446404874336
0.086783499662044
0.08677325581971065
0.08676373321257339
0.08675493203406215
0.08674685199573565
0.08673949233289377
0.08673285178884436
0.08672692860189164
0.08672172051559146
0.08671722480949935
0.08671343831311029
0.08671035738545715
0.0867079778770452
0.0867062951095382
0.08670530389800586
0.08670499859377195
0.08670537311267763
0.08670642092208806
0.08670813499717017
0.08671050777982628
0.08671353117246205
0.08671719656378968
0.0867214948722922
0.08672641654591473
0.08673195161707649
0.08673808955326473
0.08674481939265546
0.08675212945061384
0.0867600077462009
0.0867684415499248
0.0867774177945589
0.08678692293356988
0.08679694281319869
0.08680746263071337
0.08681846757636019
0.08682994153083537
0.08684186830863676
0.0868542311705452
0.08686701270645267
0.08688019505560064
0.08689375974374766
0.08690768776429236
0.08692195954594006
0.08693655497099134
0.08695145336335411
0.0869666335167841
0.08698207442616115
0.08699775758569037
0.0870136376019224
0.08702972339105405
0.08704597178241535
0.08953683698114029
0.08950017974138705
0.0894627344526582
0.08942311918714049
0.08938699745451768
0.08934820687945247
0.0893093132271286
0.08927027618297989
0.08923114844014086
0.08919198226852772
0.08915282851909095
0.08911373875555936
0.08907474543671252
0.08903593965980931
0.08899724967267453
0.08895883924551151
0.08892072667247397
0.08888277148829364
0.08884530116648659
0.08880810994190497
0.08877128471783394
0.0887349094472989
0.08869896724072764
0.08866345364279021
0.08862848267888083
0.08859396836160541
0.08856002642005945
0.08852658944896405
0.08849373518309518
0.08846147568543156
0.08842982973510766
0.08839880671706571
0.0883684166823295
0.08833867329612878
0.0883095915228765
0.08828118671736604
0.08825347187598062
0.08822645911984041
0.0882001591443341
0.08817458192729286
0.08814973650180104
0.0881256314041106
0.08810227444989809
0.08807967289847811
0.08805783330268736
0.08803676155504764
0.08801646289685708
0.08799694188929437
0.08797820248010238
0.08796024802367189
0.08794308128328804
0.08792670443296341
0.08791111905675769
0.08789632615361884
0.08788232615009042
0.08786911890513577
0.08785670371720095
0.0878450793283722
0.08783424393112563
0.08782419517176035
0.0878149301543007
0.08780644544440164
0.08779873707324226
0.08779180053768795
0.08778563080713599
0.08778022232341263
0.08777556900136586
0.0877716642349321
0.08776850088867258
0.08776607131274686
0.08776436732915202
0.08776338024236233
0.08776310082818564
0.08776351933990434
0.08776462552514203
0.08776640855744186
0.08776885720530189
0.08777195946252517
0.08777570318738384
0.08778007527955707
0.08778506238508481
0.08779065050912423
0.0877968252750604
0.08780357157682504
0.08781087344605944
0.0878187153981879
0.08782708052230247
0.08783595143368206
0.08784531052699909
0.0878551394717903
0.08786541937184378
0.08787613047528932
0.08788725308319248
0.08789875332202457
0.08791064900659122
0.08792288286328304
0.0879354416638811
0.08794830391464578
0.08796144694045947
0.08797484947975784
0.09088085490436565
0.09099130088575291
0.09084722853239852
0.09084130893221748
0.09073506693292424
0.09079271515778804
0.0907195958556572
0.09074680461397373
0.09071501319239611
0.0906839251546524
0.09064987568585967
0.09061406167079908
0.09057753999958792
0.09054033055333177
0.09050250583853277
0.09046417697066406
0.09042543888088683
0.09038638453757653
0.09034708856064856
0.09030761712763474
0.09026804234682613
0.09022845371015491
0.09018892409188212
0.09014948168329347
0.09011016457748072
0.0900710414286726
0.09003216069640163
0.0899935621782142
0.08995528896829169
0.08991737767202125
0.08987986730263421
0.08984279081839683
0.08980618002229615
0.08977006575758972
0.08973447635915735
0.08969943874843689
0.08966497807796364
0.08963112000101328
0.08959787847419755
0.0895652837953673
0.08953335188369341
0.08950209778061173
0.08947154412600464
0.08944170142818317
0.08941258799060914
0.08938420208868603
0.08935659838024695
0.08932973187031847
0.08930362288584379
0.08927835622841594
0.0892538431604665
0.0892300966898972
0.08920720073936966
0.08918512258265388
0.08916383269592829
0.08914335617431621
0.08912370919996768
0.08910489179951706
0.08908690160154831
0.08906973432832425
0.08905338913222441
0.08903787012533067
0.08902317856344438
0.08900930993150957
0.08899625769168523
0.08898401630702643
0.08897258180008606
0.08896195100647888
0.08895212037561205
0.08894308509164073
0.08893483888413045
0.08892737432680878
0.08892068327344692
0.08891475712134386
0.08890958687628234
0.0889051627182961
0.08890147310181677
0.08889850586624415
0.08889623780047769
0.08889466063478149
0.08889375024670668
0.08889337744824041
0.08889400395705907
0.08889327922503933
0.08889873272366838
0.08890112861450436
0.08890320733703483
0.08890603118825507
0.08891061660227932
0.0889150441710807
0.08892016710314327
0.08892579724860122
0.08893194015685946
0.08893864807135143
0.08894574688523846
0.08895317829234642
0.088961072871597
0.088969427131502
0.08897807284066048
0.08898701273693863
nan
nan
0.0912193771363814
0.09126280153901029
0.09140377083449762
0.09148362911236296
0.09158790708193765
0.09160432630902776
0.09162683370085753
0.09166912129957172
0.091616486338242
0.09176893936185357
0.09170297317695814
0.0916761467681213
0.09162401967353198
0.09161909458984863
0.09163707340588009
0.09162803113717266
0.09161285318612236
0.09159387514347192
0.09157202336297858
0.09154782114413877
0.09152173038883707
0.09149396467475443
0.0914647999879154
0.09143433780178262
0.0914028504787365
0.09137045299489485
0.09133727363752722
0.09130343278077363
0.09126903810458295
0.09123419004168035
0.09119892728513877
0.09116332977464747
0.09112708293562158
0.09109225753450295
0.0910517602774834
0.09101598511937166
0.09098767870343893
0.09086619967441653
0.09089807945141382
0.09092923100474656
0.09095617355355376
0.0908380877720923
0.09079278910208674
0.09076513322032599
0.09072780868545552
0.09069651178048446
0.09066427854287917
0.09063326269735113
0.09060287115849512
0.09057318395200566
0.09054420727048448
0.09051593369510519
0.09048837505070398
0.09046154268185402
0.09043544127513198
0.09041008243703108
0.0903854743795118
0.09036162391314917
0.09033853851882037
0.09031622395463856
0.09029468550731826
0.0902739269322036
0.09025395153149278
0.09023476143141412
0.09021635782059079
0.09019874096876385
0.09018191007909071
0.09016586378784588
0.09015059961692251
0.090136113977032
0.09012240284390002
0.09010946129357417
0.09009728303422798
0.09008586169061128
0.09007518946380474
0.09006525821865252
0.0900560586859109
0.09004758091445891
0.09003981414345674
0.0900327468606083
0.09002636672868658
0.09002066037303239
0.09001561393312915
0.09001121680666022
0.09000744271287003
0.09000428542416018
0.0900017239391046
0.08999973977888436
0.0899983126566456
0.08999742406968665
0.0899970524838315
0.08999717360502038
0.08999776165683161
0.08999878868463101
0.09000022252925899
0.09000202625130735
0.09000414501476169
0.0900065578921451
nan
nan
nan
nan
nan
nan
nan
nan
nan
nan
nan
nan
nan
nan
nan
nan
nan
nan
nan
nan
nan
nan
nan
nan
nan
nan
0.09220728492096936
0.09222633863004412
0.09223803040063494
0.0922431963125475
0.09224367155007215
0.09223983728238341
0.09223267211118572
0.09222261105110502
0.09220969731354005
0.0921946375902825
0.09217753811255855
0.092158540540587
0.09213825695423436
0.09211646727463327
0.09209348857793198
0.09206947462896616
0.09204457393707818
0.09201891293990425
0.09199260786413735
0.09196577318053996
0.09193851159974226
0.09191088806837845
0.09188304054762184
0.09185498373391301
0.09182683605181224
0.09179866603122656
0.09177049778129315
0.09174241928466374
0.09171447295183653
0.09168671801294451
0.09165919319562463
0.09163194093792726
0.0916050012663745
0.09157840987246454
0.09155220006980763
0.09152640209247802
0.09150104346547347
0.0914761492019685
0.0914517421982268
0.09142784311924752
0.09140447002389829
0.09138163915073214
0.0913593645477842
0.09133766001174125
0.09131653449150237
0.09129599642020714
0.09127605245615357
0.09125670915749683
0.09123798081517015
0.09121983961262041
0.09120231577466927
0.09118537608681188
0.09116903268634964
0.09115348320297145
0.09113837472124117
0.09112330339059005
0.09110925262503566
0.09109699130487661
0.09108476159963366
0.09107071814099096
0.0910567186034283
0.0910464120751157
0.09103974613848617
0.09103199007595861
0.09101896440703391
0.0910023466296966
0.09098870802164143
0.0909831782511283
0.09098511288905764
0.09098629757218393
0.09096808350158088
0.09091914796176474
0.0908793285557046
0.09086521025770464
nan
nan
nan
nan
nan
nan
nan
nan
nan
nan
nan
nan
nan
nan
nan
nan
nan
nan
nan
nan
nan
nan
nan
nan
nan
nan
nan
nan
nan
nan
nan
nan
nan
nan
nan
nan
nan
nan
nan
nan
nan
nan
nan
nan
nan
nan
nan
0.09267444336210443
0.0926713213062211
0.0926659654631819
0.09265860230269922
0.09264945757698187
0.09263894360082611
0.09262646633376108
0.09261308206112304
0.09259849936193743
0.0925828974756279
0.09256639540460185
0.09254909885325538
0.09253109278098348
0.09251249150861535
0.09249334046296115
0.09247376760263108
0.0924537611794331
0.0924335485365799
0.0924129198240401
0.09239272800789704
0.09237110475759785
0.09235040094808047
0.09232927918687323
0.09230826951476309
0.09228732287187948
0.09226640053674268
0.09224560773596627
0.09222495640876435
0.09220447441467707
0.09218419183996887
0.09216414878506234
0.09214429155746102
0.09212469493059396
0.09210537291804606
0.09208638100633992
0.09206768075478323
0.09204927035940494
0.0920311674881697
0.0920133877833291
0.09199591877919845
0.09197877700220564
0.09196193968877574
0.09194542234489798
0.0919292059215569
0.09191328168994439
0.09189765340154052
0.09188230503837144
0.09186719734381067
0.09185227477438862
0.09183767443790511
0.09182329673050818
0.09180905776748972
0.09179500474492641
nan
nan
nan
nan
nan
nan
nan
nan
nan
nan
nan
nan
nan
nan
nan
nan
nan
nan
nan
nan
nan
nan
nan
nan
nan
nan
nan
nan
nan
nan
nan
nan
nan
nan
nan
nan
nan
nan
nan
nan
nan
nan
nan
nan
nan
nan
nan
nan
nan
nan
nan
nan
nan
nan
nan
nan
nan
nan
nan
nan
nan
nan
nan
nan
nan
nan
0.09289770000330291
0.09289477356476553
0.09289045413047523
0.09288482971448286
0.09287798117740496
0.09286998383834685
0.09286090662370161
0.09285081800946858
0.09283977956203031
0.09282785318488468
0.09281509516390044
0.09280154977888475
0.09278729640453508
0.09277232655677037
0.09275661809328703
0.0927408878702326
0.09272403638425192
0.09270694893640216
0.09268930362074315
0.09267124787066358
0.09265282763972152
0.09263403770249323
0.09261492841658214
0.09259551300579122
0.09257599407750436
0.09255751866602126
0.09252994597179409
0.0925137320646213
0.0924935362333924
0.09247242749212323
0.09245099876550186
0.09242923994081573
0.09240735877716412
0.09238517780579625
