1.743474977864334e-10
1.0546947396957084e-10
5.381095610692391e-11
1.93719441984926e-11
2.152438244276957e-12
2.152438244276953e-12
1.93719441984926e-11
5.381095610692386e-11
1.054694739695708e-10
1.743474977864334e-10
3.282994337282826e-07
3.254115799259276e-07
3.2254094562952687e-07
3.196875308390803e-07
3.1685133555458795e-07
3.140323597760499e-07
3.11230603503466e-07
3.084460667368363e-07
3.056787494761608e-07
3.029286517214396e-07
1.2873039104129283e-06
1.2815970808320349e-06
1.2759074707570962e-06
1.2702350801881113e-06
1.2645799091250811e-06
1.2589419575680046e-06
1.2533212255168827e-06
1.247717712971715e-06
1.2421314199325016e-06
1.236562346399242e-06
2.8771877775517227e-06
2.8686619721922916e-06
2.8601533863388147e-06
2.8516620199912917e-06
2.843187873149723e-06
2.834730945814109e-06
2.8262912379844486e-06
2.8178687496607422e-06
2.8094634808429914e-06
2.8010754315311935e-06
5.097951035144667e-06
5.086606254006697e-06
5.075278692374683e-06
5.063968350248622e-06
5.0526752276285145e-06
5.041399324514363e-06
5.030140640906164e-06
5.01889917680392e-06
5.00767493220763e-06
4.996467907117295e-06
7.949593683191759e-06
7.935429926275252e-06
7.921283388864698e-06
7.907154070960099e-06
7.893041972561456e-06
7.878947093668763e-06
7.864869434282029e-06
7.850808994401247e-06
7.836765774026417e-06
7.822739773157543e-06
1.1432115721693002e-05
1.1415132988997957e-05
1.1398167475808864e-05
1.1381219182125728e-05
1.1364288107948548e-05
1.1347374253277315e-05
1.1330477618112042e-05
1.1313598202452722e-05
1.1296736006299353e-05
1.1279891029651942e-05
1.5545517150648396e-05
1.552571544217481e-05
1.550593095320718e-05
1.5486163683745506e-05
1.5466413633789788e-05
1.5446680803340017e-05
1.5426965192396206e-05
1.540726680095835e-05
1.538758562902644e-05
1.5367921676600492e-05
2.028979797005794e-05
2.0267177285805815e-05
2.0244573821059646e-05
2.0221987575819433e-05
2.019941855008518e-05
2.0176866743856867e-05
2.015433215713452e-05
2.0131814789918123e-05
2.0109314642207678e-05
2.008683171400319e-05
2.5664958179921623e-05
2.5639518519890964e-05
2.5614096079366254e-05
2.5588690858347505e-05
2.556330285683471e-05
2.5537932074827862e-05
2.5512578512326977e-05
2.548724216933204e-05
2.5461923045843057e-05
2.5436621141860035e-05
