nan
nan
nan
nan
nan
nan
nan
nan
nan
nan
0.08587936897588785
0.0856574941809243
0.08546347053905974
0.0853181209302237
0.08523519860261475
0.08522180622419967
0.08527853002131669
0.0853993134700385
0.08557105782460811
0.08577290983898656
0.08673675932588226
0.08645204761740728
0.08619998140996997
0.08600251862779454
0.08587403046469654
0.0858218554492052
0.08584654085212723
0.08594182083996282
0.08609432381054632
0.08628300322162381
0.08802255214612384
0.08765323759808077
0.08731811484208599
0.08704334148864118
0.08684544227990619
0.08673280577910962
0.08670638425330154
0.08675998095635648
0.0868801783022922
0.08704596362853434
0.08953646607702745
0.08911341640406045
0.0886986159731121
0.08833837592307363
0.08805757013951464
0.0878688930318112
0.08777538446109953
0.08777181679745637
0.08784520653853314
0.08797477456704839
0.09092995144719049
0.0906128964944003
0.09018791069721227
0.08976911538818078
0.08941173164597035
0.08914262663368974
0.08897196994485865
0.08889801708428066
0.08890989218892487
0.08898677187970136
nan
0.09183048601473745
0.09151938252683714
0.09116099068244107
0.09079849557811323
0.09045969367232
0.0902148005249036
0.09006400138157386
0.09000074420285428
0.09000574974730119
nan
nan
nan
0.09221893148440267
0.09198888162203836
0.09168317665210805
0.09140134674418497
0.09118276934970462
0.09103417793197692
0.09093711482943304
nan
nan
nan
nan
nan
0.09259418362070736
0.09238786556027678
0.09215999010726528
0.09195844321530085
0.09179214844585326
nan
nan
nan
nan
nan
nan
0.09289620740557224
0.09279818228028783
0.09261112994941254
0.09238158930705442
