nan
nan
nan
0.07937158738244054
0.07932086683151551
0.07932089136346193
0.07937222800513444
0.07946930270498404
0.07959996053958751
nan
0.08009262133031353
0.07992368289611261
0.07976826441779533
0.07964596884326253
0.07956987813011804
0.07954681158167477
0.07957738596365886
0.07965588164865453
0.07976985789647612
0.07989954663532131
0.08103677801787051
0.08079603960311571
0.08057384429956688
0.08039063118340103
0.08026004660681052
0.08018921910223792
0.08017886000167254
0.08022321778011915
0.08030979678641056
0.08041894809480693
0.08241191789177642
0.0820793877991807
0.08176968047922474
0.08150238863762935
0.08129657041285265
0.08115821603403071
0.08108942704700353
0.08108495776325111
0.0811327932903898
0.08121378731087903
0.08408968293402805
0.08360686436956603
0.0832114044939963
0.08285949364012117
0.0825687528154967
0.08235096327916075
0.08221044275835535
0.08214415093175009
0.08214112983328453
0.08218374340933615
0.0854295881606453
0.08520768086647271
0.08470578422419242
0.08431422123277203
0.08395719601763077
0.08366253245051525
0.08344414240297482
0.08330564129263157
0.0832397951532376
0.08323343997308144
nan
nan
0.08487387466866843
0.08558669886796635
0.08530389013508984
0.08497825206332077
0.08469239301535461
0.08447616031707136
0.08432907858420924
0.08427060621411574
nan
nan
nan
0.08652238375655763
0.08580396889104958
0.08610519702922555
0.08583914437059323
0.08555119494974803
0.08532157804352027
0.08517309350775618
nan
nan
nan
nan
nan
0.08660172487635355
0.08580824123962875
0.08618920245645481
0.0859191955687765
0.08559168571093216
nan
nan
nan
nan
nan
nan
nan
0.08665155715021927
0.08616384205291175
0.0862202350345867
