nan
nan
nan
0.07937158727987384
0.0793208668329097
0.07932089136520074
0.0793722280529229
0.07946930276209158
0.07959996066781036
nan
0.08009261911317966
0.0799236832722253
0.07976826436168913
0.07964597004877383
0.0795698777452289
0.07954681126099858
0.07957738655158504
0.0796558817137912
0.07976985830215594
0.07989954738372687
0.08103676329519871
0.08079603081021151
0.08057383536089321
0.08039062017713974
0.08026003638308778
0.08018921049216667
0.08017885342237346
0.08022321210240546
0.08030979417369621
0.080418947827372
0.08241276769378517
0.08207967840670267
0.08176906405074755
0.0815026900280437
0.08129649560862631
0.08115814737161962
0.08108937083612955
0.08108491159121348
0.08113273211912278
0.08121376178186633
0.08409650426857687
0.08360633967518094
0.08321087858117374
0.08285908489966554
0.08256838765862434
0.08235066046065262
0.08221019431387908
0.082143821607578
0.08214039039216607
0.08218362952442582
0.08541245605738271
0.0852333890527873
0.08469852262926988
0.0843134452892346
0.08395611542945872
0.08366160689743757
0.08344335573884612
0.08330476011624537
0.08323938427814234
0.0832333612266436
nan
nan
0.08503976494451865
0.08556857216841174
0.0853015171981967
0.08497610082084295
0.08469057601538776
0.08447468433309271
0.08433419109201293
0.08426965271681222
nan
nan
nan
0.08653896756036578
0.08597463356895751
0.08610177452234366
0.08583580041702721
0.08554789379327919
0.08531949998501571
0.08517021153597451
nan
nan
nan
nan
nan
0.08641830779447046
0.0857864328623759
0.08624584127952074
0.08593559970487524
0.08558872036967198
nan
nan
nan
nan
nan
nan
nan
0.08659468536797782
0.08623866195237831
0.08635480653449897
