0.7113034619467689
0.7112545695802215
0.7112064486873839
0.7111591086822122
0.7111125594424936
0.7110668112307932
0.7110218746111188
0.7109777603710334
0.7109344794632878
0.7108920429495067
0.7108504619534939
0.7108097476200429
0.7107699110815808
0.7107309634216009
0.7106929156534754
0.7106557786924286
0.7106195633364204
0.7105842802448906
0.7105499399251896
0.7105165527165618
0.7104841287765735
0.7104526780712576
0.7104222103622748
0.7103927351991519
0.7103642619109178
0.7103367995975389
0.7103103571237224
0.7102849431132201
0.7102605659411922
0.710237233730912
0.7102149543477494
0.7101937353950303
0.7101735842099597
0.7101545078596463
0.7101365131370402
0.7101196065583901
0.7101037943586491
0.7100890824900961
0.7100754766174955
0.7100629821162651
0.7100516040705034
0.7100413472683049
0.7100322162013689
0.7100242150618773
0.710017347738759
0.7100116178183639
0.7100070285789404
0.7100035829908073
0.7100012837147573
0.7100001330962343
0.7100001331671174
0.7100012856450313
0.7100035919273219
0.710007053091528
0.7100116698950965
0.7100174427719946
0.7100243718302104
0.7100324568537151
0.7100416972989715
0.7100520922947859
0.7100636406399354
0.7100763408043254
0.7100901909271102
0.7101051888163479
0.7101213319487981
0.7101386174697926
0.7101570421940304
0.7101766026042913
0.7101972948551716
0.7102191147708351
0.7102420578483555
0.7102661192597772
0.7102912938540288
0.7103175761602978
0.7103449603906598
0.7103734404458029
0.7104030099191827
0.7104336621044587
0.7104653900008294
0.7104981863229825
0.7105320435107861
0.7105669537395213
0.710602908935263
0.7106399007880791
0.7106779207710825
0.710716960161489
0.7107570100635276
0.7107980614363143
0.7108401051265318
0.710883131904459
0.7109271325093904
0.7109720976950982
0.7110180182947898
0.7110648852827106
0.7111126898571987
0.7111614235329013
0.7112110782505295
0.7112616465081807
0.711313121514932
0.7113654973566871
0.7113111452172675
0.7112626255524428
0.7112148496574007
0.7111678284830809
0.7111215733597012
0.7110760958895135
0.7110314078881597
0.7109875213134383
0.7109444482172126
0.7109022006944785
0.7108607908408415
0.7108202307206148
0.7107805323342593
0.7107417075628522
0.7107037684069115
0.710666726024745
0.7106305923850905
0.710595378668724
0.7105610960201378
0.7105277553903753
0.7104953675207936
0.7104639429351491
0.7104334919300623
0.7104040245659977
0.7103755506618037
0.7103480797882781
0.7103216212594512
0.7102961841300957
0.7102717771905214
0.710248408960165
0.7102260876842315
0.7102048213312246
0.7101846175867923
0.7101654838512079
0.7101474272367939
0.7101304545636568
0.7101145723577984
0.710099786846026
0.7100861039566064
0.7100735293129616
0.7100620682334565
0.710051725728089
0.7100425064958785
0.7100344149227603
0.710027455078305
0.7100216307149416
0.7100169452643503
0.7100134018357157
0.710011003215155
0.7100097518591835
0.7100096499009592
0.7100106991300268
0.7100129010219445
0.7100162567045628
0.7100207669730864
0.7100264322846236
0.7100332527561123
0.710041228163876
0.710050357940523
0.7100606411750569
0.7100720766107972
0.7100846626445225
0.7100983973251404
0.7101132783537308
0.7101293030817366
0.7101464685111075
0.7101647712942183
0.710184207733042
0.7102047737806307
0.7102264650406983
0.7102492767684581
0.7102732038734259
0.7102982409191184
0.7103243821257703
0.7103516213761056
0.710379952213387
0.7104093678505369
0.7104398611731768
0.7104714247450445
0.7105040508168067
0.7105377313328748
0.7105724579420749
0.7106082220085149
0.7106450146244856
0.7106828266216174
0.7107216486442436
0.7107614710167187
0.7108022839571465
0.7108440774945435
0.7108868415273704
0.7109305658600384
0.710975240247217
0.7110208544503724
0.711067398290486
0.7111148617231877
0.7111632349221819
0.7112125083717613
0.7112626729805316
0.7113137202171579
0.7113656422974649
0.7113562495106627
0.7113074098655819
0.7112593140734358
0.7112119722214212
0.7111653957274001
0.7111195958540983
0.7110745842683718
0.7110303728083496
0.7109869734422692
0.7109443982175063
0.7109026592114229
0.7108617684927834
0.7108217380858812
0.7107825799761927
0.7107443086379082
0.7107069243478545
0.7106704569962619
0.7106349052844326
0.7106002835165237
0.7105666029199672
0.7105338743517425
0.7105021084557742
0.710471315643294
0.710441506107101
0.7104126897927739
0.7103848763983919
0.7103580753714689
0.7103322958960674
0.7103075468951683
0.7102838370166358
0.7102611746365247
0.7102395678494874
0.7102190244669353
0.7101995520124034
0.7101811577168291
0.7101638485175392
0.7101476310519539
0.7101325116560803
0.7101184963606203
0.7101055908882894
0.7100938006500761
0.7100831307425473
0.7100735859460958
0.7100651707203065
0.7100578892021528
0.710051745203614
0.7100467422077307
0.7100428833697152
0.7100401715075655
0.7100386091037596
0.7100381983134475
0.7100389409317822
0.7100408384273653
0.7100438919183036
0.7100481021758792
0.7100534696213233
0.7100599943263011
0.7100676760076261
0.710076514028136
0.7100865073930938
0.7100976547504761
0.7101099543865813
0.7101234042279039
0.7101380018372719
0.7101537444139345
0.7101706287933265
0.7101886514442111
0.7102078084708363
0.7102280956104886
0.710249508234799
0.7102720413498471
0.7102956895972382
0.7103204472538831
0.7103463082354625
0.7103732660973889
0.7104013140389382
0.7104304449030867
0.7104606511855727
0.7104919250376642
0.7105242582683113
0.7105576423592959
0.710592068465648
0.71062752742029
0.7106640097372441
0.710701504298939
0.7107400066845345
0.7107794991709038
0.7108199751653169
0.7108614234030469
0.7109038329941878
0.7109471929178456
0.7109914920626645
0.7110367192584536
0.7110828633431507
0.7111299132202851
0.7111778579337402
0.7112266867535788
0.7112763893082044
0.7113269556040404
0.7113783761935486
0.7114403901251326
0.7113904568696674
0.7113412993422925
0.7112929232206316
0.71124534514279
0.7111985659402725
0.7111525983593212
0.7111074526356176
0.7110631391904795
0.7110196687086929
0.7109770520441359
0.7109353001540162
0.7108944240647205
0.7108544347780034
0.710815343242317
0.7107771498877804
0.7107400299380509
0.710703575948082
0.7106681798249592
0.7106337411975551
0.7106002653218874
0.7105677621822888
0.7105362418234542
0.7105057140653188
0.7104761885705195
0.7104476747636898
0.7104201818470214
0.710393718790642
0.710368294316446
0.7103439168973303
0.7103205947470072
0.7102983358198711
0.7102771477925964
0.710257038071835
0.7102380137813934
0.7102200817599347
0.710203248554854
0.710187520420361
0.7101729033098803
0.7101594028746343
0.7101470244571162
0.7101357730896691
0.7101256534891628
0.7101166700537103
0.7101088268584403
0.7101021276536292
0.710096575859701
0.7100921745636377
0.7100889265187371
0.7100868341370785
0.7100858994893051
0.7100861242979788
0.7100875099459543
0.7100900574592166
0.710093767509858
0.7100986404157363
0.7101046761352885
0.710111874266067
0.7101202340419128
0.7101297543308274
0.7101404336332834
0.7101522700796178
0.7101652614281152
0.7101794050638658
0.710194697997129
0.7102111368610678
0.7102287179114932
0.7102474370259544
0.7102672897019938
0.7102882710578666
0.7103103758318359
0.7103335983839696
0.7103579326893548
0.7103833723561414
0.7104099106011657
0.7104375402823946
0.7104662538716624
0.7104960434793046
0.7105269008484237
0.7105588173603142
0.7105917840188687
0.7106257914766783
0.7106608297516261
0.7106968852970652
0.7107339864710404
0.7107720369447367
0.7108110974319632
0.7108511368725055
0.7108921436313776
0.7109341060487319
0.7109770123561856
0.7110208506689193
0.7110656090153824
0.7111112753859269
0.7111578377949446
0.7112052843672295
0.7112536032976151
0.7113027831286156
0.7113528129594276
0.7114036824276826
0.7115667726497559
0.7115148176112059
0.7114637017857317
0.7114134347348081
0.7113640227848932
0.7113154593206574
0.7112677909183462
0.7112209819905582
0.7111750543482042
0.7111300155068752
0.7110858734053579
0.7110426363705424
0.7110003128685526
0.7109589118060838
0.710918442052558
0.7108789125071742
0.7108403319588112
0.7108027581552887
0.7107659626292907
0.7107303932835038
0.7106957149810884
0.7106620237321308
0.710629338222331
0.7105976671077923
0.7105670189941742
0.7105374024862422
0.7105088260070633
0.7104812978152428
0.7104548260156108
0.7104294184668263
0.7104050829226296
0.7103818266145349
0.7103596569842667
0.7103385809150691
0.7103186051328801
0.7102997361020951
0.7102819800203266
0.7102653428132693
0.7102498301275855
0.7102354473255816
0.7102221994772997
0.7102100913566933
0.7101991274350601
0.7101893118765422
0.7101806485310515
0.7101731409331609
0.7101667922926486
0.7101616054929832
0.7101575830875305
0.7101547272889992
0.7101530399802592
0.7101525226908149
0.7101531766047784
0.7101550025582262
0.7101580010289842
0.7101621721388969
0.7101675156477999
0.7101740309503467
0.7101817170737235
0.7101905726756033
0.7102005960391746
0.7102117850726652
0.7102241373051597
0.7102376498860643
0.7102523195810885
0.7102681427717039
0.7102851154531133
0.7103032332327954
0.7103224913284872
0.7103428845664934
0.7103644073973546
0.7103870538248729
0.7104108175573379
0.7104356918240358
0.7104616695120222
0.7104887430925252
0.7105169046616046
0.7105461459254492
0.7105764581671847
0.7106078322872438
0.7106402586790228
0.7106737272089242
0.7107082292851752
0.7107438939273473
0.7107803124494751
0.7108178424174281
0.7108563671039114
0.710895870253644
0.7109363392665131
0.7109777618003058
0.7110201253998335
0.7110634175047319
0.7111076254469038
0.7111527365041715
0.7111987379367564
0.7112456186796132
0.7112933612506451
0.7113419585540922
0.7113913970494863
0.7114416651039381
0.7117394962923873
0.711684904788118
0.7116308896747326
0.7115777137288014
0.7115254554591256
0.7114741438731987
0.7114237897499994
0.7113743608566112
0.7113259838730583
0.7112785330155855
0.7112320576310118
0.7111865608282294
0.711142046776216
0.7110985204758169
0.711055986184744
0.7110144503502175
0.7109739183591113
0.7109343958445297
0.7108958866652463
0.7108583254104295
0.7108234250757153
0.7107866377355211
0.7107522198385676
0.7107189014052558
0.7106866445298995
0.7106554547888277
0.7106253385748666
0.7105963026139486
0.7105683536284614
0.7105414983021959
0.7105157431688874
0.7104910946692278
0.7104675590467329
0.7104451420090121
0.7104238506361286
0.7104036894344014
0.7103846643279013
0.7103667805423017
0.7103500430986647
0.7103344567716776
0.7103200260787297
0.7103067552705913
0.7102946483244394
0.7102837089352869
0.7102739405071328
0.7102653461476386
0.710257928658516
0.7102516905329198
0.7102466339447617
0.7102427607445723
0.7102400724537584
0.7102385702600716
0.7102382550118862
0.7102391272089323
0.7102411870080467
0.7102444342064886
0.7102488682481755
0.7102544882104753
0.7102612928069805
0.7102692803808054
0.7102784489016014
0.7102887959623778
0.7103003187758524
0.7103130141718426
0.7103268785941308
0.710341908097563
0.710358098347655
0.7103754446145342
0.7103939417661154
0.710413584274179
0.7104343662494748
0.7104562813695557
0.7104793228877146
0.7105034836986532
0.7105287562584929
0.7105551326304919
0.7105826044538874
0.7106111628764551
0.7106407986057062
0.7106715014883671
0.7107032573497559
0.7107360283330564
0.710770358413042
0.7108048623812437
0.7108407301815122
0.7108776223592409
0.7109155094526749
0.7109543775695946
0.7109942137564214
0.7110350050806954
0.7110767385315061
0.7111194009655123
0.7111629791508545
0.7112074597944276
0.711252830022251
0.711299075150459
0.71134618320089
0.7113941426844528
0.7114429389902303
0.7114925621459056
0.7119829276352652
0.7118710788168578
0.7118451511356049
0.711790281930713
0.7117346959283397
0.7116796887548729
0.7116255854466328
0.7115725049087136
0.7115204938076183
0.7114693596170406
0.7114197386692642
0.711370984771765
0.711323332380025
0.7112767731318692
0.71123130641121
0.7111869323438321
0.7111436510158232
0.7111014644112851
0.7110603736474671
0.7110203805313886
0.7109814862918429
0.7109437075957821
0.7109071991326216
0.7108712740664146
0.7108370873430625
0.7108037479187636
0.7107715391397892
0.7107404653440121
0.7107105275737787
0.7106817297564403
0.7106540762480845
0.710627571614149
0.7106022203541351
0.7105780270331874
0.710554996089752
0.7105331318803578
0.71051243874573
0.7104929186479484
0.7104745811903207
0.7104574247462988
0.710441454686765
0.7104266742825803
0.7104130866774233
0.7104006947675809
0.7103895011987023
0.7103795083590072
0.7103707183654153
0.7103631330547079
0.7103567539748298
0.710351582377802
nan
0.7103448650836883
0.7103433203264147
0.710342984911591
0.7103438584841076
0.7103459403491662
0.7103492294640243
0.7103537244351672
0.7103594235099788
0.7103663245760796
0.7103744251528663
0.7103837223890035
0.7103942130578386
0.7104058935547636
0.7104187598804871
0.7104328078109426
0.7104480313565825
0.7104644280318286
0.7104819899928936
0.7105007119664826
0.7105205875970204
0.7105416100783952
0.7105637722603397
0.7105870665020315
0.7106114847556855
0.7106370184828212
0.7106636584954715
0.7106913948515832
0.7107202151940691
0.7107500899883498
0.7107810087352573
0.7108132253918205
0.7108462948183569
0.7108804008485363
0.7109155333659443
0.710951681432206
0.7109888305836951
0.7110269673635283
0.7110660784719111
0.7111061505869252
0.7111471702447254
0.7111891239022169
0.7112319980200875
0.7112757790337655
0.7113204531915557
0.7113660052014988
0.711412425839202
0.7114597008397354
0.7115078193574733
0.7115567729164785
0.7122824171802187
0.7122143564954564
0.7121503923997181
0.7120940133319891
0.7120577121470026
0.7119331072173398
0.7118775001805033
0.7118206141958151
0.7117641670724637
0.7117086541469204
0.7116542630466005
0.7116011002399961
0.7115491200117903
0.7114983296958401
0.7114488449920724
0.7114005687678947
0.7113535200784282
0.7113076941337673
0.711263090215454
0.711219690929214
0.7111775069550135
0.7111365301044408
0.7110967577827336
0.7110581872255124
0.7110208064281104
0.7109844531271979
0.7109522290038954
0.7109160510851532
0.71088349466842
0.7108521563648446
0.7108220255867482
0.7107931077918699
0.7107654038703479
0.7107389154573823
0.7107136444220356
0.7106895928928239
0.7106667630213859
0.7106451569888456
0.7106247769681484
0.7106056250601551
0.7105877033182717
0.7105710135038115
0.7105555561706907
0.7105413367524765
0.7105283531763664
0.7105166076580381
0.7105061012457393
0.7104968347828581
0.7104888088488995
0.7104820237577728
nan
0.7104721760391801
0.7104691126754585
0.7104672886636103
0.710466702886191
0.710467353912598
0.7104692399890491
0.7104723590324273
0.7104767086176871
0.7104822859592854
0.7104890879499788
0.7104971110807012
0.7105063505208369
0.7105168047080832
0.7105284672204139
0.7105413330482625
0.7105553971112578
0.7105706536670973
0.7105870966028711
0.7106047193885168
0.7106235150411201
0.7106434762161231
0.7106645950082179
0.7106868630359107
0.7107102712263491
0.7107348092822114
0.7107604641326399
0.7107872324452043
0.7108150728139914
0.7108449702319806
0.7108743993004736
0.7109054444941987
0.7109376216963561
0.710970857550216
0.7110051337650118
0.7110404360066023
0.711076750661592
0.7111140643243639
0.7111523635042445
0.7111916346246715
0.7112318640512053
0.7112730383074873
0.711315142361965
0.7113581618037937
0.7114020901610648
0.7114469097097273
0.7114926099379733
0.71153918303637
0.7115866265799378
0.7116349530974382
0.7126780394771549
0.7125951029269362
0.7125149333534734
0.7124464683288072
0.7123689144861162
0.7123018523490744
0.7122428188333734
0.7121084329777502
0.7120566978242977
0.7119993762218073
0.7119408646022826
0.7118825913870852
0.7118252251534526
0.7117690384370787
0.711714353160146
0.7116607574890522
0.7116086610031261
0.7115579685940502
0.7115086564627136
0.7114607240954842
0.7114141607552562
0.7113689518420939
0.7113250990342199
0.7112825845876948
0.7112414025212945
0.7112015455553943
0.7111630068226413
0.7111257786387403
0.7110898266914263
0.7110553310944392
0.7110220177037789
0.7109901229357684
0.7109593279939959
0.7109299195052068
0.7109018045937783
0.7108749855316704
0.710849460558973
0.710825228573613
0.7108022888350397
0.7107806407966398
0.7107602840500764
0.7107412182451323
0.7107234430483309
0.7107069581002621
0.7106917629956279
0.7106778572377216
0.7106652402276201
0.7106539112139945
0.7106438692585954
0.7106351133891184
nan
0.7106214543194382
0.7106165479043247
0.7106129210254961
0.7106105714786703
0.7106094967029142
0.7106096939631292
0.710611160261594
0.7106138921033701
0.7106178858607637
0.7106231375005311
0.7106296426748092
0.710637396699997
0.7106463945437723
0.7106566308224531
0.7106680997700658
0.7106807952566693
0.7106947107781809
0.710709839356249
0.7107261736416488
0.7107437057175946
0.7107624270621178
0.7107823281845511
0.7108033978900115
0.7108256220751356
0.710848941446341
0.7108732259710169
0.710899470775229
0.7109263743051253
0.7109541923875703
0.7109831936686253
0.7110132993821092
0.7110444900650154
0.7110767509778264
0.7111100684637022
0.7111444290683756
0.7111798195304506
0.7112162264987999
0.7112536365362274
0.7112920362499102
0.7113314123994122
0.7113717715765255
0.7114130449499464
0.7114552662154882
0.7114984247357392
0.7115425049008575
0.7115875068216407
0.711633444943155
0.7116803785825307
0.7117286192158743
0.7132545373925651
0.7131092870834795
0.713002704877478
0.7129031262429748
0.7128168604766081
0.7127222182070275
0.7126328975751878
0.7125641380645535
0.7124951265684212
0.7124245818158214
0.7123978069299184
0.7122156036859718
0.7121541528823989
0.7120936238481603
0.7120331626362554
0.7119735452515314
0.7119150657683257
0.71185832603672
0.7118028694392158
0.7117489791114826
0.7116966957418329
0.71164595843867
0.7115967643211731
0.7115491007773322
0.7115029521680594
0.7114583024916087
0.711415140900957
0.7113734507225637
0.7113332198639046
0.7112944363460514
0.7112570895895698
0.7112211689922432
0.7111866696845237
0.7111535137715141
0.7111228972465264
0.7110917814568858
0.7110627660670721
0.7110352723315062
0.7110091512489497
0.7109844103686401
0.7109610454195625
0.7109390523558441
0.7109184275808107
0.7108991677160782
0.7108812695531181
0.7108647299844423
0.7108495459475659
0.7108357143928232
0.7108232322538072
0.7108120963865828
nan
0.7107938504498481
0.7107867335528704
0.7107809492399271
0.7107764936841081
0.7107733628621602
0.7107715525323411
0.7107710582205893
0.710771875206582
0.7107739985057648
0.7107774228566179
0.7107821427086524
0.7107881522066078
0.7107954451613856
0.7108040150546738
0.7108138550079838
0.7108249576870851
0.7108373153104952
0.7108509194727859
0.7108657606511742
0.710881827747861
0.7108990924756062
0.710917557308125
0.7109373951947752
0.7109602314743989
0.7109806150115716
0.7110039368391274
0.7110283286475649
0.7110539071312442
0.7110806353777981
0.7111084977468989
0.7111374805006959
0.7111675705217242
0.7111987572855012
0.7112310200750002
0.711264354007737
0.7112987432774833
0.7113341750723687
0.7113706367916208
0.7114081150356488
0.7114465904266745
0.7114860692505655
0.7115265477405441
0.7115680022440254
0.7116104451921523
0.7116538982092842
0.7116984242571414
0.7117442227756776
0.7117920420060722
0.7118441996974822
nan
0.7137513493710304
0.713375610229651
0.713495026712223
0.7134112441834229
0.7132859339776261
0.7131727374262498
0.7130685270904089
0.7129697484429713
0.7128778389251336
0.7127867212886569
0.7127170565452874
0.7126419471668646
0.7124365152355319
0.7124400206022713
0.7123411882227362
0.7122771146840978
0.7122140109507014
0.7121517317759559
0.7120903054393775
0.7120313481096395
0.7119736215386993
0.711917612081693
0.7118632926747863
0.7118107575518738
0.7117599471829967
0.7117108451171089
0.7116634305213944
0.711617686912283
0.711573581357813
0.7115311052561908
0.7114902348446672
0.7114509557350912
0.7114132482738899
0.7113770987102512
0.7113424929759836
0.7113094182638077
0.711277861456401
0.7112478075886366
0.7112192245347686
0.7111922080637211
0.7111666405340544
0.7111425431713375
0.7111199063804517
0.7110987259401004
0.7110789965356493
0.7110607118518275
0.7110438653978947
0.7110284509461184
nan
nan
0.8241178790351152
0.7109809916476677
0.710972646420662
0.7109656969374561
0.7109601370216114
0.7109559603795716
0.7109531605771109
0.7109517310097232
0.7109516648835816
0.7109529551727395
0.7109555946284172
0.7109595756475767
0.7109648902679985
0.7109715302320325
0.7109794856502947
0.7109887493179221
0.7109993212477692
0.7110111997937536
0.7110243890608066
0.7110398295301605
0.7110549111960826
0.7110717187626939
0.7110898134381296
0.7111092225690152
0.7111298616515448
0.7111517179993513
0.711174778109668
0.7111990292888293
0.7112244591520547
0.7112510554349611
0.7112788073776128
0.7113076963442098
0.7113377170300434
0.711368854534563
0.7114010968015401
0.7114344325367498
0.7114688524096529
0.7115043877270917
0.7115409226975498
0.711578504659276
0.7116171894322628
0.7116569453589523
0.711697811158544
0.7117398785849383
0.7117833629323912
0.7118289904663639
0.7118803671992653
0.711921242807035
0.7119455812708957
nan
nan
nan
0.714257849810177
0.7143420036752328
0.7138799351676939
0.7145949729707716
0.7138684448493005
0.7136132664746
0.7134832594431313
0.7133630063855874
0.7132535423041413
0.7131523951337853
0.7130572524716402
0.7130074515900715
0.7128916064356073
0.7126140037907468
0.712755141495365
0.7125649218292169
0.7124900533244702
0.7124232925803611
0.7123578855392043
0.7122929599454147
0.7122316463466221
0.7121711416956824
0.7121125811511768
0.7120557581203523
0.7120012681103365
0.7119485222046087
0.7118976781922018
0.7118487110067219
0.7118015887970934
0.7117562987883219
0.7117127982549817
0.7116710634042804
0.7116310727859987
0.7115928038365642
0.711556234650221
0.71152134588614
0.711488119060163
0.7114565371185093
0.7114265840390946
0.7113982449609751
0.7113715054913053
0.7113463535829981
0.711322777376659
0.7113007625812644
0.7112802985774348
0.71126137529072
nan
nan
nan
0.711200889185527
0.7111895201051104
0.7111796334523226
0.7111712201020454
0.7111642703788739
0.7111587740597424
0.7111547218222879
0.7111521135994503
0.7111509357387439
0.7111511128335049
0.7111528250415233
0.7111555080654224
0.711160574685727
0.7111662440611517
0.7111734664785591
0.711181962595081
0.7111918345332089
0.7112030627510265
0.7112156243001562
0.7112295053007385
0.7112446940458579
0.7112611788407693
0.7112789481994805
0.7112979899573375
0.7113182932501542
0.7113398453954237
0.7113626340687392
0.7113866458389175
0.7114118753410086
0.7114383043959001
0.7114659235333953
0.7114947219076021
0.711524689227478
0.7115558191042153
0.7115881025829417
0.7116215118588934
0.7116560826372644
0.7116918653369
0.7117288057894884
0.7117669954629466
0.7118065679948785
0.7118478494997054
0.7118919274574571
0.7119447659735745
0.7119919131073276
0.7119475692488475
0.7120371250880253
0.7120896608990823
nan
nan
nan
nan
nan
0.7150955351985935
nan
0.7147531822207042
0.7144889956914051
0.7141717086221551
0.7142515285115341
0.7139755017565669
0.7138288819727816
0.713696033719863
0.7135664980437509
0.7134572296687349
0.713351827403475
0.7132539149634485
0.71316786684592
0.7130485096077936
0.712917989118764
0.7129124320247979
0.7127338009518962
0.7126594619417
0.7125900528803999
0.7125228946894353
0.7124570463181668
0.7123934928495897
0.7123320661488951
0.7122728007348542
0.7122155997831771
0.7121607270839738
0.7121078878996724
0.7120571308995302
0.7120084211694211
0.7119617163120107
0.7119170094329457
0.7118742458600175
0.7118333824451958
0.7117944029969044
0.7117572785373288
0.7117219824837058
0.7116884900207716
0.711656777981922
0.7116268247026504
0.7115986097265984
0.7115721138725798
0.7115473188876715
0.7115242075201735
0.8214635515622941
nan
nan
0.7114482788909754
0.7114333515538969
0.7114200184058125
0.711408265990878
0.7113980813556534
0.7113894521259744
0.7113823661664814
0.7113768108246106
0.7113727729190439
0.7113702421828358
0.7113692058616977
0.7113696517610728
0.7113715675870335
0.7113749416366957
0.7113797615981741
0.7113860154086483
0.7113936908475251
0.711402775837348
0.7114132579573054
0.7114251258196301
0.7114383648286048
0.7114529652127243
0.7114689138371
0.7114861979360096
0.7115048061643212
0.7115247256477784
0.7115459471275163
0.7115684582526146
0.7115922486552758
0.711617308498304
0.7116436333703662
0.71167119328995
0.7117000724773981
0.7117302257676318
0.7117615673654125
0.7117941780086412
0.7118281974155422
0.7118636727269007
0.7119008285757653
0.7119402052814763
0.7119836136276424
0.7120429892732902
0.7121216390098457
0.712058944493938
0.7120811736376569
0.7121513309538641
0.7122018319151732
0.7122498778135686
nan
nan
nan
nan
nan
nan
nan
nan
nan
nan
0.715177292745236
0.7149124753813486
0.714639483974647
0.714410651299509
0.7143859268871375
0.7142740881954616
0.7140528209248491
0.713915813139621
0.713788816032831
0.7136721938392769
0.713562878399959
0.7134610407740625
0.7133611019295053
0.713115945354631
0.7131689527276824
0.7130313836798208
0.7129225688580196
0.7128466866539211
0.7127751619970439
0.7127056748627536
0.712638745986998
0.7125741731646223
0.712512005746962
0.7124522428512858
0.7123948688418362
0.7123398317238393
0.7122871139680471
0.7122366602564224
0.71218842633301
0.7121423675490403
0.712098425280003
0.7120566305642541
0.7120168719439535
0.7119791177879831
0.7119433548542828
0.7119095482509413
0.7118776676900597
0.7118476847200197
0.7118195730175342
0.8200496586648429
0.8201760566295884
0.8202826433002298
0.8203696204200831
0.7117062443431361
0.7116888728505147
0.7116732198269562
0.711659266943683
0.7116469965057973
0.7116363913740892
0.7116274348950338
0.7116201108411662
0.7116144033539723
0.7116102968861776
0.711607776163836
0.7116068262553483
0.711607433186487
0.7116095792418956
0.7116132534750417
0.7116184402868497
0.7116251258370454
0.7116332963721252
0.7116429399914193
0.7116540222015628
0.7116665749233742
0.7116805538369757
0.7116959516932775
0.711712758560586
0.711730963824502
0.7117505629382044
0.7117715424295357
0.7117939020184436
0.7118176768871268
0.7118428087018828
0.7118694430608428
0.7118972030301819
0.711926760182613
0.7119578153746143
0.7119906727843016
0.7120257637907332
0.712064181960254
0.7121098790519823
0.7122586218195333
0.7122039326284012
0.7121733001096336
0.7121531440636573
0.7122345635202091
0.7122860425105713
0.7123361130820134
0.7123862964854438
0.7124291010522605
nan
nan
nan
nan
nan
nan
nan
nan
nan
nan
nan
nan
nan
nan
0.7154547407493133
0.7151427207238844
0.7149760569688468
0.7151086050298578
0.7146127701601308
0.7144487326162567
0.7142358061228105
0.714141869568898
0.7140132435526728
0.7138918449621007
0.7137795540745517
0.713671524133375
0.7134007547193605
0.7133739050425192
0.7134560710455251
0.7132230925258021
0.7131270407722525
0.7130493560010134
0.712975697874728
0.7129050526127364
0.7128371101648971
0.7127718599527549
0.7127092849431885
0.7126493562867775
0.7125920325707822
0.7125372628499242
0.7124849905795427
0.7124351655388084
0.7123877313243233
0.7123426365767589
0.7122998310800639
0.7122592677851675
0.7122209015863646
0.7121846901100152
0.7121506384168907
0.8185366800513443
0.8186855053368958
nan
nan
0.712010694532207
0.7119885938591074
0.7119683884324225
0.7119500524914382
0.7119335615032114
0.7119188919769894
0.711906021371358
0.7118949280200049
0.7118855910846718
0.7118779905254702
0.7118721069907112
0.7118679217919114
0.7118654221936411
0.7118645678437133
0.7118652431439098
0.7118677822132037
0.711871829810645
0.7118774718118437
0.7118846965243606
0.711893491805965
0.7119038452940489
0.7119157467043439
0.711929187060317
0.7119441576919957
0.7119608697703623
0.7119787414374464
0.7119983281183152
0.7120194789227807
0.7120421990672495
0.7120667806828876
0.7120929530908022
0.7121212123704151
0.7121519494912149
0.7121861759331178
0.7122270376949973
0.7123031548765612
0.7123916048871524
0.7123469784591593
0.7122846634697675
0.7122189044538922
0.7123407590591584
0.7124001659643499
0.712448575306857
0.7125206422136167
0.7125383165802313
0.71258531703756
0.7126316550891685
nan
nan
nan
nan
nan
nan
nan
nan
nan
nan
nan
nan
nan
nan
nan
nan
nan
0.7159230162628792
0.7156432592417731
0.7154102984899823
0.7152266675557631
0.7150325540396465
0.7148433140066497
0.714672852908302
0.7145120849509813
0.7143727593009972
0.7142372147778593
0.7141153282409387
0.7139983717627141
0.7138819151868875
0.7136272126776873
0.7136183534919172
0.7137346329200541
0.7134364405389747
0.713344902674346
0.7132655531336345
0.7131907696068112
0.7131192787544332
0.7130508429464134
0.7129854029651621
0.712922894838173
0.7128632692285013
0.7128064610471185
0.7127524035787226
0.7127010319542422
0.712652280550241
0.7126060863015118
0.7125623892665367
0.7125211329942629
nan
0.8170985401887643
0.8172496211829421
0.8173782659260899
0.8174847806130937
0.7123220266938054
0.7122965048666977
0.7122730699095979
0.7122516882848884
0.7122323281037858
0.7122149590153983
0.7121995527146249
0.7121860814374233
0.712174519151901
0.7121648411508164
0.7121570239243056
0.7121510454715794
0.7121468851569794
0.7121445235712159
0.7121439427886095
0.7121451270105198
0.7121480613871615
0.7121527336051447
0.7121590718411617
0.7121672880546024
0.7121771460178881
0.7121887349462663
0.7122020783297139
0.7122172030897544
0.712234206602703
0.7122540035852856
0.7122739860603635
0.7122974506789312
0.712323798859302
0.7123543979515183
0.7123931712349488
0.7124722548684013
0.7125920543385758
0.7125218278145554
0.7124703626146228
0.7124143848208646
0.7123800531559932
0.7124795713991237
0.712541330533977
0.7125903461286878
0.7125979038043502
0.7126772275978308
0.7127223411564446
0.712766211110096
0.7128142061172055
0.7128629397868405
nan
nan
nan
nan
nan
nan
nan
nan
nan
nan
nan
nan
nan
nan
nan
nan
nan
nan
nan
nan
0.7165538900178263
0.7161399223108224
0.7158540647073054
0.7157195981693978
0.7154650975094464
0.715257799587767
0.7150716324500834
0.7148734310738406
0.7147436298162531
0.714598904652191
0.7144637944638248
0.7143385372896177
0.7142199919887622
0.7140941566928504
0.7138960210613848
0.7139005544248065
0.7138469143564132
0.7136693584573882
0.7135747148463534
0.7134945941012841
0.7134193862348055
0.7133477647322404
0.7132795144825311
0.7132145316731997
0.7131527361376386
0.7130940327687628
0.7130383543076785
0.7129856090957558
0.7129357310643617
0.8152126524839848
0.8154144549486758
0.81559161046292
0.8157445421853864
0.8158736341195343
0.7126926289508454
0.7126609000277493
0.7126315385184905
0.7126044995409231
0.7125797394057719
0.7125572177478414
0.7125368965842596
0.7125187407639582
0.7125027194048174
0.7124887887949327
0.71247696222616
0.7124671638765073
0.7124593965752307
0.7124536409809775
0.7124498805236769
0.7124481056625916
0.7124483058568049
0.7124505023043819
0.7124546932243585
0.712460914775756
0.7124692188064878
0.7124796822493136
0.7124923899188675
0.7125076582286044
0.7125262399209482
0.7125486632736571
0.7125773386617871
0.7126209416176145
0.7128078828715645
0.7127842547041376
0.7127301849361507
0.7126699204324879
0.712608964925768
0.7125522384330072
0.7125182355866837
0.7126588597841927
0.712717787939478
0.7127821971401833
0.7128045330119507
0.7128476966252688
0.7128909229213217
0.7129319275303562
0.7129787038585731
0.7130265154901648
0.7130748381316465
0.7131265393039725
nan
nan
nan
nan
nan
nan
nan
nan
nan
nan
nan
nan
nan
nan
nan
nan
nan
nan
nan
nan
nan
nan
nan
0.7170191107917074
0.7167015729069677
0.7163125990854493
0.7161646446728266
0.7159017404989638
0.7156815847532791
0.7154739462938865
0.7152949171988866
0.7151283424723749
0.7149707609088463
0.7148251883675156
0.7146899818843564
0.7145636505471815
0.7144449609664039
0.714326645920214
0.7139932085881925
0.7140201817357071
0.7142237190220688
0.7139018649095352
0.7138162620226804
0.7137364490040081
0.713661751921109
0.7135911157025072
0.7135239024618445
0.713460269115792
0.8131384675386135
0.8133987039726616
0.8136316241021478
0.813837720929045
0.8140175147163058
0.8141714623835818
0.7131046217971682
0.7130656483885256
0.7130294081865003
0.7129958471300094
0.7129649036482244
0.7129365242551681
0.712910661795886
0.7128872735566482
0.7128663217229472
0.7128477742591752
0.712831605412271
0.7128177929910073
0.7128063253992447
0.7127972011745394
0.7127904330858272
0.7127860540461334
0.7127841175820759
0.7127847284987653
0.7127880856551514
0.7127942697082046
0.7128040370386515
0.7128187699374096
0.7128403629819293
0.7128776430250432
0.7131207443345983
0.7130669326521448
0.7130035989072937
0.7129425658609436
0.7128807075610266
0.7128180136018598
0.7127530089653303
0.712697335438292
0.7127852663132004
0.7128829768652548
0.7129476229944052
0.7129721859269593
0.7130132531215244
0.7130534171937133
0.7130944709689047
0.7131342818883527
0.7131854034118463
0.713224075129867
0.7132718474106552
0.7132916579690893
0.7134021578254588
0.7134219305591719
nan
nan
nan
nan
nan
nan
nan
nan
nan
nan
nan
nan
nan
nan
nan
nan
nan
nan
nan
nan
nan
nan
nan
nan
nan
nan
0.7175350310053494
0.7171853189744507
0.716798972515748
0.7166352479535697
0.7163426878530789
0.7161015489141421
0.7158951857760816
0.7156988028372779
0.7155217724638411
0.715352590707112
0.7151986679294278
0.7150545308015934
0.7149203431457143
0.7147950073058167
0.7146779227366509
0.7145682020042576
0.7144630980860915
0.7141723133705914
0.7141578625514586
0.7141695258571595
0.7140652255713253
0.7139933545136375
0.8111849111367354
0.8114822368347683
0.8117480797345531
0.811985562109395
0.8121943771821972
0.8123752761954957
0.8125284214410139
0.7135162389100761
0.7134720977725579
0.7134311260919695
0.7133932723302472
0.7133584355023199
0.713326566185688
0.7132976305470178
0.7132716036700484
0.7132484790208902
0.713228284871548
0.7132110633193449
0.7131968768721154
0.7131859177022633
0.713178455555144
0.7131750921181125
0.7131774809731619
0.713185676361271
0.7132090885921192
0.7135744657268733
0.7134010936211115
0.7133540628157394
0.7132892298334208
0.713226565880214
0.7131634853656141
0.7131001850370928
0.713036002260752
0.7129711654623614
0.712903381926677
0.7127595679281323
0.7131036361119676
0.7131448474720445
0.71318912759107
0.7132262125741419
0.7132621560489513
0.7132990050999701
0.7133485816412195
0.7133733191532143
0.7134171174730076
0.7134602467138252
0.7135065608015232
0.7135516702705057
0.7138860321293458
0.7136037410265036
0.7135442997814203
0.7137773972770397
nan
nan
nan
nan
nan
nan
nan
nan
nan
nan
nan
nan
nan
nan
nan
nan
nan
nan
nan
nan
nan
nan
nan
nan
nan
nan
nan
nan
0.718708465845688
0.7180544509173297
0.7176935603950177
0.7173001112436073
0.7170922661331615
0.7167835290558551
0.716541879337165
0.7163164301462481
0.7161101958029787
0.7159041450834243
0.71574651302527
0.715583604614987
0.7154326676294103
0.7152916657216396
0.7151600472177362
0.7150368931267136
0.7149214850503003
0.7148134856398611
0.7147042032169434
0.7146067272916092
0.8090421676952639
0.809246510670168
0.8097565110268325
0.8100385551395743
0.8102721500655967
0.8104761278411607
0.8106386081421149
0.7140108342364474
0.7139730145690488
0.7139288104999006
0.7138795769535404
0.7138377503584169
0.7138014801155805
0.7137697487454582
0.7137434476576532
0.713724366397555
0.7137084789563785
0.7137104288725737
0.7138121700899893
0.7138509522951293
0.7138065567751483
0.7137503789347115
0.7136933757481043
0.7136307598638617
0.7135711716145903
0.7135104545027582
0.7134493140652767
0.713387617814687
0.7133248825231491
0.7132613250428654
0.7131936449707771
0.7131295552437166
0.7133384613176232
0.7133976748342631
0.7134352163292319
0.7134666167390143
0.7134965918433831
0.7135261412952758
0.71355721954292
0.713589803676284
0.7136176189916317
0.7136596328893711
0.7136978157189822
0.7137396038108178
0.7137843524794815
0.7138404758748854
0.714406898659609
0.7138787007759699
0.7146082381516422
0.7143088205779701
0.7141934546275759
0.7144821885466255
nan
nan
nan
nan
nan
nan
nan
nan
nan
nan
nan
nan
nan
nan
nan
nan
nan
nan
nan
nan
nan
nan
nan
nan
nan
nan
nan
nan
nan
nan
nan
0.7191444247472811
0.7186807749655997
0.7181922401503549
0.7178026591832045
0.7175409959035469
0.7172456988710423
0.7169774458381077
0.7167214611587231
0.7165279942320462
0.7163304162259567
0.7161523661637591
0.7159817777521131
0.7158250851498249
0.7156792623503423
0.7155430904798545
0.7154157330856731
0.7152964047921808
0.806848301264596
0.8072520467773479
0.8076176232212509
0.8079480547928258
0.808248348641659
0.8085207270759702
0.8087457098755051
0.8089811499403975
0.8097502107640415
0.7142512695082783
0.7142817627997132
0.7142377822192683
0.7141756272950616
0.7141543780020861
0.7141341984085303
0.7140817547774672
0.7140292069402897
0.7139897163061775
0.7139466496039824
0.7138949039891027
0.7138404544273268
0.7137861436614206
0.7137309055254458
0.7136738224110863
0.7136148644735973
0.7135646000879284
0.7134689168383117
0.7136809856019665
0.7137396847831337
0.7137650456554927
0.713783906474351
0.713801114058664
0.7138187998007257
0.7138413247285526
0.713857577152577
0.7138797800364217
0.713902790021176
0.7139260782524189
0.713962907390485
0.7139909099400216
0.7140353504869895
0.7140671760255732
0.7141742950225173
0.7141623217887799
0.7143083843790901
0.7141252875073332
0.7140105058404187
0.714341712886431
0.714294290688989
0.7143584485676522
0.7145461925728924
0.7148862616697771
nan
nan
nan
nan
nan
nan
nan
nan
nan
nan
nan
nan
nan
nan
nan
nan
nan
nan
nan
nan
nan
nan
nan
nan
nan
nan
nan
nan
nan
nan
nan
nan
nan
0.7207460422438323
0.7196051755788283
0.7190374120441222
0.7186901816226978
0.718267057675317
0.7179899996470123
0.7176883455770968
0.7174176857447131
0.7171771771032122
0.7169678146300639
0.7167536749097219
0.7165664698652856
0.7163963544111875
0.7162344829978772
0.7160850642524406
0.8044869446857065
0.8049547349808734
0.8053774803805074
0.8057578067287603
0.8060981797526665
0.8064008465328667
0.8066679507489575
0.8069013168529341
0.7151004232061899
0.7150197060524689
0.7149430087052635
0.7148695903816815
0.7148004030426283
0.7147336915209279
0.7146707127344459
0.7146111361098861
0.7145549989336174
0.7145030869711518
0.714455869186229
0.7144142278955643
0.7143784368476676
0.7143477546272604
0.7143219006408371
0.7143000468656396
0.7142833885246712
0.7142718152964749
0.7142644512037845
0.7142607539330328
0.7142601290739738
0.7142610736115168
0.7142658292523056
0.7142695128042809
0.7142710102769129
0.7142687250494915
0.7142593921911309
0.7142592012711475
0.7142731295867508
0.7143425270925604
0.7143915058564241
0.7144045941894266
0.7144524738031003
0.7147531016287502
0.7145246236877776
0.714433963639097
0.7146443325213593
0.7147097502302927
0.7147601038747777
0.7149576396510311
nan
nan
nan
0.7152166843806463
nan
nan
nan
nan
nan
nan
nan
nan
nan
nan
nan
nan
nan
nan
nan
nan
nan
nan
nan
nan
nan
nan
nan
nan
nan
nan
nan
nan
nan
nan
nan
nan
nan
nan
nan
nan
0.7198364475675441
0.720084326430398
0.7196122317212347
0.7191816070421415
0.7187523342557122
0.7184411654310123
0.7181395567962477
0.7178701237604325
0.7176226428136239
0.7173983202907211
0.7171923582248884
0.7170022153989802
0.801945970834633
0.8025008759281174
0.8029831308772721
0.8034258947968285
0.8038214702313107
0.8041729180352696
0.8044827512309574
0.8047531619333017
0.8049859352093816
0.7156929766533555
0.7156026855772805
0.7155177333124804
0.715437793057442
0.7153626588220643
0.7152921447933334
0.7152261516765694
0.7151646347663109
0.7151075815147326
0.7150550084341148
0.715006939530951
0.7149632264720406
0.7149243390136185
0.7148897575880948
0.7148595520249792
0.714834150291813
0.7148128952877901
0.7147958995868765
0.7147830308499867
0.7147777399080271
0.7147712824161805
0.714766957904389
0.7147712121358674
0.7147784307721996
0.71478995408179
0.7148034805005218
0.7148209772696467
0.714839742941118
0.71486437741878
0.7152559791125279
0.7148535311142424
0.7146580616500247
0.7150300876054098
0.7150920267361632
0.7151578838994097
0.7152711671780538
nan
0.715683593532014
0.7155646871312621
0.7154538983324443
0.7153096630611856
0.7152205108368754
nan
nan
nan
nan
nan
nan
nan
nan
nan
nan
nan
nan
nan
nan
nan
nan
nan
nan
nan
nan
nan
nan
nan
nan
nan
nan
nan
nan
nan
nan
nan
nan
nan
nan
nan
nan
nan
0.7233380806698185
0.724249324533098
0.7231795912814436
0.7214564143963573
0.7201557781752062
0.7200689264682685
0.7196861401463475
0.7193935412644388
0.7188985406917081
0.7186017686824928
0.7183319520112962
0.7180855977871106
0.7991879169824023
0.7998330157555912
0.8004123428056054
0.8009312848756929
0.8013944048646474
0.8018056101829245
0.8021682489298846
0.8024886019213433
0.8027576503789867
0.8029906646397987
0.7163410338497018
0.7162390808355406
0.7161436003497141
0.7160542358924521
0.7159706959290963
0.7158927538212582
0.7158202320234207
0.7157529980509159
0.7156909592319465
0.7156340550292858
0.7155822453377556
0.7155356122664301
0.7154940763286295
0.7154635477982687
0.7154224570028811
0.7153951721349803
0.7153733867262264
0.7153559796260066
0.7153444190180739
0.7153352770190109
0.7153317619610211
0.71533073497522
0.7153317784898554
0.7154556903681792
0.7154924379247525
0.7156050806734315
0.7154486712257788
0.7152709254273587
0.7154697352334262
0.7155652724385371
0.7156517758124469
0.7157103577709995
nan
nan
0.7160196850721006
0.7158948128699892
0.7153506296607551
nan
nan
nan
nan
nan
nan
nan
nan
nan
nan
nan
nan
nan
nan
nan
nan
nan
nan
nan
nan
nan
nan
nan
nan
nan
nan
nan
nan
nan
nan
nan
nan
nan
nan
nan
nan
nan
nan
nan
nan
nan
nan
nan
nan
nan
0.7231857035268372
0.722995209859793
0.7218578145900822
0.7209154334349133
0.7206037439440384
0.7202056462753804
0.7198321599094486
0.7193670208550113
0.7961832806617202
0.7969432806866735
0.7976284328708516
0.798241645665948
0.7987879101881812
0.7992723382590468
0.7996992526441238
0.800072473795844
0.8003953858104269
0.8006708251819239
0.8009014358151294
0.7170551765204839
0.7169398233340254
0.7168322273345822
0.7167319755867686
0.7166387026752812
0.7165521343841816
0.7164719840269219
0.7163981005520329
0.7163302729243777
0.716268421109086
0.7162124248241447
0.7161621515063955
0.7161174826603129
0.7160780326875212
0.7160427549562352
0.7160165395235644
0.715988657904295
0.7160124643882286
0.7160350596400913
0.7160006394403841
0.7160533626024406
0.7161357584917459
0.7159937932681399
0.7159466644780623
0.7160204692503557
0.7160884580843548
0.7161794604673148
0.7162448413735909
nan
nan
0.7165198846927661
0.7163847519819682
0.7162488237523527
nan
0.7160573505039218
nan
nan
nan
nan
nan
nan
nan
nan
nan
nan
nan
nan
nan
nan
nan
nan
nan
nan
nan
nan
nan
nan
nan
nan
nan
nan
nan
nan
nan
nan
nan
nan
nan
nan
nan
nan
nan
nan
nan
nan
nan
nan
nan
nan
nan
nan
nan
nan
0.7271204473457435
0.7238118720058995
0.7231788956063807
0.7223396937230631
0.7217368090537535
0.791373191969299
0.7925433373037479
0.7934459366847393
0.7946082101358211
0.7953734139593931
0.795985798778649
0.7965473169958948
0.7970476676367798
0.7974872217028027
0.7978687497862582
0.79819542946562
0.7984699669801509
0.717991948152896
0.7178511294464617
0.7177207264210452
0.717599793513
0.7174877833143879
0.7173842233390859
0.7172889271369822
0.7172014058314885
0.7171219430790212
0.7170492665614341
0.7169843864431805
0.7169269725020307
0.7168738338178385
0.716861911392395
0.7168066623674835
0.7167651337951318
0.7167869203086393
0.7168769825696814
0.7168132185515774
0.7165513555353094
0.7166232419845997
0.7167050755100015
0.7167717019018487
0.7168180755451503
nan
nan
nan
nan
nan
nan
0.7166616225481743
nan
nan
0.7162769692864229
nan
nan
nan
nan
nan
nan
nan
nan
nan
nan
nan
nan
nan
nan
nan
nan
nan
nan
nan
nan
nan
nan
nan
nan
nan
nan
nan
nan
nan
nan
nan
nan
nan
nan
nan
nan
nan
nan
nan
nan
nan
nan
nan
nan
nan
nan
nan
nan
nan
nan
nan
nan
0.7255783913567118
0.7243824148957874
0.7869132570724848
0.7882871083955018
0.7896319018389788
0.7906952234271881
0.7918618827830496
0.7926378771933447
0.7933187167402425
0.7939795416058009
0.7946269058439162
0.7951369462169406
0.7955179647239644
0.7958401040581369
0.796107752553094
0.7189199332176222
0.7187609782038781
0.7186146425921344
0.7184802296655198
0.7183572832839504
0.7182454366620806
0.7181447453892388
0.7180556600854231
0.7179797428976343
0.7179222541296171
0.7179296171997861
0.7179774675545475
0.7178392001849228
0.7175678200263338
0.717373971763027
0.7174037984760396
0.71752083191001
0.7175591668461472
0.717641561403151
0.7189107950740783
nan
nan
nan
nan
0.7174680602643484
nan
nan
nan
nan
nan
nan
nan
nan
nan
nan
nan
nan
nan
nan
nan
nan
nan
nan
nan
nan
nan
nan
nan
nan
nan
nan
nan
nan
nan
nan
nan
nan
nan
nan
nan
nan
nan
nan
nan
nan
nan
nan
nan
nan
nan
nan
nan
nan
nan
nan
nan
nan
nan
nan
nan
nan
nan
nan
nan
nan
nan
nan
0.779522674304945
0.7827491266138789
0.7848225647761162
0.7864661921185
0.7873658751573144
0.788972604343146
0.7899288943024642
0.7907687788614762
0.7912433049092014
0.7920181533079209
0.7925533580753231
0.7930202779168627
0.793467967592316
0.7195047380062946
0.7198258401836586
0.7196505516000947
0.7194314483194759
0.7192339973125751
0.7190483623466835
0.7188689651888145
0.7187349237045397
0.7187525009563931
0.7186955798900058
0.7186903283699135
0.718667047619282
0.7186103331902716
0.7187619688989444
0.7197467564594853
0.719083468832234
0.7188936204493946
0.7190294753119163
nan
0.7187354628795615
0.7182427159610213
0.718735436347644
nan
nan
nan
0.7182840097015394
nan
nan
nan
nan
nan
nan
nan
nan
nan
nan
nan
nan
nan
nan
nan
nan
nan
nan
nan
nan
nan
nan
nan
nan
nan
nan
nan
nan
nan
nan
nan
nan
nan
nan
nan
nan
nan
nan
nan
nan
nan
nan
nan
nan
nan
nan
nan
nan
nan
nan
nan
nan
nan
nan
nan
nan
nan
nan
nan
nan
nan
nan
nan
0.7780536668941651
0.7799245930227758
0.7825965010803382
0.784346750630597
0.7857246989360609
0.7868699779148737
0.7879632095637192
0.7886149520718345
0.7892940251945684
0.7898746377036132
0.7903974129441045
0.7912358926163524
0.7909670703541279
0.7211740776277007
0.7210785111879761
0.7209476473556055
0.7208007336106286
0.7206626239934398
0.7205136940189373
0.7203630228250107
0.720210936768284
0.720826406766831
0.7204652786159211
0.7197151286869526
0.7195507064896899
0.7193879172132154
0.7192349751292699
nan
0.7191326817848158
0.7190006582750342
0.7188647084009054
nan
nan
nan
nan
nan
nan
nan
nan
nan
nan
nan
nan
nan
nan
nan
nan
nan
nan
nan
nan
nan
nan
nan
nan
nan
nan
nan
nan
nan
nan
nan
nan
nan
nan
nan
nan
nan
nan
nan
nan
nan
nan
nan
nan
nan
nan
nan
nan
nan
nan
nan
nan
nan
nan
nan
nan
nan
nan
nan
nan
nan
nan
nan
nan
nan
nan
nan
nan
nan
nan
nan
nan
0.7777839137053361
0.7793885589560685
0.7816716851710805
0.7831739358088842
0.7843573835606212
0.7853190335106391
0.7860789356083078
0.7866947340462976
0.7871663122021632
0.7873134056041323
0.7228604919442113
0.722568269249118
0.7223077516542573
0.7220744040630374
0.7219138678652259
0.7217004291578879
0.721538720123692
0.7213489260299413
0.7212837718793335
0.7211727887506447
0.7212052132114521
0.7211448397451161
0.7208257931891379
nan
nan
nan
nan
nan
nan
nan
nan
nan
nan
nan
nan
nan
nan
nan
nan
nan
nan
nan
nan
nan
nan
nan
nan
nan
nan
nan
nan
nan
nan
nan
nan
nan
nan
nan
nan
nan
nan
nan
nan
nan
nan
nan
nan
nan
nan
nan
nan
nan
nan
nan
nan
nan
nan
nan
nan
nan
nan
nan
nan
nan
nan
nan
nan
nan
nan
nan
nan
nan
nan
nan
nan
nan
nan
nan
nan
nan
nan
nan
nan
0.7755825460794936
0.7777800055546547
0.7796354960025327
0.7811252100659257
0.7817804826595902
0.7827153921870054
0.7832989073031884
0.7253301335415261
0.7249370563158838
0.7246130121966025
0.7243576371238833
0.7241773147720362
0.7240338578668685
0.7248080862720064
0.7239798824994371
nan
nan
0.7221725661404501
nan
nan
nan
nan
nan
nan
nan
nan
nan
nan
nan
nan
nan
nan
nan
nan
nan
nan
nan
nan
nan
nan
nan
nan
nan
nan
nan
nan
nan
nan
nan
nan
nan
nan
nan
nan
nan
nan
nan
nan
nan
nan
nan
nan
nan
nan
nan
nan
nan
nan
nan
nan
nan
nan
nan
nan
nan
nan
nan
nan
nan
nan
nan
nan
nan
nan
nan
nan
nan
nan
nan
nan
nan
nan
nan
nan
nan
nan
nan
nan
nan
nan
nan
nan
nan
nan
nan
0.7779456126524262
0.7759121891723931
0.7776362382460695
0.7288277656693178
0.7282082043817579
0.7285281154841508
0.7276906839263565
0.7272132477506916
0.7254402332256689
0.7241632613958635
nan
nan
nan
nan
nan
nan
nan
nan
nan
nan
nan
nan
nan
nan
nan
nan
nan
nan
nan
nan
nan
nan
nan
nan
nan
nan
nan
nan
nan
nan
nan
nan
nan
nan
nan
nan
nan
nan
nan
nan
nan
nan
nan
nan
nan
nan
nan
nan
nan
nan
nan
nan
nan
nan
nan
nan
nan
nan
nan
nan
nan
nan
nan
nan
nan
nan
nan
nan
nan
nan
nan
nan
nan
nan
nan
nan
nan
nan
nan
nan
nan
nan
nan
nan
nan
nan
nan
nan
nan
nan
nan
nan
nan
nan
nan
nan
nan
nan
nan
nan
nan
nan
nan
nan
nan
nan
nan
nan
nan
nan
nan
nan
nan
nan
nan
nan
nan
nan
nan
nan
nan
nan
nan
nan
nan
nan
nan
nan
nan
nan
nan
nan
nan
nan
nan
nan
nan
nan
nan
nan
nan
nan
nan
nan
nan
nan
nan
nan
nan
nan
nan
nan
nan
nan
nan
nan
nan
nan
nan
nan
nan
nan
nan
nan
nan
nan
nan
nan
nan
nan
nan
nan
nan
nan
nan
nan
nan
nan
nan
nan
nan
nan
nan
nan
nan
nan
nan
nan
nan
nan
nan
nan
nan
nan
nan
nan
nan
nan
nan
nan
nan
nan
nan
nan
nan
nan
nan
nan
nan
nan
nan
nan
nan
nan
nan
nan
nan
nan
nan
nan
nan
nan
nan
nan
nan
nan
nan
nan
nan
nan
nan
nan
nan
nan
nan
nan
nan
nan
nan
nan
nan
nan
nan
nan
nan
nan
nan
nan
nan
nan
nan
nan
nan
nan
nan
nan
nan
nan
nan
nan
nan
nan
nan
nan
nan
nan
nan
nan
nan
nan
nan
nan
nan
nan
nan
nan
nan
nan
nan
nan
nan
nan
nan
nan
nan
nan
nan
nan
nan
nan
nan
nan
nan
nan
nan
nan
nan
nan
nan
nan
nan
nan
nan
nan
nan
nan
nan
nan
nan
nan
nan
nan
nan
nan
nan
nan
nan
nan
nan
nan
nan
nan
nan
nan
nan
nan
nan
nan
nan
nan
nan
nan
nan
nan
nan
nan
nan
nan
nan
nan
nan
nan
nan
nan
nan
nan
nan
nan
nan
nan
nan
nan
nan
nan
nan
nan
nan
nan
nan
nan
nan
nan
nan
nan
nan
nan
nan
nan
nan
nan
nan
nan
nan
nan
nan
nan
nan
nan
nan
nan
nan
nan
nan
nan
nan
nan
nan
nan
nan
nan
nan
nan
nan
nan
nan
nan
nan
nan
nan
nan
nan
nan
nan
nan
nan
nan
nan
nan
nan
nan
nan
nan
nan
nan
nan
nan
nan
nan
nan
nan
nan
nan
nan
nan
nan
nan
nan
nan
nan
nan
nan
nan
nan
nan
nan
nan
nan
nan
nan
nan
nan
nan
nan
nan
nan
nan
nan
nan
nan
nan
nan
nan
nan
nan
nan
nan
nan
nan
nan
nan
nan
nan
nan
nan
nan
nan
nan
nan
nan
nan
nan
nan
nan
nan
nan
nan
nan
nan
nan
nan
nan
nan
nan
nan
nan
nan
nan
nan
nan
nan
nan
nan
nan
nan
nan
nan
nan
nan
nan
nan
nan
nan
nan
nan
nan
nan
nan
nan
nan
nan
nan
nan
nan
nan
nan
nan
nan
nan
nan
nan
nan
nan
nan
nan
nan
nan
nan
nan
nan
nan
nan
nan
nan
nan
nan
nan
nan
nan
nan
nan
nan
nan
nan
nan
nan
nan
nan
nan
nan
nan
nan
nan
nan
nan
nan
nan
nan
nan
nan
nan
nan
nan
nan
nan
nan
nan
nan
nan
nan
nan
nan
nan
nan
nan
nan
nan
nan
nan
nan
nan
nan
nan
nan
nan
nan
nan
nan
nan
nan
nan
nan
nan
nan
nan
nan
nan
nan
nan
nan
nan
nan
nan
nan
nan
nan
nan
nan
nan
nan
nan
nan
nan
nan
nan
nan
nan
nan
nan
nan
nan
nan
nan
nan
nan
nan
nan
nan
nan
nan
nan
nan
nan
nan
nan
nan
nan
nan
nan
nan
nan
nan
nan
nan
nan
nan
nan
nan
nan
nan
nan
nan
nan
nan
nan
nan
nan
nan
nan
nan
nan
nan
nan
nan
nan
nan
nan
nan
nan
nan
nan
nan
nan
nan
nan
nan
nan
nan
nan
nan
nan
nan
nan
nan
nan
nan
nan
nan
nan
nan
nan
nan
nan
nan
nan
nan
nan
nan
nan
nan
nan
nan
nan
nan
nan
nan
nan
nan
nan
nan
nan
nan
nan
nan
nan
nan
nan
nan
nan
nan
nan
nan
nan
nan
nan
nan
nan
nan
nan
nan
nan
nan
nan
nan
nan
nan
nan
nan
nan
nan
nan
nan
nan
nan
nan
nan
nan
nan
nan
nan
nan
nan
nan
nan
nan
nan
nan
nan
nan
nan
nan
nan
nan
nan
nan
nan
nan
nan
nan
nan
nan
nan
nan
nan
nan
nan
nan
nan
nan
nan
nan
nan
nan
nan
nan
nan
nan
nan
nan
nan
nan
nan
nan
nan
nan
nan
nan
nan
nan
nan
nan
nan
nan
nan
nan
nan
nan
nan
nan
nan
nan
nan
nan
nan
nan
nan
nan
nan
nan
nan
nan
nan
nan
nan
nan
nan
nan
nan
nan
nan
nan
nan
nan
nan
nan
nan
nan
nan
nan
nan
nan
nan
nan
nan
nan
nan
nan
nan
nan
nan
nan
nan
nan
nan
nan
nan
nan
nan
nan
nan
nan
nan
nan
nan
nan
nan
nan
nan
nan
nan
nan
nan
nan
nan
nan
nan
nan
nan
nan
nan
nan
nan
nan
nan
nan
nan
nan
nan
nan
nan
nan
nan
nan
nan
nan
nan
nan
nan
nan
nan
nan
nan
nan
nan
nan
nan
nan
nan
nan
nan
nan
nan
nan
nan
nan
nan
nan
nan
nan
nan
nan
nan
nan
nan
nan
nan
nan
nan
nan
nan
nan
nan
nan
nan
nan
nan
nan
nan
nan
nan
nan
nan
nan
nan
nan
nan
nan
nan
nan
nan
nan
nan
nan
nan
nan
nan
nan
nan
nan
nan
nan
nan
nan
nan
nan
nan
nan
nan
nan
nan
nan
nan
nan
nan
nan
nan
nan
nan
nan
nan
nan
nan
nan
nan
nan
nan
nan
nan
nan
nan
nan
nan
nan
nan
nan
nan
nan
nan
nan
nan
nan
nan
nan
nan
nan
nan
nan
nan
nan
nan
nan
nan
nan
nan
nan
nan
nan
nan
nan
nan
nan
nan
nan
nan
nan
nan
nan
nan
nan
nan
nan
nan
nan
nan
nan
nan
nan
nan
nan
nan
nan
nan
nan
nan
nan
nan
nan
nan
nan
nan
nan
nan
nan
nan
nan
nan
nan
nan
nan
nan
nan
nan
nan
nan
nan
nan
nan
nan
nan
nan
nan
nan
nan
nan
nan
nan
nan
nan
nan
nan
nan
nan
nan
nan
nan
nan
nan
nan
nan
nan
nan
nan
nan
nan
nan
nan
nan
nan
nan
nan
nan
nan
nan
nan
nan
nan
nan
nan
nan
nan
nan
nan
nan
nan
nan
nan
nan
nan
nan
nan
nan
nan
nan
nan
nan
nan
nan
nan
nan
nan
nan
nan
nan
nan
nan
nan
nan
nan
nan
nan
nan
nan
nan
nan
nan
nan
nan
nan
nan
nan
nan
nan
nan
nan
nan
nan
nan
nan
nan
nan
nan
nan
nan
nan
nan
nan
nan
nan
nan
nan
nan
nan
nan
nan
nan
nan
nan
nan
nan
nan
nan
nan
nan
nan
nan
nan
nan
nan
nan
nan
nan
nan
nan
nan
nan
nan
nan
nan
nan
nan
nan
nan
nan
nan
nan
nan
nan
nan
nan
nan
nan
nan
nan
nan
nan
nan
nan
nan
nan
nan
nan
nan
nan
nan
nan
nan
nan
nan
nan
nan
nan
nan
nan
nan
nan
nan
nan
nan
nan
nan
nan
nan
nan
nan
nan
nan
nan
nan
nan
nan
nan
nan
nan
nan
nan
nan
nan
nan
nan
nan
nan
nan
nan
nan
nan
nan
nan
nan
nan
nan
nan
nan
nan
nan
nan
nan
nan
nan
nan
nan
nan
nan
nan
nan
nan
nan
nan
nan
nan
nan
nan
nan
nan
nan
nan
nan
nan
nan
nan
nan
nan
nan
nan
nan
nan
nan
nan
nan
nan
nan
nan
nan
nan
nan
nan
nan
nan
nan
nan
nan
nan
nan
nan
nan
nan
nan
nan
nan
nan
nan
nan
nan
nan
nan
nan
nan
nan
nan
nan
nan
nan
nan
nan
nan
nan
nan
nan
nan
nan
nan
nan
nan
nan
nan
nan
nan
nan
nan
nan
nan
nan
nan
nan
nan
nan
nan
nan
nan
nan
nan
nan
nan
nan
nan
nan
nan
nan
nan
nan
nan
nan
nan
nan
nan
nan
nan
nan
nan
nan
nan
nan
nan
nan
nan
nan
nan
nan
nan
nan
nan
nan
nan
nan
nan
nan
nan
nan
nan
nan
nan
nan
nan
nan
nan
nan
nan
nan
nan
nan
nan
nan
nan
nan
nan
nan
nan
nan
nan
nan
nan
nan
nan
nan
nan
nan
nan
nan
nan
nan
nan
nan
nan
nan
nan
nan
nan
nan
nan
nan
nan
nan
nan
nan
nan
nan
nan
nan
nan
nan
nan
nan
nan
nan
nan
nan
nan
nan
nan
nan
nan
nan
nan
nan
nan
nan
nan
nan
nan
nan
nan
nan
nan
nan
nan
nan
nan
nan
nan
nan
nan
nan
nan
nan
nan
nan
nan
nan
nan
nan
nan
nan
nan
nan
nan
nan
nan
nan
nan
nan
nan
nan
nan
nan
nan
nan
nan
nan
nan
nan
nan
nan
nan
nan
nan
nan
nan
nan
nan
nan
nan
nan
nan
nan
nan
nan
nan
nan
nan
nan
nan
nan
nan
nan
nan
nan
nan
nan
nan
nan
nan
nan
nan
nan
nan
nan
nan
nan
nan
nan
nan
nan
nan
nan
nan
nan
nan
nan
nan
nan
nan
nan
nan
nan
nan
nan
nan
nan
nan
nan
nan
nan
nan
nan
nan
nan
nan
nan
nan
nan
nan
nan
nan
nan
nan
nan
nan
nan
nan
nan
nan
nan
nan
nan
nan
nan
nan
nan
nan
nan
nan
nan
nan
nan
nan
nan
nan
nan
nan
nan
nan
nan
nan
nan
nan
nan
nan
nan
nan
nan
nan
nan
nan
nan
nan
nan
nan
nan
nan
nan
nan
nan
nan
nan
nan
nan
nan
nan
nan
nan
nan
nan
nan
nan
nan
nan
nan
nan
nan
nan
nan
nan
nan
nan
nan
nan
nan
nan
nan
nan
nan
nan
nan
nan
nan
nan
nan
nan
nan
nan
nan
nan
nan
nan
nan
nan
nan
nan
nan
nan
nan
nan
nan
nan
nan
nan
nan
nan
nan
nan
nan
nan
nan
nan
nan
nan
nan
nan
nan
nan
nan
nan
nan
nan
nan
nan
nan
nan
nan
nan
nan
nan
nan
nan
nan
nan
nan
nan
nan
nan
nan
nan
nan
nan
nan
nan
nan
nan
nan
nan
nan
nan
nan
nan
nan
nan
nan
nan
nan
nan
nan
nan
nan
nan
nan
nan
nan
nan
nan
nan
nan
nan
nan
nan
nan
nan
nan
nan
nan
nan
nan
nan
nan
nan
nan
nan
nan
nan
nan
nan
nan
nan
nan
nan
nan
nan
nan
nan
nan
nan
nan
nan
nan
nan
nan
nan
nan
nan
nan
nan
nan
nan
nan
nan
nan
nan
nan
nan
nan
nan
nan
nan
nan
nan
nan
nan
nan
nan
nan
nan
nan
nan
nan
nan
nan
nan
nan
nan
nan
nan
nan
nan
nan
nan
nan
nan
nan
nan
nan
nan
nan
nan
nan
nan
nan
nan
nan
nan
nan
nan
nan
nan
nan
nan
nan
nan
nan
nan
nan
nan
nan
nan
nan
nan
nan
nan
nan
nan
nan
nan
nan
nan
nan
nan
nan
nan
nan
nan
nan
nan
nan
nan
nan
nan
nan
nan
nan
nan
nan
nan
nan
nan
nan
nan
nan
nan
nan
nan
nan
nan
nan
nan
nan
nan
nan
nan
nan
nan
nan
nan
nan
nan
nan
nan
nan
nan
nan
nan
nan
nan
nan
nan
nan
nan
nan
nan
nan
nan
nan
nan
nan
nan
nan
nan
nan
nan
nan
nan
nan
nan
nan
nan
nan
nan
nan
nan
nan
nan
nan
nan
nan
nan
nan
nan
nan
nan
nan
nan
nan
nan
nan
nan
nan
nan
nan
nan
nan
nan
nan
nan
nan
nan
nan
nan
nan
nan
nan
nan
nan
nan
nan
nan
nan
nan
nan
nan
nan
nan
nan
nan
nan
nan
nan
nan
nan
nan
nan
nan
nan
nan
nan
nan
nan
nan
nan
nan
nan
nan
nan
nan
nan
nan
nan
nan
nan
nan
nan
nan
nan
nan
nan
nan
nan
nan
nan
nan
nan
nan
nan
nan
nan
nan
nan
nan
nan
nan
nan
nan
nan
nan
nan
nan
nan
nan
nan
nan
nan
nan
nan
nan
nan
nan
nan
nan
nan
nan
nan
nan
nan
nan
nan
nan
nan
nan
nan
nan
nan
nan
nan
nan
nan
nan
nan
nan
nan
nan
nan
nan
nan
nan
nan
nan
nan
nan
nan
nan
nan
nan
nan
nan
nan
nan
nan
nan
nan
nan
nan
nan
nan
nan
nan
nan
nan
nan
nan
nan
nan
nan
nan
nan
nan
nan
nan
nan
nan
nan
nan
nan
nan
nan
nan
nan
nan
nan
nan
nan
nan
nan
nan
nan
nan
nan
nan
nan
nan
nan
nan
nan
nan
nan
nan
nan
nan
nan
nan
nan
nan
nan
nan
nan
nan
nan
nan
nan
nan
nan
nan
nan
nan
nan
nan
nan
nan
nan
nan
nan
nan
nan
nan
nan
nan
nan
nan
nan
nan
nan
nan
nan
nan
nan
nan
nan
nan
nan
nan
nan
nan
nan
nan
nan
nan
nan
nan
nan
nan
nan
nan
nan
nan
nan
nan
nan
nan
nan
nan
nan
nan
nan
nan
nan
nan
nan
nan
nan
nan
nan
nan
nan
nan
nan
nan
nan
nan
nan
nan
nan
nan
nan
nan
nan
nan
nan
nan
nan
nan
nan
nan
nan
nan
nan
nan
nan
nan
nan
nan
nan
nan
nan
nan
nan
nan
nan
nan
nan
nan
nan
nan
nan
nan
nan
nan
nan
nan
nan
nan
nan
nan
nan
nan
nan
nan
nan
nan
nan
nan
nan
nan
nan
nan
nan
nan
nan
nan
nan
nan
nan
nan
nan
nan
nan
nan
nan
nan
nan
nan
nan
nan
nan
nan
nan
nan
nan
nan
nan
nan
nan
nan
nan
nan
nan
nan
nan
nan
nan
nan
nan
nan
nan
nan
nan
nan
nan
nan
nan
nan
nan
nan
nan
nan
nan
nan
nan
nan
nan
nan
nan
nan
nan
nan
nan
nan
nan
nan
nan
nan
nan
nan
nan
nan
nan
nan
nan
nan
nan
nan
nan
nan
nan
nan
nan
nan
nan
nan
nan
nan
nan
nan
nan
nan
nan
nan
nan
nan
nan
nan
nan
nan
nan
nan
nan
nan
nan
nan
nan
nan
nan
nan
nan
nan
nan
nan
nan
nan
nan
nan
nan
nan
nan
nan
nan
nan
nan
nan
nan
nan
nan
nan
nan
nan
nan
nan
nan
nan
nan
nan
nan
nan
nan
nan
nan
nan
nan
nan
nan
nan
nan
nan
nan
nan
nan
nan
nan
nan
nan
nan
nan
nan
nan
nan
nan
nan
nan
nan
nan
nan
nan
nan
nan
nan
nan
nan
nan
nan
nan
nan
nan
nan
nan
nan
nan
nan
nan
nan
nan
nan
nan
nan
nan
nan
nan
nan
nan
nan
nan
nan
nan
nan
nan
nan
nan
nan
nan
nan
nan
nan
nan
nan
nan
nan
nan
nan
nan
nan
nan
nan
nan
nan
nan
nan
nan
nan
nan
nan
nan
nan
nan
nan
nan
nan
nan
nan
nan
nan
nan
nan
nan
nan
nan
nan
nan
nan
nan
nan
nan
nan
nan
nan
nan
nan
nan
nan
nan
nan
nan
nan
nan
nan
nan
nan
nan
nan
nan
nan
nan
nan
nan
nan
nan
nan
nan
nan
nan
nan
nan
nan
nan
nan
nan
nan
nan
nan
nan
nan
nan
nan
nan
nan
nan
nan
nan
nan
nan
nan
nan
nan
nan
nan
nan
nan
nan
nan
nan
nan
nan
nan
nan
nan
nan
nan
nan
nan
nan
nan
nan
nan
nan
nan
nan
nan
nan
nan
nan
nan
nan
nan
nan
nan
nan
nan
nan
nan
nan
nan
nan
nan
nan
nan
nan
nan
nan
nan
nan
nan
nan
nan
nan
nan
nan
nan
nan
nan
nan
nan
nan
nan
nan
nan
nan
nan
nan
nan
nan
nan
nan
nan
nan
nan
nan
nan
nan
nan
nan
nan
nan
nan
nan
nan
nan
nan
nan
nan
nan
nan
nan
nan
nan
nan
nan
nan
nan
nan
nan
nan
nan
nan
nan
nan
nan
nan
nan
nan
nan
nan
nan
nan
nan
nan
nan
nan
nan
nan
nan
nan
nan
nan
nan
nan
nan
nan
nan
nan
nan
nan
nan
nan
nan
nan
nan
nan
nan
nan
nan
nan
nan
nan
nan
nan
nan
nan
nan
nan
nan
nan
nan
nan
nan
nan
nan
nan
nan
nan
nan
nan
nan
nan
nan
nan
nan
nan
nan
nan
nan
nan
nan
nan
nan
nan
nan
nan
nan
nan
nan
nan
nan
nan
nan
nan
nan
nan
nan
nan
nan
nan
nan
nan
nan
nan
nan
nan
nan
nan
nan
nan
nan
nan
nan
nan
nan
nan
nan
nan
nan
nan
nan
nan
nan
nan
nan
nan
nan
nan
nan
nan
nan
nan
nan
nan
nan
nan
nan
nan
nan
nan
nan
nan
nan
nan
nan
nan
nan
nan
nan
nan
nan
nan
nan
nan
nan
nan
nan
nan
nan
nan
nan
nan
nan
nan
nan
nan
nan
nan
nan
nan
nan
nan
nan
nan
nan
nan
nan
nan
nan
nan
nan
nan
nan
nan
nan
nan
nan
nan
nan
nan
nan
nan
nan
nan
nan
nan
nan
nan
nan
nan
nan
nan
nan
nan
nan
nan
nan
nan
nan
nan
nan
nan
nan
nan
nan
nan
nan
nan
nan
nan
nan
nan
nan
nan
nan
nan
nan
nan
nan
nan
nan
nan
nan
nan
nan
nan
nan
nan
nan
nan
nan
nan
nan
nan
nan
nan
nan
nan
nan
nan
nan
nan
nan
nan
nan
nan
nan
nan
nan
nan
nan
nan
nan
nan
nan
nan
nan
nan
nan
nan
nan
nan
nan
nan
nan
nan
nan
nan
nan
nan
nan
nan
nan
nan
nan
nan
nan
nan
nan
nan
nan
nan
nan
nan
nan
nan
nan
nan
nan
nan
nan
nan
nan
nan
nan
nan
nan
nan
nan
nan
nan
nan
nan
nan
nan
nan
nan
nan
nan
nan
nan
nan
nan
nan
nan
nan
nan
nan
nan
nan
nan
nan
nan
nan
nan
nan
nan
nan
nan
nan
nan
nan
nan
nan
nan
nan
nan
nan
nan
nan
nan
nan
nan
nan
nan
nan
nan
nan
nan
nan
nan
nan
nan
nan
nan
nan
nan
nan
nan
nan
nan
nan
nan
nan
nan
nan
nan
nan
nan
nan
nan
nan
nan
nan
nan
nan
nan
nan
nan
nan
nan
nan
nan
nan
nan
nan
nan
nan
nan
nan
nan
nan
nan
nan
nan
nan
nan
nan
nan
nan
nan
nan
nan
nan
nan
nan
nan
nan
nan
nan
nan
nan
nan
nan
nan
nan
nan
nan
nan
nan
nan
nan
nan
nan
nan
nan
nan
nan
nan
nan
nan
nan
nan
nan
nan
nan
nan
nan
nan
nan
nan
nan
nan
nan
nan
nan
nan
nan
nan
nan
nan
nan
nan
nan
nan
nan
nan
nan
nan
nan
nan
nan
nan
nan
nan
nan
nan
nan
nan
nan
nan
nan
nan
nan
nan
nan
nan
nan
nan
nan
nan
nan
nan
nan
nan
nan
nan
nan
nan
nan
nan
nan
nan
nan
nan
nan
nan
nan
nan
nan
nan
nan
nan
nan
nan
nan
nan
nan
nan
nan
nan
nan
nan
nan
nan
nan
nan
nan
nan
nan
nan
nan
nan
nan
nan
nan
nan
nan
nan
nan
nan
nan
nan
nan
nan
nan
nan
nan
nan
nan
nan
nan
nan
nan
nan
nan
nan
nan
nan
nan
nan
nan
nan
nan
nan
nan
nan
nan
nan
nan
nan
nan
nan
nan
nan
nan
nan
nan
nan
nan
nan
nan
nan
nan
nan
nan
nan
nan
nan
nan
nan
nan
nan
nan
nan
nan
nan
nan
nan
nan
nan
nan
nan
nan
nan
nan
nan
nan
nan
nan
nan
nan
nan
nan
nan
nan
nan
nan
nan
nan
nan
nan
nan
nan
nan
nan
nan
nan
nan
nan
nan
nan
nan
nan
nan
nan
nan
nan
nan
nan
nan
nan
nan
nan
nan
nan
nan
nan
nan
nan
nan
nan
nan
nan
nan
nan
nan
nan
nan
nan
nan
nan
nan
nan
nan
nan
nan
nan
nan
nan
nan
nan
nan
nan
nan
nan
nan
nan
nan
nan
nan
nan
nan
nan
nan
nan
nan
nan
nan
nan
nan
nan
nan
nan
nan
nan
nan
nan
nan
nan
nan
nan
nan
nan
nan
nan
nan
nan
nan
nan
nan
nan
nan
nan
nan
nan
nan
nan
nan
nan
nan
nan
nan
nan
nan
nan
nan
nan
nan
nan
nan
nan
nan
nan
nan
nan
nan
nan
nan
nan
nan
nan
nan
nan
nan
nan
nan
nan
nan
nan
nan
nan
nan
nan
nan
nan
nan
nan
nan
nan
nan
nan
nan
nan
nan
nan
nan
nan
nan
nan
nan
nan
nan
nan
nan
nan
nan
nan
nan
nan
nan
nan
nan
nan
nan
nan
nan
nan
nan
nan
nan
nan
nan
nan
nan
nan
nan
nan
nan
nan
nan
nan
nan
nan
nan
nan
nan
nan
nan
nan
nan
nan
nan
nan
nan
nan
nan
nan
nan
nan
nan
nan
nan
nan
nan
nan
nan
nan
nan
nan
nan
nan
nan
nan
nan
nan
nan
nan
nan
nan
nan
nan
nan
nan
nan
nan
nan
nan
nan
nan
nan
nan
nan
nan
nan
nan
nan
nan
nan
nan
nan
nan
nan
nan
nan
nan
nan
nan
nan
nan
nan
nan
nan
nan
nan
nan
nan
nan
nan
nan
nan
nan
nan
nan
nan
nan
nan
nan
nan
nan
nan
nan
nan
nan
nan
nan
nan
nan
nan
nan
nan
nan
nan
nan
nan
nan
nan
nan
nan
nan
nan
nan
nan
nan
nan
nan
nan
nan
nan
nan
nan
nan
nan
nan
nan
nan
nan
nan
nan
nan
nan
nan
nan
nan
nan
nan
nan
nan
nan
nan
nan
nan
nan
nan
nan
nan
nan
nan
nan
nan
nan
nan
nan
nan
nan
nan
nan
nan
nan
nan
nan
nan
nan
nan
nan
nan
nan
nan
nan
nan
nan
nan
nan
nan
nan
nan
nan
nan
nan
nan
nan
nan
nan
nan
nan
nan
nan
nan
nan
nan
nan
nan
nan
nan
nan
nan
nan
nan
nan
nan
nan
nan
nan
nan
nan
nan
nan
nan
nan
nan
nan
nan
nan
nan
nan
nan
nan
nan
nan
nan
nan
nan
nan
nan
nan
nan
nan
nan
nan
nan
nan
nan
nan
nan
nan
nan
nan
nan
nan
nan
nan
nan
nan
nan
nan
nan
nan
nan
nan
nan
nan
nan
nan
nan
nan
nan
nan
nan
nan
nan
nan
nan
nan
nan
nan
nan
nan
nan
nan
nan
nan
nan
nan
nan
nan
nan
nan
nan
nan
nan
nan
nan
nan
nan
nan
nan
nan
nan
nan
nan
nan
nan
nan
nan
nan
nan
nan
nan
nan
nan
nan
nan
nan
nan
nan
nan
nan
nan
nan
nan
nan
nan
nan
nan
nan
nan
nan
nan
nan
nan
nan
nan
nan
nan
nan
nan
nan
nan
nan
nan
nan
nan
nan
nan
nan
nan
nan
nan
nan
nan
nan
nan
nan
nan
nan
nan
nan
nan
nan
nan
nan
nan
nan
nan
nan
nan
nan
nan
nan
nan
nan
nan
nan
nan
nan
nan
nan
nan
nan
nan
nan
nan
nan
nan
nan
nan
nan
nan
nan
nan
nan
nan
nan
nan
nan
nan
nan
nan
nan
nan
nan
nan
nan
nan
nan
nan
nan
nan
nan
nan
nan
nan
nan
nan
nan
nan
nan
nan
nan
nan
nan
nan
nan
nan
nan
nan
nan
nan
nan
nan
nan
nan
nan
nan
nan
nan
nan
nan
nan
nan
nan
nan
nan
nan
nan
nan
nan
nan
nan
nan
nan
nan
nan
nan
nan
nan
nan
nan
nan
nan
nan
nan
nan
nan
nan
nan
nan
nan
nan
nan
nan
nan
nan
nan
nan
nan
nan
nan
nan
nan
nan
nan
nan
nan
nan
nan
nan
nan
nan
nan
nan
nan
nan
nan
nan
nan
nan
nan
nan
nan
nan
nan
nan
nan
nan
nan
nan
nan
nan
nan
nan
nan
nan
nan
nan
nan
nan
nan
nan
nan
nan
nan
nan
nan
nan
nan
nan
nan
nan
nan
nan
nan
nan
nan
nan
nan
nan
nan
nan
nan
nan
nan
nan
nan
nan
nan
nan
nan
nan
nan
nan
nan
nan
nan
nan
nan
nan
nan
nan
nan
nan
nan
nan
nan
nan
nan
nan
nan
nan
nan
nan
nan
nan
nan
nan
nan
nan
nan
nan
nan
nan
nan
nan
nan
nan
nan
nan
nan
nan
nan
nan
nan
nan
nan
nan
nan
nan
nan
nan
nan
nan
nan
nan
nan
nan
nan
nan
nan
nan
nan
nan
nan
nan
nan
nan
nan
nan
nan
nan
nan
nan
nan
nan
nan
nan
nan
nan
nan
nan
nan
nan
nan
nan
nan
nan
nan
nan
nan
nan
nan
nan
nan
nan
nan
nan
nan
nan
nan
nan
nan
nan
nan
nan
nan
nan
nan
nan
nan
nan
nan
nan
nan
nan
nan
nan
nan
nan
nan
nan
nan
nan
nan
nan
nan
nan
nan
nan
nan
nan
nan
nan
nan
nan
nan
nan
nan
nan
nan
nan
nan
nan
nan
nan
nan
nan
nan
nan
nan
nan
nan
nan
nan
nan
nan
nan
nan
nan
nan
nan
nan
nan
nan
nan
nan
nan
nan
nan
nan
nan
nan
nan
nan
nan
nan
nan
nan
nan
nan
nan
nan
nan
nan
nan
nan
nan
nan
nan
nan
nan
nan
nan
nan
nan
nan
nan
nan
nan
nan
nan
nan
nan
nan
nan
nan
nan
nan
nan
nan
nan
nan
nan
nan
nan
nan
nan
nan
nan
nan
nan
nan
nan
nan
nan
nan
nan
nan
nan
nan
nan
nan
nan
nan
nan
nan
nan
nan
nan
nan
nan
nan
nan
nan
nan
nan
nan
nan
nan
nan
nan
nan
nan
nan
nan
nan
nan
nan
nan
nan
nan
nan
nan
nan
nan
nan
nan
nan
nan
nan
nan
nan
nan
nan
nan
nan
nan
nan
nan
nan
nan
nan
nan
nan
nan
nan
nan
nan
nan
nan
nan
nan
nan
nan
nan
nan
nan
nan
nan
nan
nan
nan
nan
nan
nan
nan
nan
nan
nan
nan
nan
nan
nan
nan
nan
nan
nan
nan
nan
nan
nan
nan
nan
nan
nan
nan
nan
nan
nan
nan
nan
nan
nan
nan
nan
nan
nan
nan
nan
nan
nan
nan
nan
nan
nan
nan
nan
nan
nan
nan
nan
nan
nan
nan
nan
nan
nan
nan
nan
nan
nan
nan
nan
nan
nan
nan
nan
nan
nan
nan
nan
nan
nan
nan
nan
nan
nan
nan
nan
nan
nan
nan
nan
nan
nan
nan
nan
nan
nan
nan
nan
nan
nan
nan
nan
nan
nan
nan
nan
nan
nan
nan
nan
nan
nan
nan
nan
nan
nan
nan
nan
nan
nan
nan
nan
nan
nan
nan
nan
nan
nan
nan
nan
nan
nan
nan
nan
nan
nan
nan
nan
nan
nan
nan
nan
nan
nan
nan
nan
nan
nan
nan
nan
nan
nan
nan
nan
nan
nan
nan
nan
nan
nan
nan
nan
nan
nan
nan
nan
nan
nan
nan
nan
nan
nan
nan
nan
nan
nan
nan
nan
nan
nan
nan
nan
nan
nan
nan
nan
nan
nan
nan
nan
nan
nan
nan
nan
nan
nan
nan
nan
nan
nan
nan
nan
nan
nan
nan
nan
nan
nan
nan
nan
nan
nan
nan
nan
nan
nan
nan
nan
nan
nan
nan
nan
nan
nan
nan
nan
nan
nan
nan
nan
nan
nan
nan
nan
nan
nan
nan
nan
nan
nan
nan
nan
nan
nan
nan
nan
nan
nan
nan
nan
nan
nan
nan
nan
nan
nan
nan
nan
nan
nan
nan
nan
nan
nan
nan
nan
nan
nan
nan
nan
nan
nan
nan
nan
nan
nan
nan
nan
nan
nan
nan
nan
nan
nan
nan
nan
nan
nan
nan
nan
nan
nan
nan
nan
nan
nan
nan
nan
nan
nan
nan
nan
nan
nan
nan
nan
nan
nan
nan
nan
nan
nan
nan
nan
nan
nan
nan
nan
nan
nan
nan
nan
nan
nan
nan
nan
nan
nan
nan
nan
nan
nan
nan
nan
nan
nan
nan
nan
nan
nan
nan
nan
nan
nan
nan
nan
nan
nan
nan
nan
nan
nan
nan
nan
nan
nan
nan
nan
nan
nan
nan
nan
nan
nan
nan
nan
nan
nan
nan
nan
nan
nan
nan
nan
nan
nan
nan
nan
nan
nan
nan
nan
nan
nan
nan
nan
nan
nan
nan
nan
nan
nan
nan
nan
nan
nan
nan
nan
nan
nan
nan
nan
nan
nan
nan
nan
nan
nan
nan
nan
nan
nan
nan
nan
nan
nan
nan
nan
nan
nan
nan
nan
nan
nan
nan
nan
nan
nan
nan
nan
nan
nan
nan
nan
nan
nan
nan
nan
nan
nan
nan
nan
nan
nan
nan
nan
nan
nan
nan
nan
nan
nan
nan
nan
nan
nan
nan
nan
nan
nan
nan
nan
nan
nan
nan
nan
nan
nan
nan
nan
nan
nan
nan
nan
nan
nan
nan
nan
nan
nan
nan
nan
nan
nan
nan
nan
nan
nan
nan
nan
nan
nan
nan
nan
nan
nan
nan
nan
nan
nan
nan
nan
nan
nan
nan
nan
nan
nan
nan
nan
nan
nan
nan
nan
nan
nan
nan
nan
nan
nan
nan
nan
nan
nan
nan
nan
nan
nan
nan
nan
nan
nan
nan
nan
nan
nan
nan
nan
nan
nan
nan
nan
nan
nan
nan
nan
nan
nan
nan
nan
nan
nan
nan
nan
nan
nan
nan
nan
nan
nan
nan
nan
nan
nan
nan
nan
nan
nan
nan
nan
nan
nan
nan
nan
nan
nan
nan
nan
nan
nan
nan
nan
nan
nan
nan
nan
nan
nan
nan
nan
nan
nan
nan
nan
nan
nan
nan
nan
nan
nan
nan
nan
nan
nan
nan
nan
nan
nan
nan
nan
nan
nan
nan
nan
nan
nan
nan
nan
nan
nan
nan
nan
nan
nan
nan
nan
nan
nan
nan
nan
nan
nan
nan
nan
nan
nan
nan
nan
nan
nan
nan
nan
nan
nan
nan
nan
nan
nan
nan
nan
nan
nan
nan
nan
nan
nan
nan
nan
nan
nan
nan
nan
nan
nan
nan
nan
nan
nan
nan
nan
nan
nan
nan
nan
nan
nan
nan
nan
nan
nan
nan
nan
nan
nan
nan
nan
nan
nan
nan
nan
nan
nan
nan
nan
nan
nan
nan
nan
nan
nan
nan
nan
nan
nan
nan
nan
nan
nan
nan
nan
nan
nan
nan
nan
nan
nan
nan
nan
nan
nan
nan
nan
nan
nan
nan
nan
nan
nan
nan
nan
nan
nan
nan
nan
nan
nan
nan
nan
nan
nan
nan
nan
nan
nan
nan
nan
nan
nan
nan
nan
nan
nan
nan
nan
nan
nan
nan
nan
nan
nan
nan
nan
nan
nan
nan
nan
nan
nan
nan
nan
nan
nan
nan
nan
nan
nan
nan
nan
nan
nan
nan
nan
nan
nan
nan
nan
nan
nan
nan
nan
nan
nan
nan
nan
nan
nan
nan
nan
nan
nan
nan
nan
nan
nan
nan
nan
nan
nan
nan
nan
nan
nan
nan
nan
nan
nan
nan
nan
nan
nan
nan
nan
nan
nan
nan
nan
nan
nan
nan
nan
nan
nan
nan
nan
nan
nan
nan
nan
nan
nan
nan
nan
nan
nan
nan
nan
nan
nan
nan
nan
nan
nan
nan
nan
nan
nan
nan
nan
nan
nan
nan
nan
nan
nan
nan
nan
nan
nan
nan
nan
nan
nan
nan
nan
nan
nan
nan
nan
nan
nan
nan
nan
nan
nan
nan
nan
nan
nan
nan
nan
nan
nan
nan
nan
nan
nan
nan
nan
nan
nan
nan
nan
nan
nan
nan
nan
nan
nan
nan
nan
nan
nan
nan
nan
nan
nan
nan
nan
nan
nan
nan
nan
nan
nan
nan
nan
nan
nan
nan
nan
nan
nan
nan
nan
nan
nan
nan
nan
nan
nan
nan
nan
nan
nan
nan
nan
nan
nan
nan
nan
nan
nan
nan
nan
nan
nan
nan
nan
nan
nan
nan
nan
nan
nan
nan
nan
nan
nan
nan
nan
nan
nan
nan
nan
nan
nan
nan
nan
nan
nan
nan
nan
nan
nan
nan
nan
nan
nan
nan
nan
nan
nan
nan
nan
nan
nan
nan
nan
nan
nan
nan
nan
nan
nan
nan
nan
nan
nan
nan
nan
nan
nan
nan
nan
nan
nan
nan
nan
nan
nan
nan
nan
nan
nan
nan
nan
nan
nan
nan
nan
nan
nan
nan
nan
nan
nan
nan
nan
nan
nan
nan
nan
nan
nan
nan
nan
nan
nan
nan
nan
nan
nan
nan
nan
nan
nan
nan
nan
nan
nan
nan
nan
nan
nan
nan
nan
nan
nan
nan
nan
nan
nan
nan
nan
nan
nan
nan
nan
nan
nan
nan
nan
nan
nan
nan
nan
nan
nan
nan
nan
nan
nan
nan
nan
nan
nan
nan
nan
nan
nan
nan
nan
nan
nan
nan
nan
nan
nan
nan
nan
nan
nan
nan
nan
nan
nan
nan
nan
nan
nan
nan
nan
nan
nan
nan
nan
nan
nan
nan
nan
nan
nan
nan
nan
nan
nan
nan
nan
nan
nan
nan
nan
nan
nan
nan
nan
nan
nan
nan
nan
nan
nan
nan
nan
nan
nan
nan
nan
nan
nan
nan
nan
nan
nan
nan
nan
nan
nan
nan
nan
nan
nan
nan
nan
nan
nan
nan
nan
nan
nan
nan
nan
nan
nan
nan
nan
nan
nan
nan
nan
nan
nan
nan
nan
nan
nan
nan
nan
nan
nan
nan
nan
nan
nan
nan
nan
nan
nan
nan
nan
nan
nan
nan
nan
nan
nan
nan
nan
nan
nan
nan
nan
nan
nan
nan
nan
nan
nan
nan
nan
nan
nan
nan
nan
nan
nan
nan
nan
nan
nan
nan
nan
nan
nan
nan
nan
nan
nan
nan
nan
nan
nan
nan
nan
nan
nan
nan
nan
nan
nan
nan
nan
nan
nan
nan
nan
nan
nan
nan
nan
nan
nan
nan
nan
nan
nan
nan
nan
nan
nan
nan
nan
nan
nan
nan
nan
nan
nan
nan
nan
nan
nan
nan
nan
nan
nan
nan
nan
nan
nan
nan
nan
nan
nan
nan
nan
nan
nan
nan
nan
nan
nan
nan
nan
nan
nan
nan
nan
nan
nan
nan
nan
nan
nan
nan
nan
nan
nan
nan
nan
nan
nan
nan
nan
nan
nan
nan
nan
nan
nan
nan
nan
nan
nan
nan
nan
nan
nan
nan
nan
nan
nan
nan
nan
nan
nan
nan
nan
nan
nan
nan
nan
nan
nan
nan
nan
nan
nan
nan
nan
nan
nan
nan
nan
nan
nan
nan
nan
nan
nan
nan
nan
nan
nan
nan
nan
nan
nan
nan
nan
nan
nan
nan
nan
nan
nan
nan
nan
nan
nan
nan
nan
nan
nan
nan
nan
nan
nan
nan
nan
nan
nan
nan
nan
nan
nan
nan
nan
nan
nan
nan
nan
nan
nan
nan
nan
nan
nan
nan
nan
nan
nan
nan
nan
nan
nan
nan
nan
nan
nan
nan
nan
nan
nan
nan
nan
nan
nan
nan
nan
nan
nan
nan
nan
nan
nan
nan
nan
nan
nan
nan
nan
nan
nan
nan
nan
nan
nan
nan
nan
nan
nan
nan
nan
nan
nan
nan
nan
nan
nan
nan
nan
nan
nan
nan
nan
nan
nan
nan
nan
nan
nan
nan
nan
nan
nan
nan
nan
nan
nan
nan
nan
nan
nan
nan
nan
nan
nan
nan
nan
nan
nan
nan
nan
nan
nan
nan
nan
nan
nan
nan
nan
nan
nan
nan
nan
nan
nan
nan
nan
nan
nan
nan
nan
nan
nan
nan
nan
nan
nan
nan
nan
nan
nan
nan
nan
nan
nan
nan
nan
nan
nan
nan
nan
nan
nan
nan
nan
nan
nan
nan
nan
nan
nan
nan
nan
nan
nan
nan
nan
nan
nan
nan
nan
nan
nan
nan
nan
nan
nan
nan
nan
nan
nan
nan
nan
nan
nan
nan
nan
nan
nan
nan
nan
nan
nan
nan
nan
nan
nan
nan
nan
nan
nan
nan
nan
nan
nan
nan
nan
nan
nan
nan
nan
nan
nan
nan
nan
nan
nan
nan
nan
nan
nan
nan
nan
nan
nan
nan
nan
nan
nan
nan
nan
nan
nan
nan
nan
nan
nan
nan
nan
nan
nan
nan
nan
nan
nan
nan
nan
nan
nan
nan
nan
nan
nan
nan
nan
nan
nan
nan
nan
nan
nan
nan
nan
nan
nan
nan
nan
nan
nan
nan
nan
nan
nan
nan
nan
nan
nan
nan
nan
nan
nan
nan
nan
nan
nan
nan
nan
nan
nan
nan
nan
nan
nan
nan
nan
nan
nan
nan
nan
nan
nan
nan
nan
nan
nan
nan
nan
nan
nan
nan
nan
nan
nan
nan
nan
nan
nan
nan
nan
nan
nan
nan
nan
nan
nan
nan
nan
nan
nan
nan
nan
nan
nan
nan
nan
nan
nan
nan
nan
nan
nan
nan
nan
nan
nan
nan
nan
nan
nan
nan
nan
nan
nan
nan
nan
nan
nan
nan
nan
nan
nan
nan
nan
nan
nan
nan
nan
nan
nan
nan
nan
nan
nan
nan
nan
nan
nan
nan
nan
nan
nan
nan
nan
nan
nan
nan
nan
nan
nan
nan
nan
nan
nan
nan
nan
nan
nan
nan
nan
nan
nan
nan
nan
nan
nan
nan
nan
nan
nan
nan
nan
nan
nan
nan
nan
nan
nan
nan
nan
nan
nan
nan
nan
nan
nan
nan
nan
nan
nan
nan
nan
nan
nan
nan
nan
nan
nan
nan
nan
nan
nan
nan
nan
nan
nan
nan
nan
nan
nan
nan
nan
nan
nan
nan
nan
nan
nan
nan
nan
nan
nan
nan
nan
nan
nan
nan
nan
nan
nan
nan
nan
nan
nan
nan
nan
nan
nan
nan
nan
nan
nan
nan
nan
nan
nan
nan
nan
nan
nan
nan
nan
nan
nan
nan
nan
nan
nan
nan
nan
nan
nan
nan
nan
nan
nan
nan
nan
nan
nan
nan
nan
nan
nan
nan
nan
nan
nan
nan
nan
nan
nan
nan
nan
nan
nan
nan
nan
nan
nan
nan
nan
nan
nan
nan
nan
nan
nan
nan
nan
nan
nan
nan
nan
nan
nan
nan
nan
nan
nan
nan
nan
nan
nan
nan
nan
nan
nan
nan
nan
nan
nan
nan
nan
nan
nan
nan
nan
nan
nan
nan
nan
nan
nan
nan
nan
nan
nan
nan
nan
nan
nan
nan
nan
nan
nan
nan
nan
nan
nan
nan
nan
nan
nan
nan
nan
nan
nan
nan
nan
nan
nan
nan
nan
nan
nan
nan
nan
nan
nan
nan
nan
nan
nan
nan
nan
nan
nan
nan
nan
nan
nan
nan
nan
nan
nan
nan
nan
nan
nan
nan
nan
nan
nan
nan
nan
nan
nan
nan
nan
nan
nan
nan
nan
nan
nan
nan
nan
nan
nan
nan
nan
nan
nan
nan
nan
nan
nan
nan
nan
nan
nan
nan
nan
nan
nan
nan
nan
nan
nan
nan
nan
nan
nan
nan
nan
nan
nan
nan
nan
nan
nan
nan
nan
nan
nan
nan
nan
nan
nan
nan
nan
nan
nan
nan
nan
nan
nan
nan
nan
nan
nan
nan
nan
nan
nan
nan
nan
nan
nan
nan
nan
nan
nan
nan
nan
nan
nan
nan
nan
nan
nan
nan
nan
nan
nan
nan
nan
nan
nan
nan
nan
nan
nan
nan
nan
nan
nan
nan
nan
nan
nan
nan
nan
nan
nan
nan
nan
nan
nan
nan
nan
nan
nan
nan
nan
nan
nan
nan
nan
nan
nan
nan
nan
nan
nan
nan
nan
nan
nan
nan
nan
nan
nan
nan
nan
nan
nan
nan
nan
nan
nan
nan
nan
nan
nan
nan
nan
nan
nan
nan
nan
nan
nan
nan
nan
nan
nan
nan
nan
nan
nan
nan
nan
nan
nan
nan
nan
nan
nan
nan
nan
nan
nan
nan
nan
nan
nan
nan
nan
nan
nan
nan
nan
nan
nan
nan
nan
nan
nan
nan
nan
nan
nan
nan
nan
nan
nan
nan
nan
nan
nan
nan
nan
nan
nan
nan
nan
nan
nan
nan
nan
nan
nan
nan
nan
nan
nan
nan
nan
nan
nan
nan
nan
nan
nan
nan
nan
nan
nan
nan
nan
nan
nan
nan
nan
nan
nan
nan
nan
nan
nan
nan
nan
nan
nan
nan
nan
nan
nan
nan
nan
nan
nan
nan
nan
nan
nan
nan
nan
nan
nan
nan
nan
nan
nan
nan
nan
nan
nan
nan
nan
nan
nan
nan
nan
nan
nan
nan
nan
nan
nan
nan
nan
nan
nan
nan
nan
nan
nan
nan
nan
nan
nan
nan
nan
nan
nan
nan
nan
nan
nan
nan
nan
nan
nan
nan
nan
nan
nan
nan
nan
nan
nan
nan
nan
nan
nan
nan
nan
nan
nan
nan
nan
nan
nan
nan
nan
nan
nan
nan
nan
nan
nan
nan
nan
nan
nan
nan
nan
nan
nan
nan
nan
nan
nan
nan
nan
nan
nan
nan
nan
nan
nan
nan
nan
nan
nan
nan
nan
nan
nan
nan
nan
nan
nan
nan
nan
nan
nan
nan
nan
nan
nan
nan
nan
nan
nan
nan
nan
nan
nan
nan
nan
nan
nan
nan
nan
nan
nan
nan
nan
nan
nan
nan
nan
nan
nan
nan
nan
nan
nan
nan
nan
nan
nan
nan
nan
nan
nan
nan
nan
nan
nan
nan
nan
nan
nan
nan
nan
nan
nan
nan
nan
nan
nan
nan
nan
nan
nan
nan
nan
nan
nan
nan
nan
nan
nan
nan
nan
nan
nan
nan
nan
nan
nan
nan
nan
nan
nan
nan
nan
nan
nan
nan
nan
nan
nan
nan
nan
nan
nan
nan
nan
nan
nan
nan
nan
nan
nan
nan
nan
nan
nan
nan
nan
nan
nan
nan
nan
nan
nan
nan
nan
nan
nan
nan
nan
nan
nan
nan
nan
nan
nan
nan
nan
