nan
nan
nan
nan
nan
nan
nan
nan
nan
nan
nan
nan
nan
nan
nan
nan
nan
nan
nan
nan
nan
nan
nan
nan
nan
nan
nan
nan
nan
nan
nan
nan
nan
nan
nan
nan
nan
nan
nan
nan
nan
nan
nan
nan
nan
nan
nan
nan
nan
nan
nan
nan
nan
nan
nan
nan
nan
nan
nan
nan
nan
nan
nan
nan
nan
nan
nan
nan
nan
nan
nan
nan
nan
nan
nan
nan
nan
nan
nan
nan
nan
nan
nan
nan
nan
nan
nan
nan
nan
nan
nan
nan
nan
nan
nan
nan
nan
nan
nan
nan
nan
nan
nan
nan
nan
nan
nan
nan
nan
nan
nan
nan
nan
0.08949780147504816
0.08925407578634391
0.08901750760537669
0.08878805408107203
0.08856566828520053
0.0883503081062241
0.08814193458179473
0.0879405112811022
0.08774600476364369
0.08755838370643101
0.08737761926742121
0.08720368475526796
0.08703655564354337
0.08687620928544493
0.08672262505801184
0.0865757840589606
0.0864356691796153
0.08630226493967072
0.08617555746660753
0.08605553441145813
0.08594218489018865
0.08583549944025956
0.08573546995873174
0.08564208966293647
0.08555535304091663
0.08547525582315917
0.08540179493393621
0.08533496847051858
0.08527477566664556
0.08522121686925312
0.08517429351745409
0.08513400812110455
0.08510036424323016
0.08507336649008783
0.08505302049743951
0.08503933292563655
0.08503231145300436
0.08503196477424992
0.0850383026055688
0.08505133569047255
0.08507107580258702
0.08509753575952672
0.08513072943846062
0.08517067179235116
0.08521737887418035
0.08527086785957264
0.08533115707608455
0.08539826603712147
0.0854722154792616
0.08555302739791082
0.08564072510292753
0.0857353332567167
0.0858368779353077
0.08594538668838604
0.08606088860157825
0.08618341436956112
0.0863129963727928
0.0864496687565782
0.0865934675314868
0.08674443066616613
0.0869025981737694
0.08706801229807631
0.08724071751435766
0.08742076080778208
0.08760819171308126
0.08780306255174844
0.08800542848406145
0.08821534797954014
nan
nan
nan
nan
nan
nan
nan
nan
nan
nan
nan
nan
nan
nan
nan
nan
nan
nan
nan
0.09357320043072015
0.09322473724463737
0.09288468785830145
0.09255291381740155
0.09222929488233426
0.09191371528626022
0.09160606984481495
0.09130626068269451
0.09101419701223303
0.09072979447564589
0.09045297461786392
0.09018366434190403
0.0899217954831956
0.08966730377116033
0.08942012305396074
0.08918019355908968
0.08894752640539585
0.0887219978403597
0.08850358551431807
0.08829225070030713
0.08808795490864488
0.08789066184046365
0.08770033784127694
0.08751695193449799
0.08734047523099073
0.08717088102336434
0.08700814483936324
0.08685224398079804
0.08670315782660126
0.08656086740240385
0.08642535556731872
0.08629660676390952
0.086174607050892
0.08605934399603195
0.08595080662588042
0.08584898538418222
0.08575387206662818
0.08566545978487963
0.08558374292253998
0.08550871709441249
0.08544037911658658
0.0853787269671139
0.08532375976710621
0.08527547774745647
0.0852338822326617
0.08519897561980433
0.08517076136155123
0.08514924395578016
0.08513442893430384
0.08512632285689667
0.08512493330488316
0.08513026888504734
0.0851423392330403
0.08516115501293009
0.08518672792945814
0.0852190707396106
0.08525819726800414
0.08530412242418414
0.08535686222530814
0.08541643382563524
0.08548285553805429
0.08555614687270038
0.08563632857284814
0.08572342265384261
0.08581745245071262
0.08591844267035037
0.0860264194353034
0.08614141035853731
0.08626344459407567
0.08639255292007694
0.08652876779627025
0.08667212348604961
0.08682265607523457
0.08698040367273029
0.08714540638625443
0.0873177065981774
0.08749734888779413
0.0876843803671851
0.08787885077065324
0.08808081238004549
0.08829032061471276
0.08850743408037726
0.08873221425585666
0.08896472680539408
0.08920502838582253
0.08945322757876369
0.08970937336627512
0.08997354880092018
0.09024584741013515
0.09052636175372178
0.09081519104934012
0.09111244124264542
0.09141822544001019
0.0917326648281113
nan
nan
nan
nan
nan
nan
0.09398411122367173
0.0936240068320743
0.09327283922116086
0.0929304275566569
0.09259666034905967
0.09227135146954327
0.09195438406684038
0.0916456382915886
0.09134500166026008
0.09105237012411152
0.09076764706292428
0.09049074259804538
0.09022157309704673
0.08996006059712819
0.08970613139704423
0.08945971740560232
0.08922138334916933
0.08898926358312129
0.08876499793858943
0.08854806392040215
0.08833837358232885
0.0881358806262143
0.08794054359006154
0.0877523236050746
0.087571185124869
0.08739709486735013
0.08723002201981286
0.0870699382378478
0.08691681720207348
0.08677063484383671
0.0866313689640456
0.08649899938245074
0.08637350765032314
0.08625487710600732
0.08614309274188661
0.08603814115329386
0.08594001047324779
0.0858486903177787
0.08576417173171731
0.08568644713564404
0.0856155102891237
0.08555135624583345
0.08549398131737956
0.08544338303918342
0.08539956014366964
0.08536251253414981
0.08533224125999034
0.08530874849836692
0.08529203754050849
0.08528211277747558
0.08527897968893466
0.08528264484165249
0.08529311588824022
0.08531040156207362
0.08533451168296116
0.08536545716599689
0.0854032500321007
0.08544790342017382
0.08549943160465406
0.08555785002012806
0.08562317528209604
0.0856954252155476
0.08577461889019529
0.08586077665198487
0.08595392016867215
0.08605407246882855
0.08616125799414989
0.086275502654719
0.08639683388234522
0.08652528069969453
0.0866608737881663
0.08680364558079984
0.08695363025715519
0.08711086405412377
0.08727538497916797
0.08744723342257166
0.08762645174283261
0.08781308479565542
0.08800717980224916
0.08820878688141087
0.08841795819951259
0.088634749679882
0.08885921683758816
0.08909139350868707
0.08933153249652606
0.08957936917001096
0.08983521161916108
0.09009908771556718
0.0903710769829659
0.09065126729187992
0.09093975252729877
0.09123663289634455
0.0915420153671117
0.09185601438348782
0.09217875259830409
0.09251036198041906
0.0928509833784659
0.09320077048068792
0.09355988955432655
0.09392852320383044
0.09458893871579797
0.09420998100032921
0.09384085011437224
0.0934813567360646
0.0931312995038501
0.09279045065350378
0.09245875566991835
0.09213591700235732
0.09182182748634976
0.09151634489519109
0.09121933710832797
0.09093068170183703
0.0906502644306457
0.09037797989909815
0.09011372929615821
0.08985741966327541
0.08960896202885188
0.0893683987261673
0.08913483546288643
0.08891000365719481
0.08869230577552331
0.08848205908588455
0.08827927101221908
0.08808388856500654
0.08789586269994029
0.08771514831690039
0.08754170335981179
0.08737548881170742
0.08721646874849254
0.0870646096093877
0.08691988084091964
0.08678225334055772
0.0866517016219793
0.08652820142134521
0.08641173082932746
0.0863022698965435
0.08619980055529264
0.08610430654235729
0.08601577332614664
0.08593418803637168
0.08585953939891389
0.0857918176827916
0.0857310146456296
0.08567712348325658
0.0856301387890117
0.0855900565162275
0.08555687394037237
0.08553058963079319
0.08551120342397245
0.08549871640157673
0.08549313086884204
0.08549445034354192
0.0855026795501568
0.08551782440260634
0.08553989200482631
0.08556889065276513
0.08560482983426078
0.0856477202429243
0.08569757378109644
0.08575440358309136
0.08581822402565994
0.08588905075980871
0.08596690072531978
0.0860517921932434
0.0861437447920187
0.0862427795490332
0.08634891893521848
0.08646218691147645
0.08658260898056411
0.08671021223724931
0.08684502551748266
0.08698707912222983
0.08713640561693287
0.08729303898761259
0.08745701556856467
0.08762837344029606
0.08780715306530945
0.0879933971834171
0.08818715059367882
0.08838846072087242
0.08859737742170017
0.08881395382026613
0.08903826908868387
0.08927093241629439
0.08951031547328972
0.0897581208831173
0.09001391749427747
0.09027777011468793
0.09054975723241535
0.09082996271764215
0.09111847628643396
0.09141539374942184
0.09172081741641488
0.09203485670649071
0.0923576285365348
0.09268926662104163
0.09302988345312177
0.09337964838651422
0.09373871307786022
0.09410724791093461
0.09539569101672385
0.09499324337265075
0.09459905578006647
0.09421532102760727
0.09384207043920167
0.09347916711113874
0.09312640795443128
0.09278342286483895
0.09245049713122373
0.09212691187724817
0.09181266577689884
0.09150758093107567
0.0912114946396137
0.09092425704275461
0.09064572438099927
0.090375769703947
0.09011426978759371
0.08986110990343182
0.0896161771822515
0.08937915223066364
0.0891565310030478
0.08893032221802388
0.08871722754304863
0.08851216650735494
0.08831486368905887
0.08812525003569618
0.08794326378319556
0.0877688492377258
0.08760195484332249
0.08744253291282761
0.08729053919797913
0.08714593276543765
0.0870086757342183
0.08687873176359669
0.08675607237870442
0.08664066402286624
0.08653248093758635
0.08643149804042868
0.08633769261289556
0.0862510440535881
0.08617153377802961
0.08609914512891674
0.08603386330656214
0.08597567529273897
0.08592456978109794
0.0858805371249843
0.08584356927904044
0.08581365975255378
0.08579080356629856
0.08577499721516021
0.08576623863307725
0.08576452716484353
0.08576986355803555
0.08578224992262104
0.0858016897269206
0.0858281877874339
0.08586175026407367
0.08590238465305366
0.08595009979885056
0.0860049058926351
0.08606681448612438
0.08613583850991514
0.08621199228410736
0.08629529155324425
0.08638575350343995
0.08648339679894623
0.08658824162349535
0.08670030970379183
0.08681962433495587
0.08694621053318402
0.08708009508980562
0.08722130642811801
0.0873698747329683
0.08752583234906483
0.08768921331231322
0.08786005388560539
0.08803839241137887
0.08822426889970328
0.08841772599123751
0.08861880668947981
0.08882753385159789
0.08904382566292221
0.0892700455588363
0.0895006617621477
0.08974062386255054
0.08998859538893583
0.09024461100670611
0.09050873869230111
0.09078105355013322
0.09106163680783057
0.0913505754175087
0.09164796224125141
0.09195389656851441
0.09226848446234795
0.0925918421812041
0.09292408654487813
0.09326534865845229
0.0936157861953024
0.09397553294969763
0.09434477084383364
0.09650167662503148
0.09582727040701744
0.09554505611663731
0.09514009135247312
0.09473912631487158
0.09434776033106282
0.09396727455161544
0.09359784370008875
0.09323936778859906
0.09289093981446317
0.09255449041960882
0.09222753816759319
0.09191069231559928
0.0916037040460812
0.09130637180214914
0.09101850865985406
0.09073993824452872
0.0904705012950564
0.09021004483444583
0.08995842699099078
0.08971551218169119
0.08948121142172197
0.08925597175498501
0.08903718522571799
0.08882903923995945
0.08862800969373161
0.08843510359248827
0.08825024352300323
0.08807334232890845
0.08790432938057602
0.08774314035432187
0.08758971611468327
0.0874440017902646
0.08730594673429723
0.08717550398616963
0.08705263012931083
0.08693728528975952
0.08682942558426446
0.08672903549546684
0.0866360660712854
0.08655049465301509
0.0864722948409885
0.08640144295313965
0.08633791754906099
0.08628169936505997
0.0862327712292243
0.08619111797596701
0.08615672637360647
0.0861295850573367
0.08610968446944411
0.08609701679843183
0.08609157593884761
0.08609335746351862
0.08610235856274365
0.08611857802976955
0.08614201623331214
0.08617267510038751
0.08621055810185008
0.08625567024137495
0.08630801805734456
0.08636760961476854
0.08643445452145031
0.08650856392880318
0.08658995055639751
0.08667862865141267
0.08677461473196228
0.08687792198787025
0.08698857875525409
0.08710659837842763
0.08723200562021352
0.08736482496851068
0.08750508257128298
0.0876528067083174
0.08780802726703356
0.0879707762341119
0.08814108740916904
0.08831899569127094
0.08850453712770091
0.08869774110472925
0.08889855676707678
0.08910711330951779
0.08932446010269893
0.08954880131111216
0.08978110491475505
0.09002143954939847
0.0902698454087066
0.09052638136082461
0.0907911156511977
0.09106412273918488
0.09134548279459118
0.09163528154222769
0.09193361078434034
0.09224056921245777
0.09255626144900445
0.09288079943723475
0.09321430525394933
0.09355691609347533
0.09390877521723093
0.09427004294052987
0.0946408972686654
0.09782449872539012
0.09732388496569372
0.09685105856967999
0.09642141990233018
0.0960952079943411
0.09538912640061208
0.0949861501613036
0.09458723721783308
0.09419801212546983
0.09382001908647933
0.09345362469246088
0.0930988969788615
0.09275546869493467
0.09242300026638903
0.0921017338013517
0.09179102438163726
0.09149073723763286
0.09120064563497214
0.09092054992128261
0.09065020564620864
0.0903894752648176
0.09013816751589106
0.0898961199028483
0.08966317815343859
0.08943916279826503
0.08922335248946564
0.08902684169141292
0.08882033622922797
0.08863105541353913
0.08845023110005319
0.08827773421521865
0.08811349249955241
0.08795742472217954
0.08780945726420118
0.08766952242009451
0.08753755779267444
0.08741350564128941
0.0872973125661421
0.08718892921243128
0.0870883099863366
0.08699541302330938
0.08691019885126161
0.08683262853061025
0.08676268145272982
0.0867003165843421
0.08664551007886351
0.0865982376143021
0.08655847728641891
0.08652620949799245
0.08650141691042051
0.0864840843646269
0.0864741988112227
0.08647174925681272
0.08647672668354463
0.08648912400755068
0.08650893603765575
0.08653615943736573
0.08657079269724466
0.08661283610165404
0.0866622916638358
0.08671916322922585
0.0867834562723618
0.08685517496382697
0.0869343370729368
0.08702094723517506
0.08711501822254858
0.08721656522937324
0.0873256045412228
0.08744215431581734
0.08756623451642666
0.08769786692541248
0.0878370753035399
0.08798388499192208
0.08813832305560518
0.08830041765017993
0.08847019598049867
0.08864767776220808
0.08883293906001324
0.08902590034968502
0.08923032011933921
0.08943673412138979
0.08965325089794965
0.08987799393153088
0.09011082840596629
0.09035179278731431
0.09060094281796223
0.09085834211099246
0.09112406082482788
0.0913981741067148
0.09168076282535254
0.09197191394146276
0.09227172157861793
0.09258027683252257
0.09289769710083429
0.09322410919178818
0.09355963073170434
0.09390440779948935
0.09425860884639461
0.09462243272540757
0.09499617604269237
0.09950895485985387
0.09892047289227526
0.09835560157431128
0.09785462951557469
0.09732245600035438
0.09684590193928203
0.09641090496600968
0.09570741421907504
0.09531301585104737
0.09491242941108557
0.09451614252636535
0.09412936609418122
0.09375400584700423
0.09339066279211344
0.09303998121997359
0.09270050610477057
0.0923731429902045
0.09205736202590165
0.09175282202878324
0.09145929013156773
0.09117650937086394
0.09090422672333905
0.09064225203316209
0.09039034907611553
0.09014832869087096
0.08991600871122407
0.0896932182252688
0.0894797916541535
0.08927546004427372
0.08908084654184534
0.08889469185472929
0.08871775122924994
0.08854898601117359
0.08838913305235072
0.08823783557958176
0.08809501309194943
0.08796058191723244
0.08783446575335871
0.08771659445501784
0.08760690329097419
0.08750533245754416
0.08741182671648308
0.08732633509354604
0.08724881060293596
0.08717921002462448
0.08711749368716876
0.08706362527873096
0.08701757168151289
0.08697930281311828
0.086948791469598
0.08692601322630791
0.08691094628990345
0.08690357143068814
0.08690387188322757
0.08691183323105584
0.08692744359635571
0.08695069324083742
0.08698157396585332
0.08702008111195703
0.08706621079394013
0.08711996191913202
0.08718133526208094
0.0872503336329002
0.08732696187497543
0.08741122684378773
0.08750313738671531
0.0876027043527521
0.08770994058227415
0.08782486076712158
0.08794748157634066
0.08807782120955109
0.08821589923723178
0.08836173528478179
0.0885153462107919
0.08867674212330907
0.08884576291439561
0.0890220019654567
0.0892093232976919
0.0894027086461143
0.08960347315610326
0.08981256403303595
0.09002980553748118
0.09025522306218198
0.09048886320080257
0.09073078152117726
0.09098103947527372
0.0912397049105294
0.09150685044112666
0.09178255445015324
0.09206690175054569
0.09235998402079107
0.09266199012353327
0.09297276257692141
0.09329266703810035
0.09362179087186767
0.09396027283210166
0.09430831268608195
0.09466619545932185
0.09503442703498355
0.09541496513317335
0.1018573501431195
0.10099814592864118
0.10029567536315495
0.09963945300275961
0.09904871312342989
0.0984430202891328
0.09786742155710303
0.09738821619936007
0.09691621698798511
0.0964566026283346
0.09614406596952309
0.09531487382771646
0.09490240164919994
0.09450920170671365
0.09412578413120934
0.09375391754061055
0.09339418745833528
0.09304788933501489
0.0927135704580754
0.09239165663421998
0.09208203396421503
0.091784233008101
0.09149799765580638
0.09122306178456784
0.09095916198988707
0.09070604863897984
0.09046350282521545
0.09023129940412503
0.09000923904617676
0.08979713345434333
0.08959480835016242
0.08940209865329522
0.0892188967568405
0.08904469017510816
0.08888366143810872
0.08872515533670808
0.08857819093483535
0.08844043632109178
0.088311439813261
0.0881911336176911
0.08807943331511436
0.08797626129713193
0.08788154626639008
0.0877952224623076
0.0877172292429078
0.08764751071444968
0.08758601542672582
0.08753269611295067
0.08748750945361655
0.08745041586730429
0.08742137931833212
0.08740036715063287
0.08738734995332706
0.08738230140742896
0.0873851981624947
0.08739601973799262
0.08741474842363911
0.08744136919340507
0.08747586963068558
0.08751823985923027
0.08756847248291261
0.08762656253492587
0.0876925074219796
0.08776630686962433
0.08784796287720262
0.08793747963503026
0.08803486335538169
0.08814012210904594
0.08825326529350486
0.0883743021804545
0.08850323965190945
0.0886400316330524
0.08878472760384945
0.08893799780362709
0.08910588462733346
0.089268587135196
0.0894457684733041
0.08963073262262967
0.08982397202108286
0.09002543992761419
0.09023516825706021
0.09045320057452286
0.09067958738455237
0.09091439329367026
0.09115765319392075
0.09140946169187303
0.09166988146510474
0.09193899164541403
0.09221687846719853
0.09250363038201126
0.09279932451159194
0.09310415544042522
0.0934182350472158
0.09374168387109552
0.09407473174157926
0.0944176755355767
0.09477102506268666
0.09513616742089481
0.09551711080007108
0.095915153291177
nan
0.10346034957670562
0.10175101358222952
0.1018786318061165
0.10125292774097322
0.10050055131988195
0.09981442228915974
0.09917663788562947
0.09857400050333827
0.09800940094211641
0.0974589542492371
0.09700151233424684
0.09653577261367803
0.09564799127040832
0.09548033260679417
0.09494647469600519
0.0945541028940992
0.09417502086976601
0.09380788260088456
0.09345241883358693
0.09311223853871392
0.09278411692850051
0.09246892749352428
0.09216625983059014
0.0918761443115226
0.09159813796295235
0.09133195590174231
0.0910773186563906
0.0908339739614757
0.0906016336671544
0.09038009883833088
0.09016913567797083
0.08996854917798829
0.08977814064148323
0.08959773744984129
0.08942717601779121
0.08926630441678343
0.0891149903899974
0.08897299402919098
0.08884032136801877
0.0887170857621037
0.08860277298293384
0.08849743508091935
0.08840098902786571
0.08831335789647823
0.08823446647557937
0.08816424409304306
0.08810262548969972
0.08804955066570697
0.08800496450695526
0.08796881650046356
0.08794106047760764
0.08792165441053557
0.08791056019406131
0.08790774346518494
0.08791317344444158
0.08792682279090153
0.08794866746540347
0.0879786866093546
0.0880168624276458
0.08806318005605326
0.08811762746676122
0.08818019522073144
0.08825087626063347
0.08832966582302237
0.08841655865181583
0.08851155663057853
0.0886146845814676
0.08872597616249123
0.08884549676397374
0.08897660336074097
0.08911035478314577
0.08925384364240999
0.08940564163309334
0.0895660059392549
0.08973466290148063
0.08991164376773425
0.09009697778481585
0.0902907013599662
0.0904928567588955
0.09070349141964952
0.0909226623634426
0.09115040706258874
0.09138681074571021
0.09163193368454134
0.09188585158204701
0.09214864870833005
0.09242042467730285
0.09270144068348728
0.09299137993990016
0.09329066179928261
0.09359957602167633
0.09391823257419271
0.09424698271636733
0.09458643078384468
0.09493777266229353
0.09530558431340402
0.09570401498512174
0.09604132455230278
0.0963460560206559
nan
nan
nan
0.1041215173369049
0.10547997378424775
0.10252829050597184
0.10643050020725134
0.10183874551199878
0.10072757340118152
0.10001111003337947
0.09934297704780254
0.09872713688932734
0.09815275199391807
0.09761177108011705
0.09724570547005446
0.09665087367247158
0.09558992494762106
0.09581095073702864
0.09505481264497986
0.09464336624854465
0.09426827593875135
0.09390724326190744
0.09355740258697517
0.09322527250448918
0.09290446348991724
0.09259716123148456
0.09230244998547993
0.0920218481864763
0.09175332046331866
0.09149710887891596
0.0912529235192482
0.09102046962416808
0.09079951881502892
0.09058978404938503
0.09039103017862934
0.09020304835628919
0.09002563553942444
0.08985860157389033
0.08970177228035017
0.08955498519547504
0.08941808986508314
0.08929094690749181
0.08917342712390845
0.0890654113206174
0.08896678796149526
0.08887745374786538
0.08879731581631775
0.08872629055909927
0.08866428651331276
0.0886112376117151
0.08856707303810749
0.08853172989658072
0.08850515055509886
0.08848728231429473
0.08847807725716478
0.0884774919719681
0.0884854869887999
0.08850202603228371
0.08852707657473195
0.08856062117049548
0.08860263457183853
0.0886529725818748
0.08871198312019507
0.08877826649930093
0.08885588727852325
0.08893957393536409
0.08903235537226192
0.08913310429085053
0.08924233395103053
0.08936006358756143
0.08948624601206247
0.08962088087256324
0.08976398068348646
0.0899155668836418
0.090075665158461
0.09024430380527715
0.09042151960361584
0.0906073483310809
0.09080183168230546
0.09100501380856912
0.09121696726203693
0.09143773239302483
0.09166738156790233
0.09190598887022329
0.09215363718941169
0.0924104330371899
0.0926764760639879
0.0929518162182757
0.09323675261754946
0.0935315531040831
0.09383630330639209
0.09415152025142864
0.09447797379314837
0.09481728015350546
0.09517383137480889
0.09557308029009254
0.0959348622803359
0.09593754541102872
0.0965286227449827
0.0969544095916803
nan
nan
nan
nan
nan
0.10681235285413561
nan
0.10482358384831153
0.10377225964058172
0.1022353465468559
0.10182111317210324
0.10093589312620659
0.1002059827981604
0.0995289292590851
0.09887906473228159
0.09830386060254487
0.09775529233342642
0.097242919800761
0.09678140946785652
0.0962468627914658
0.09565177002372405
0.09546849129904472
0.09477913542937529
0.0944004285157847
0.09404601366034283
0.09370700163517288
0.09338089676353725
0.09306927219938876
0.09277155065725701
0.0924875066186809
0.09221657809972589
0.09195927209691232
0.09171450583797269
0.09148220914759997
0.09126208777108595
0.09105384558277421
0.09085728066024462
0.0906721050320761
0.09049805108999746
0.09033494068331824
0.09018257255482537
0.09004076149819938
0.08990933593016706
0.08978813736998836
0.08967701910518155
0.08957584538719177
0.08948449068107632
0.08940283897509024
0.08933078312134464
0.08926822424519025
0.08921507124476911
0.08917124027271733
0.08913665436499624
0.08911124313152145
0.08909494228300008
0.08908769350495019
0.08908944419163459
0.08910014695635216
0.08911975936614683
0.08914824442189107
0.08918557006099155
0.08923170644100095
0.0892866296557015
0.08935032004081209
0.08942276215216355
0.08950394371921219
0.08959385758395774
0.08969250016079305
0.08979987228798524
0.08991597883708868
0.09004082891113321
0.09017443782371569
0.0903168171553996
0.09046799631365963
0.09062800020576652
0.09079685911975326
0.09097461299313117
0.09116130244412735
0.09135698434236258
0.09156171153009032
0.09177555019245279
0.09199857302118372
0.09223088254880224
0.09247248652465437
0.09272382360154058
0.09298483393441212
0.09325543470210754
0.0935361005080933
0.09382741524509078
0.09412982682671761
0.09444444638337354
0.0947737189132851
0.09512500564109755
0.09554551462168787
0.09602125997341937
0.09596355432186449
0.09628524441404865
0.09677344181610913
0.09719211045840684
0.09760819387820778
nan
nan
nan
nan
nan
nan
nan
nan
nan
nan
0.10491844737465451
0.10375299105272967
0.10263226062578645
0.10156571128226455
0.10111613978976738
0.10076876861886883
0.0996862193721596
0.09904991943985242
0.09845551386749725
0.09790323614802529
0.09738487413780023
0.09690006599299777
0.0964346367390724
0.09558721146280474
0.09554500378223374
0.09502795809944165
0.09457214476948039
0.09422138559161822
0.09389137425458935
0.0935759103421963
0.09327536543564982
0.0929890937171958
0.09271691253606325
0.09245854868767472
0.09221371598004154
0.09198204674137403
0.09176329472970046
0.09155712181272023
0.09136323879972111
0.09118136899212495
0.09101121575975799
0.09085271068729758
0.09070544946590388
0.090569242973412
0.0904439440580773
0.09032936779652895
0.09022534879551072
0.09013173477069221
0.09004838524558934
0.08997517066809066
0.0899119716657969
0.08985867835344888
0.08981518977159754
0.08978141335409495
0.08975726443974141
0.089742665880161
0.08973754763597708
0.08974184644862228
0.08975550552457054
0.08977847424981267
0.08981070793140912
0.08985216756498891
0.0899028196425113
0.08996263599677941
0.09003159375479745
0.09010967750710125
0.09019686600249248
0.0902931609230324
0.09039855618152298
0.09051305478018448
0.09063666510909531
0.09076940480136667
0.09091123461874706
0.09106230579728328
0.09122256005029902
0.09139204987665267
0.0915708271045884
0.091758944511843
0.09195648626516954
0.09216350720883917
0.0923801186562817
0.09260655669693865
0.09284274918822649
0.09308926999605455
0.09334527981991524
0.09361277178783402
0.093891265439069
0.09418195685868674
0.09448671802509954
0.09481000479834675
0.095167827220977
0.09590281987231578
0.09587282784418397
0.09595485572640162
0.09611058426786846
0.09664721637619106
0.09706294587155889
0.09748359945898054
0.09791444552252618
0.09831864690162898
nan
nan
nan
nan
nan
nan
nan
nan
nan
nan
nan
nan
nan
nan
0.10411839458764618
0.10292719568437873
0.10213586219819853
0.10214619832445967
0.10058628926036739
0.0999215256289496
0.0989111904767701
0.09859848992256426
0.0980478106169516
0.09752787727955758
0.0970440171684642
0.09658315251110161
0.09573157102303825
0.09549171134005957
0.09553080219685955
0.09480947144933022
0.09443398407323694
0.09411217388187734
0.09380904190835818
0.0935215237188346
0.09324874906157411
0.09299044149336617
0.09274632645756772
0.09251610517472242
0.09229946935345096
0.09209610188880998
0.09190568614362021
0.0917279364340678
0.09156256625245995
0.09140931251386387
0.09126792882061319
0.09113818553108347
0.0910198716474113
0.09091279361749921
0.09081683374537755
0.09073165998127555
0.09065724732034702
0.0905934218099029
0.09054005393167062
0.09049702332238371
0.09046422010460853
0.09044154409459457
0.09042890428345504
0.09042621830989862
0.09043341205688281
0.0904504192936867
0.09047718134337102
0.09051364683868703
0.09055977150628647
0.09061551801979474
0.09068085609208609
0.09075577573225745
0.09084019656598141
0.09093387297391708
0.09103766714493403
0.09115073535932108
0.09127334059508252
0.09140550682950026
0.09154726317002526
0.09169864344760215
0.09185969494639848
0.09203047424534123
0.09221104659066778
0.09240217756016576
0.09260213984268602
0.09281280283969144
0.09303382577301075
0.0932653922095068
0.0935084297670316
0.0937625835326994
0.09402947286030357
0.09431075315265684
0.09461034189207557
0.09494026358321334
0.09540973780431755
0.09587350853678742
0.09591007654719381
0.09589465338399047
0.0958814441501253
0.09657439493777481
0.09701150895001835
0.09742060358354122
0.09794325732899692
0.09823565758749182
0.09866490449319454
0.09909992451748739
nan
nan
nan
nan
nan
nan
nan
nan
nan
nan
nan
nan
nan
nan
nan
nan
nan
0.10415895092470248
0.10312086337318901
0.10222325521500611
0.10144469635565648
0.10071422535277486
0.10000235476857042
0.09935178658785826
0.09873849113899558
0.09820095872096361
0.09766904496617337
0.09719693465842075
0.09674385358767926
0.09630091847011724
0.09554971622091973
0.09539506918612498
0.09550917847026714
0.09470074828633565
0.09437170867247989
0.09408093235331536
0.09380836706629456
0.09355126915647693
0.09330901896457133
0.09308129608627014
0.09286780591607896
0.0926682421148052
0.09248229149734334
0.09230964753093536
0.09215001184822874
0.09200310161117006
0.09186865083523973
0.09174641090015401
0.09163615073925001
0.09153765631059758
0.09145072990059877
0.09137518932995531
0.09131086711540673
0.09125760966590443
0.09121527659743411
0.09118373992532845
0.09116288364264785
0.09115260375801479
0.09115280501565715
0.09116340313246654
0.09118432496250073
0.09121550381144107
0.09125688317453501
0.0913084155431009
0.09137006220368661
0.09144179352704632
0.09152358893209739
0.0916154372464006
0.09171733708658314
0.09182929730107779
0.09195133753088533
0.09208348946778064
0.09222561965404426
0.09237842223800355
0.0925413071094006
0.09271462679253614
0.09289855897496978
0.09309330943955552
0.09329927094439071
0.09351871985755661
0.09374616540208694
0.09398942880578481
0.09424799255429367
0.09452658595533778
0.09483879502374236
0.09530060767041318
0.09584684817607136
0.09580821936544595
0.09584012699347161
0.09586541853508085
0.09598583910187765
0.09657366640840839
0.09701403822942661
0.09742064534969061
0.09766483752597749
0.09821824327862928
0.09863689949596362
0.09905936569976836
0.09950654922610648
0.09996605429757867
nan
nan
nan
nan
nan
nan
nan
nan
nan
nan
nan
nan
nan
nan
nan
nan
nan
nan
nan
nan
0.10449853532387399
0.10321706478073306
0.1022681618849315
0.10164558532490754
0.1008244618810262
0.10011648300066392
0.09947416958850243
0.09882674877582236
0.09833481126916854
0.09782894790105412
0.0973579693558763
0.09692226784356968
0.09650549683103565
0.09608761946130012
0.09551978792647639
0.09542690320786482
0.09519080557445622
0.09468335874784019
0.09439463645756488
0.09413816293007446
0.09389903496600885
0.09367524680731884
0.09346628646041027
0.09327184312779484
0.09309162747829058
0.09292534313936465
0.09277269058174166
0.0926333783825391
0.09250712728421792
0.09239367406279683
0.09229277257458526
0.09220419452103318
0.09212772912945649
0.09206318278169011
0.09201037828601438
0.09196915424026456
0.09193936408238285
0.09192087613615577
0.09191357164559048
0.0919173459764201
0.09193210662440482
0.09195777371311781
0.09199428343861438
0.09204154843729888
0.09209963351777542
0.0921683723753037
0.09224781698095483
0.09233796724479118
0.09243883334885875
0.09255045436542804
0.09267287543585272
0.0928062296054609
0.09295060871539677
0.09310620786924718
0.09327329118793994
0.09345221975385871
0.09364342448131838
0.09384794985760556
0.09406797941513463
0.09430573322397572
0.09456888505398545
0.09488456727884775
0.09561853574613324
0.09573085082610171
0.09576212393736899
0.09577750577357469
0.095795215247852
0.0958343721255183
0.09597140470980586
0.09666712510902101
0.09708959753326452
0.09755310622050122
0.0978616622695756
0.09826146200693961
0.0986700125448402
0.09907985184656365
0.09951877615173857
0.09997170539961643
0.10043634111210333
0.10092461982429596
nan
nan
nan
nan
nan
nan
nan
nan
nan
nan
nan
nan
nan
nan
nan
nan
nan
nan
nan
nan
nan
nan
nan
0.10436718935814394
0.10339096699327249
0.10229684902111064
0.10168429449533317
0.10090103415311441
0.10021792097412535
0.09957763084957753
0.09901195372769447
0.09848580616978135
0.0979920457703021
0.09753545690786403
0.0971117340671338
0.0967167832811915
0.09634722633745225
0.09598692113463515
0.09519850852455375
0.09519689893020708
0.0954851118539259
0.09476577098122595
0.09451478104865632
0.09429579364356716
0.09409328508787662
0.09390583912534944
0.09373310473632852
0.09357483098016661
0.09343076645863468
0.09330064276176644
0.09318418833784167
0.0930811390429741
0.09299124388293398
0.09291426816836174
0.09284999537013577
0.09279822746731431
0.09275878487407895
0.09273150645296639
0.0927162494544583
0.09271288899215752
0.09272131801275812
0.09274144777712248
0.09277320858645509
0.09281655013673232
0.09287144356233046
0.09293788447440447
0.09301589737242966
0.09310554029615652
0.09320691484761277
0.09332019087218313
0.0934456045378306
0.0935835307092469
0.0937345981569557
0.09389938105616652
0.09407985224868157
0.09427975542973155
0.0945051245668524
0.09478146538792634
0.09560839801559064
0.09565041649589304
0.09566492476408653
0.0956858451205843
0.09570650211100151
0.09572740191672241
0.09574589383104876
0.09580274170936916
0.09632251521570923
0.09684715728093071
0.0972908524153048
0.0975998982426505
0.09798038610846459
0.09836657297879066
0.09876462569404698
0.09916781994418827
0.09962015605556862
0.10003673728748813
0.1004963879231959
0.10089255506960798
0.10157149712065106
0.1019592559919737
nan
nan
nan
nan
nan
nan
nan
nan
nan
nan
nan
nan
nan
nan
nan
nan
nan
nan
nan
nan
nan
nan
nan
nan
nan
nan
0.10431643458875231
0.10334689186162416
0.10234209978324632
0.1017475582318707
0.10096534672675447
0.1002953712036968
0.09970704490569232
0.09915283252159722
0.09864895289018766
0.09817380875638038
0.09774000877135275
0.09733636155435094
0.09696258691766621
0.09661583998530038
0.09629428765256806
0.09599537246716464
0.09570563519012751
0.09509604512124739
0.09506127097159925
0.09493271074831763
0.09474578257983685
0.09456844658643747
0.09440640341298126
0.0942589169739772
0.09412587572991274
0.09400721837924822
0.09390278905680569
0.09381238334261983
0.09373578550489747
0.09367278367220433
0.09362318285649428
0.09358680424088175
0.09356349573328132
0.0935531322140293
0.09355561686422811
0.09357088649534667
0.09359891784496183
0.09363973639926051
0.09369342753335635
0.09376015837431274
0.09384022723966566
0.09393410672750363
0.09404261125605082
0.09416717985434499
0.09431161234052934
0.09447788083005067
0.09468774126492488
0.09574955036806368
0.09548950305591569
0.09555400911525472
0.09556999096291749
0.09559099476017678
0.0956115491023644
0.09563291406422719
0.09565416302390625
0.09567680134029716
0.09569904111936588
0.09551391014212396
0.09673340781205897
0.09707733073962732
0.09744722740670092
0.0978027411946708
0.09816376550813674
0.09853639973487857
0.09895684195213647
0.09931121507230162
0.09973447250082186
0.10016536916648833
0.1006170734316616
0.10108052013118002
0.10250687344469961
0.1019257389019595
0.10200050258022333
0.10322325033648737
nan
nan
nan
nan
nan
nan
nan
nan
nan
nan
nan
nan
nan
nan
nan
nan
nan
nan
nan
nan
nan
nan
nan
nan
nan
nan
nan
nan
0.10564312139866987
0.10424539642160427
0.1033317810830547
0.1023924505946125
0.10177597680729433
0.10102658665453285
0.10041075541970367
0.09983714324087313
0.09931246764964788
0.09880325296486653
0.09838891169240305
0.09797920476122254
0.09760213533618073
0.09725362444854
0.09693225028344013
0.09663600409093465
0.09636340276344099
0.09611327976962107
0.09588482327198762
0.0956773822830464
0.095492619681282
0.09538333338744201
0.0951211849666572
0.09497506296211017
0.09486680649718782
0.09476466454460993
0.09467638487628584
0.09460338877615185
0.09454444013942731
0.09450067634440737
0.0944717868370913
0.0944577135538777
0.0944588496547958
0.09447574955833507
0.09450938332432535
0.09456146460542336
0.09463643140785477
0.09474795008496209
0.0950583730162238
0.09532046421435125
0.09538507467568103
0.09541416147069853
0.09544180344053631
0.09545503772246995
0.09547646407465304
0.09549614859237798
0.09551631388785799
0.09553700561003553
0.09555771390369541
0.09557952814699104
0.09559482686064275
0.09562678778182805
0.09640302723379982
0.09677393976709442
0.0970996627742389
0.0974179476860974
0.09774140408397117
0.09807226996044546
0.0984164085807385
0.09877382201654158
0.09912683176769095
0.09953160560825958
0.09993501899002671
0.10036034697331642
0.10080656459335842
0.1012986929271137
0.10417496692035504
0.10206155044888443
0.10698151665394912
0.10868611583864458
0.10455849291032468
0.10701318852805677
nan
nan
nan
nan
nan
nan
nan
nan
nan
nan
nan
nan
nan
nan
nan
nan
nan
nan
nan
nan
nan
nan
nan
nan
nan
nan
nan
nan
nan
nan
nan
0.10532251532932599
0.10433361878825814
0.10329992704407338
0.10243972254838601
0.101800165723456
0.10113525624497498
0.10052850806264182
0.09994872047763532
0.09950071281266393
0.09905134760763676
0.09864599864564164
0.09826533764234094
0.0979185950326921
0.09760061075384821
0.09730899332178326
0.09704204720923168
0.09679814487770773
0.0965758835843333
0.09637396956128214
0.09619115677480355
0.09602614119524883
0.09587749239868806
0.09574348441773779
0.0956208934072312
0.09550390013262589
0.0951198796087995
0.09511639798770938
0.09530547775081283
0.09528512828418932
0.09522272301766539
0.09526890185832085
0.09532494735805366
0.09531106469890804
0.09530326426704819
0.09533337028140045
0.09536106853036068
0.09537357119696499
0.09538438014859332
0.09539975966483517
0.09541751014040478
0.09543506683370771
0.09545244460749805
0.09549580729596502
0.09542906566073095
0.09613470833824897
0.09646926473831442
0.09673580497524699
0.09699458970248986
0.09725721013566047
0.09752922056660913
0.09782160534849646
0.09810726193348085
0.09841672864380205
0.09873790784991188
0.09906821991959036
0.09944831407194005
0.09980903618507914
0.10024208895138577
0.10063353573046498
0.10137927578762734
0.10121342196958241
0.10190253618466011
0.10196443636813224
0.10187615110943679
0.10346395530959351
0.10315366606058679
0.10346774368346592
0.10485546114825847
0.10685940500750181
nan
nan
nan
nan
nan
nan
nan
nan
nan
nan
nan
nan
nan
nan
nan
nan
nan
nan
nan
nan
nan
nan
nan
nan
nan
nan
nan
nan
nan
nan
nan
nan
nan
0.10720671727313978
0.10514864810065817
0.10402551819647099
0.10328312308719356
0.102455361168478
0.10185027526570649
0.10123522607428417
0.10068085893664191
0.10018665476956787
0.09975694927403943
0.09932480847487646
0.0989497081208951
0.0986120059808143
0.09829845773532866
0.098014536303662
0.09775652744694835
0.09752263251678947
0.0973112572024169
0.09712109928249871
0.09695091080544194
0.09679956735343308
0.09666602454244731
0.09654930287794089
0.09644847656110016
0.09636267969052344
0.09629112326219853
0.09623307971732586
0.09618802280563563
0.09615566345168537
0.09613600699588319
0.0961295931106518
0.09613743288390075
0.09616082265959924
0.09620138728997235
0.09625965025662456
0.09633719665263607
0.09643179101578987
0.09653902051716551
0.09666356742961585
0.09681054296515243
0.09697893434867838
0.09716511836024273
0.09736735859025178
0.09758399965864721
0.09781140290087952
0.09805141677110141
0.09828710475385602
0.09850642380222363
0.0986968441255448
0.098858341916477
0.099024600118568
0.09928115818537658
0.09991074165441066
0.10043327297940242
0.10064202512603079
0.10118529551602432
0.10231100219731157
0.10208810682344685
0.10251774743054423
0.10306661819027713
0.1036054316865366
0.1041117235355559
0.10510996197714889
nan
nan
nan
0.1072937436807474
nan
nan
nan
nan
nan
nan
nan
nan
nan
nan
nan
nan
nan
nan
nan
nan
nan
nan
nan
nan
nan
nan
nan
nan
nan
nan
nan
nan
nan
nan
nan
nan
nan
nan
nan
nan
0.10472642215433452
0.10495776155195176
0.10406525327164035
0.10328746404199629
0.10253396077050309
0.10194259482792567
0.10138687411914817
0.10089057162193978
0.100438139301958
0.1000316527540555
0.09966347959092264
0.0993292994190659
0.0990270143857866
0.09874955768685151
0.09850843421465853
0.09828705245334056
0.09808926452905467
0.09791354095561236
0.09775862430698604
0.0976234173541776
0.0975070324223935
0.09740840474722709
0.09732703492469671
0.09726224442365847
0.0972135478463978
0.09718057891036766
0.09716311106177758
0.09716101009080023
0.09717426720783243
0.0972029607720046
0.09724723562192694
0.09730727877928258
0.0973829263430137
0.09747526440316623
0.09758341701928254
0.09770770121566821
0.09784915439053118
0.0980066927249029
0.09818075283422381
0.09837126230216253
0.0985863972537116
0.09880666832629245
0.09903986261395181
0.09930019463061016
0.09957588468673421
0.09987015964049906
0.10017758346607147
0.10050278072700009
0.10083761261722998
0.10119476812529615
0.10244286716266753
0.10179434143077104
0.10169042996291616
0.10296121301990022
0.10348051473932693
0.10402044964505841
0.10471835114806621
nan
0.10662201331361659
0.10667069397310283
0.10670774769869697
0.10674571986779949
0.10681711887447534
nan
nan
nan
nan
nan
nan
nan
nan
nan
nan
nan
nan
nan
nan
nan
nan
nan
nan
nan
nan
nan
nan
nan
nan
nan
nan
nan
nan
nan
nan
nan
nan
nan
nan
nan
nan
nan
0.10897091731069991
0.11009678794994232
0.10914895494771729
0.10617090741044716
0.10425912248018826
0.10399932326231234
0.10335441750485191
0.10282595433068509
0.1020952668359177
0.10160459520047285
0.10116277346378913
0.10076509099787881
0.10040604096595437
0.10008352271533885
0.09979383949072157
0.09953435735915844
0.09930279730501612
0.09909719470302006
0.09891587508677785
0.09875569646610315
0.09862117107043478
0.09850466783509519
0.0984080752384226
0.09833037907142733
0.09827093129836173
0.09822920896428647
0.09820481114049545
0.09819744067762462
0.09820690082263486
0.09823308401581568
0.09827596094221253
0.09833557327024801
0.09841201591325355
0.09850562411743205
0.09861644877323823
0.0987551507388092
0.09888379987973361
0.09904552447306533
0.0992262807727104
0.09942415027387583
0.09964235506415035
0.09987389553580775
0.10012622815216579
0.10039112058501831
0.10066786371458902
0.10126479802908343
0.10163455996134248
0.10216097511859715
0.10216486533729104
0.1021144053178471
0.10289087509485328
0.10346704300512227
0.10404838078347368
0.10457287577239335
nan
nan
0.10649377703825957
0.1065394198735562
0.10541035340935882
nan
nan
nan
nan
nan
nan
nan
nan
nan
nan
nan
nan
nan
nan
nan
nan
nan
nan
nan
nan
nan
nan
nan
nan
nan
nan
nan
nan
nan
nan
nan
nan
nan
nan
nan
nan
nan
nan
nan
nan
nan
nan
nan
nan
nan
0.10767509344304488
0.10762452275986321
0.10589249282803237
0.10458573529980793
0.10408550897135396
0.10349893578610317
0.10294879014677277
0.1023257367592803
0.1019083594629457
0.10152835914325903
0.10118578309160431
0.10087917681602798
0.1006060445466928
0.10036383103089791
0.10015039499474725
0.09996376517382548
0.09980230080476224
0.09966458710212875
0.0995492819992147
0.09945549870990852
0.09938241817880869
0.09932922794833605
0.09929539045975824
0.09928046835021398
0.09928417529036776
0.09930618588278589
0.09934645036284687
0.09940478095539615
0.0994812551452044
0.0995758752014671
0.0996886182024716
0.09981946005930417
0.0999679202985197
0.10013197381740212
0.10032061462457569
0.1005133889641584
0.10083056614217667
0.10115084718323833
0.10135630457221251
0.10174859479810083
0.10219447504584112
0.10225623855368196
0.1024874133241232
0.10297255110177136
0.10346020271473322
0.10402259668052737
0.10456668482739898
nan
nan
0.10630699394857714
0.10635810663876369
0.1064077414715665
nan
0.10681749602541137
nan
nan
nan
nan
nan
nan
nan
nan
nan
nan
nan
nan
nan
nan
nan
nan
nan
nan
nan
nan
nan
nan
nan
nan
nan
nan
nan
nan
nan
nan
nan
nan
nan
nan
nan
nan
nan
nan
nan
nan
nan
nan
nan
nan
nan
nan
nan
nan
0.11111815255634913
0.10756834414026041
0.10710736756447473
0.10581391772765528
0.10502337400098144
0.1043140029026636
0.10372833140775026
0.10327713249781989
0.10269550071375384
0.10231328989411678
0.10200710013743464
0.10172634106509817
0.10147616574377029
0.10125638878298367
0.10106562465355837
0.10090228491467984
0.10076501581150274
0.10065256952822803
0.10056304968697051
0.10049652325568474
0.1004519087641652
0.10042861621726461
0.10042615198958917
0.10044449766333324
0.10048312594768971
0.10054280609506203
0.10062168090365767
0.10072175346950282
0.10084278818993225
0.10097984600292567
0.10119896033885176
0.1013480153115313
0.10153225969522595
0.10183550979463954
0.10226216426042023
0.10244811417698543
0.10231422661705877
0.10274732244608105
0.1032194193195973
0.10368793393346012
0.10411295079742092
nan
nan
nan
nan
nan
nan
0.10625656210790613
nan
nan
0.10648348111068587
nan
nan
nan
nan
nan
nan
nan
nan
nan
nan
nan
nan
nan
nan
nan
nan
nan
nan
nan
nan
nan
nan
nan
nan
nan
nan
nan
nan
nan
nan
nan
nan
nan
nan
nan
nan
nan
nan
nan
nan
nan
nan
nan
nan
nan
nan
nan
nan
nan
nan
nan
nan
0.10882452116792252
0.10755004595124099
0.10654242417605642
0.10585643512033957
0.10518404911974916
0.10465236703879374
0.10406905758502652
0.10368105945621411
0.10334060416277824
0.10300867587050684
0.10268554878937411
0.10243146553035348
0.10224101527327811
0.10207994617700047
0.10194612514743728
0.10183905406507748
0.10175793163355057
0.10170207421816793
0.101670824058851
0.1016639441079038
0.10168126075102496
0.10172313507177692
0.1017905924038553
0.1018859726268117
0.10201709038587499
0.10224753997320979
0.10253542817984046
0.10260530121829697
0.10248145213920784
0.1024719775925598
0.10278485183310979
0.10327239850525405
0.10364984565573349
0.10412226089217036
0.10672978881522002
nan
nan
nan
nan
0.10594830722820582
nan
nan
nan
nan
nan
nan
nan
nan
nan
nan
nan
nan
nan
nan
nan
nan
nan
nan
nan
nan
nan
nan
nan
nan
nan
nan
nan
nan
nan
nan
nan
nan
nan
nan
nan
nan
nan
nan
nan
nan
nan
nan
nan
nan
nan
nan
nan
nan
nan
nan
nan
nan
nan
nan
nan
nan
nan
nan
nan
nan
nan
nan
0.11023866797478304
0.10862543227855624
0.10758871640058812
0.10676690283479709
0.10631723567281662
0.10551369653194224
0.10503555199298589
0.10461562502301437
0.10437780503715507
0.10399092290957335
0.10372332104594248
0.1034898601013243
0.10326592504508576
0.10255587493573524
0.10297255995780329
0.10290411141539174
0.10279794405813514
0.10272344007514672
0.10267129568984612
0.10263594272163028
0.10266377562283308
0.10288118785544481
0.10303138206864886
0.10325758535164403
0.10347793489734317
0.10366821403568
0.10417618559295808
0.10608433261028813
0.10542000171469461
0.10541705132437965
0.1060810446118664
nan
0.10622496354821752
0.10565861807776401
0.10725106065557541
nan
nan
nan
0.10718576957842739
nan
nan
nan
nan
nan
nan
nan
nan
nan
nan
nan
nan
nan
nan
nan
nan
nan
nan
nan
nan
nan
nan
nan
nan
nan
nan
nan
nan
nan
nan
nan
nan
nan
nan
nan
nan
nan
nan
nan
nan
nan
nan
nan
nan
nan
nan
nan
nan
nan
nan
nan
nan
nan
nan
nan
nan
nan
nan
nan
nan
nan
nan
nan
0.11097612505720586
0.11003770070610813
0.1087017570556707
0.10782658916746554
0.10713764933894697
0.10656501000393223
0.10601838383706963
0.10569252305466457
0.10535298656257577
0.10506267725853612
0.10480129398057826
0.10438257667872486
0.10451673578764707
0.10454756633648113
0.10461147680610544
0.10464470348427218
0.10469038961360055
0.10475050366723607
0.10480572850342243
0.10486317712748437
0.10492668826962914
0.10609930507127749
0.10589878376127475
0.10510506989413648
0.10516867520980619
0.10522981212298403
0.10528943613541661
nan
0.10584603517588567
0.10581078962847382
0.10587940337743854
nan
nan
nan
nan
nan
nan
nan
nan
nan
nan
nan
nan
nan
nan
nan
nan
nan
nan
nan
nan
nan
nan
nan
nan
nan
nan
nan
nan
nan
nan
nan
nan
nan
nan
nan
nan
nan
nan
nan
nan
nan
nan
nan
nan
nan
nan
nan
nan
nan
nan
nan
nan
nan
nan
nan
nan
nan
nan
nan
nan
nan
nan
nan
nan
nan
nan
nan
nan
nan
nan
nan
nan
0.11110802827971708
0.11030571804432568
0.10916444541459391
0.10841303083392229
0.10782127964611812
0.10734047208018342
0.10696053111404887
0.10665261932856293
0.1064164337949262
0.10634308348720933
0.1060479546094509
0.10594367943234195
0.10587892783567956
0.1058496614527644
0.10592241221546192
0.10592080087420988
0.10599522418768256
0.10602948441047441
0.10625354137205463
0.10642893850374524
0.10682586248017457
0.10701862289573016
0.10689602693726055
nan
nan
nan
nan
nan
nan
nan
nan
nan
nan
nan
nan
nan
nan
nan
nan
nan
nan
nan
nan
nan
nan
nan
nan
nan
nan
nan
nan
nan
nan
nan
nan
nan
nan
nan
nan
nan
nan
nan
nan
nan
nan
nan
nan
nan
nan
nan
nan
nan
nan
nan
nan
nan
nan
nan
nan
nan
nan
nan
nan
nan
nan
nan
nan
nan
nan
nan
nan
nan
nan
nan
nan
nan
nan
nan
nan
nan
nan
nan
nan
0.11220879192062083
0.11111000213204104
0.11018228224505597
0.10943733801924817
0.10910940178226468
0.10864230472108072
0.10835053970765454
0.10815906821110688
0.10804538844372817
0.10800619980897559
0.10804771359423536
0.10818251317964364
0.10836882932963728
0.10973594171477
0.10898537974033959
nan
nan
0.10747117226462205
nan
nan
nan
nan
nan
nan
nan
nan
nan
nan
nan
nan
nan
nan
nan
nan
nan
nan
nan
nan
nan
nan
nan
nan
nan
nan
nan
nan
nan
nan
nan
nan
nan
nan
nan
nan
nan
nan
nan
nan
nan
nan
nan
nan
nan
nan
nan
nan
nan
nan
nan
nan
nan
nan
nan
nan
nan
nan
nan
nan
nan
nan
nan
nan
nan
nan
nan
nan
nan
nan
nan
nan
nan
nan
nan
nan
nan
nan
nan
nan
nan
nan
nan
nan
nan
nan
nan
0.11103010132785329
0.11204359337814855
0.1111803191988178
0.11102386599704916
0.11083821412466904
0.11139840916705782
0.11115814200923697
0.11112291388609166
0.10986999829502331
0.10866978435813357
nan
nan
nan
nan
nan
nan
nan
nan
nan
nan
nan
nan
nan
nan
nan
nan
nan
nan
nan
nan
nan
nan
nan
nan
nan
nan
nan
nan
nan
nan
nan
nan
nan
nan
nan
nan
nan
nan
nan
nan
nan
nan
nan
nan
nan
nan
nan
nan
nan
nan
nan
nan
nan
nan
nan
nan
nan
nan
nan
nan
nan
nan
nan
nan
nan
nan
nan
nan
nan
nan
nan
nan
nan
nan
nan
nan
nan
nan
nan
nan
nan
nan
nan
nan
nan
nan
nan
nan
nan
nan
nan
nan
nan
nan
nan
nan
nan
nan
nan
nan
nan
nan
nan
nan
nan
nan
nan
nan
nan
nan
nan
nan
nan
nan
nan
nan
nan
nan
nan
nan
nan
nan
nan
nan
nan
nan
nan
nan
nan
nan
nan
nan
nan
nan
nan
nan
nan
nan
nan
nan
nan
nan
nan
nan
nan
nan
nan
nan
nan
nan
nan
nan
nan
nan
nan
nan
nan
nan
nan
nan
nan
nan
nan
nan
nan
nan
nan
nan
nan
nan
nan
nan
nan
nan
nan
nan
nan
nan
nan
nan
nan
nan
nan
nan
nan
nan
nan
nan
nan
nan
nan
nan
nan
nan
nan
nan
nan
nan
nan
nan
nan
nan
nan
nan
nan
nan
nan
nan
nan
nan
nan
nan
nan
nan
nan
nan
nan
nan
nan
nan
nan
nan
nan
nan
nan
nan
nan
nan
nan
nan
nan
nan
nan
nan
nan
nan
nan
nan
nan
nan
nan
nan
nan
nan
nan
nan
nan
nan
nan
nan
nan
nan
nan
nan
nan
nan
nan
nan
nan
nan
nan
nan
nan
nan
nan
nan
nan
nan
nan
nan
nan
nan
nan
nan
nan
nan
nan
nan
nan
nan
nan
nan
nan
nan
nan
nan
nan
nan
nan
nan
nan
nan
nan
nan
nan
nan
nan
nan
nan
nan
nan
nan
nan
nan
nan
nan
nan
nan
nan
nan
nan
nan
nan
nan
nan
nan
nan
nan
nan
nan
nan
nan
nan
nan
nan
nan
nan
nan
nan
nan
nan
nan
nan
nan
nan
nan
nan
nan
nan
nan
nan
nan
nan
nan
nan
nan
nan
nan
nan
nan
nan
nan
nan
nan
nan
nan
nan
nan
nan
nan
nan
nan
nan
nan
nan
nan
nan
nan
nan
nan
nan
nan
nan
nan
nan
nan
nan
nan
nan
nan
nan
nan
nan
nan
nan
nan
nan
nan
nan
nan
nan
nan
nan
nan
nan
nan
nan
nan
nan
nan
nan
nan
nan
nan
nan
nan
nan
nan
nan
nan
nan
nan
nan
nan
nan
nan
nan
nan
nan
nan
nan
nan
nan
nan
nan
nan
nan
nan
nan
nan
nan
nan
nan
nan
nan
nan
nan
nan
nan
nan
nan
nan
nan
nan
nan
nan
nan
nan
nan
nan
nan
nan
nan
nan
nan
nan
nan
nan
nan
nan
nan
nan
nan
nan
nan
nan
nan
nan
nan
nan
nan
nan
nan
nan
nan
nan
nan
nan
nan
nan
nan
nan
nan
nan
nan
nan
nan
nan
nan
nan
nan
nan
nan
nan
nan
nan
nan
nan
nan
nan
nan
nan
nan
nan
nan
nan
nan
nan
nan
nan
nan
nan
nan
nan
nan
nan
nan
nan
nan
nan
nan
nan
nan
nan
nan
nan
nan
nan
nan
nan
nan
nan
nan
nan
nan
nan
nan
nan
nan
nan
nan
nan
nan
nan
nan
nan
nan
nan
nan
nan
nan
nan
nan
nan
nan
nan
nan
nan
nan
nan
nan
nan
nan
nan
nan
nan
nan
nan
nan
nan
nan
nan
nan
nan
nan
nan
nan
nan
nan
nan
nan
nan
nan
nan
nan
nan
nan
nan
nan
nan
nan
nan
nan
nan
nan
nan
nan
nan
nan
nan
nan
nan
nan
nan
nan
nan
nan
nan
nan
nan
nan
nan
nan
nan
nan
nan
nan
nan
nan
nan
nan
nan
nan
nan
nan
nan
nan
nan
nan
nan
nan
nan
nan
nan
nan
nan
nan
nan
nan
nan
nan
nan
nan
nan
nan
nan
nan
nan
nan
nan
nan
nan
nan
nan
nan
nan
nan
nan
nan
nan
nan
nan
nan
nan
nan
nan
nan
nan
nan
nan
nan
nan
nan
nan
nan
nan
nan
nan
nan
nan
nan
nan
nan
nan
nan
nan
nan
nan
nan
nan
nan
nan
nan
nan
nan
nan
nan
nan
nan
nan
nan
nan
nan
nan
nan
nan
nan
nan
nan
nan
nan
nan
nan
nan
nan
nan
nan
nan
nan
nan
nan
nan
nan
nan
nan
nan
nan
nan
nan
nan
nan
nan
nan
nan
nan
nan
nan
nan
nan
nan
nan
nan
nan
nan
nan
nan
nan
nan
nan
nan
nan
nan
nan
nan
nan
nan
nan
nan
nan
nan
nan
nan
nan
nan
nan
nan
nan
nan
nan
nan
nan
nan
nan
nan
nan
nan
nan
nan
nan
nan
nan
nan
nan
nan
nan
nan
nan
nan
nan
nan
nan
nan
nan
nan
nan
nan
nan
nan
nan
nan
nan
nan
nan
nan
nan
nan
nan
nan
nan
nan
nan
nan
nan
nan
nan
nan
nan
nan
nan
nan
nan
nan
nan
nan
nan
nan
nan
nan
nan
nan
nan
nan
nan
nan
nan
nan
nan
nan
nan
nan
nan
nan
nan
nan
nan
nan
nan
nan
nan
nan
nan
nan
nan
nan
nan
nan
nan
nan
nan
nan
nan
nan
nan
nan
nan
nan
nan
nan
nan
nan
nan
nan
nan
nan
nan
nan
nan
nan
nan
nan
nan
nan
nan
nan
nan
nan
nan
nan
nan
nan
nan
nan
nan
nan
nan
nan
nan
nan
nan
nan
nan
nan
nan
nan
nan
nan
nan
nan
nan
nan
nan
nan
nan
nan
nan
nan
nan
nan
nan
nan
nan
nan
nan
nan
nan
nan
nan
nan
nan
nan
nan
nan
nan
nan
nan
nan
nan
nan
nan
nan
nan
nan
nan
nan
nan
nan
nan
nan
nan
nan
nan
nan
nan
nan
nan
nan
nan
nan
nan
nan
nan
nan
nan
nan
nan
nan
nan
nan
nan
nan
nan
nan
nan
nan
nan
nan
nan
nan
nan
nan
nan
nan
nan
nan
nan
nan
nan
nan
nan
nan
nan
nan
nan
nan
nan
nan
nan
nan
nan
nan
nan
nan
nan
nan
nan
nan
nan
nan
nan
nan
nan
nan
nan
nan
nan
nan
nan
nan
nan
nan
nan
nan
nan
nan
nan
nan
nan
nan
nan
nan
nan
nan
nan
nan
nan
nan
nan
nan
nan
nan
nan
nan
nan
nan
nan
nan
nan
nan
nan
nan
nan
nan
nan
nan
nan
nan
nan
nan
nan
nan
nan
nan
nan
nan
nan
nan
nan
nan
nan
nan
nan
nan
nan
nan
nan
nan
nan
nan
nan
nan
nan
nan
nan
nan
nan
nan
nan
nan
nan
nan
nan
nan
nan
nan
nan
nan
nan
nan
nan
nan
nan
nan
nan
nan
nan
nan
nan
nan
nan
nan
nan
nan
nan
nan
nan
nan
nan
nan
nan
nan
nan
nan
nan
nan
nan
nan
nan
nan
nan
nan
nan
nan
nan
nan
nan
nan
nan
nan
nan
nan
nan
nan
nan
nan
nan
nan
nan
nan
nan
nan
nan
nan
nan
nan
nan
nan
nan
nan
nan
nan
nan
nan
nan
nan
nan
nan
nan
nan
nan
nan
nan
nan
nan
nan
nan
nan
nan
nan
nan
nan
nan
nan
nan
nan
nan
nan
nan
nan
nan
nan
nan
nan
nan
nan
nan
nan
nan
nan
nan
nan
nan
nan
nan
nan
nan
nan
nan
nan
nan
nan
nan
nan
nan
nan
nan
nan
nan
nan
nan
nan
nan
nan
nan
nan
nan
nan
nan
nan
nan
nan
nan
nan
nan
nan
nan
nan
nan
nan
nan
nan
nan
nan
nan
nan
nan
nan
nan
nan
nan
nan
nan
nan
nan
nan
nan
nan
nan
nan
nan
nan
nan
nan
nan
nan
nan
nan
nan
nan
nan
nan
nan
nan
nan
nan
nan
nan
nan
nan
nan
nan
nan
nan
nan
nan
nan
nan
nan
nan
nan
nan
nan
nan
nan
nan
nan
nan
nan
nan
nan
nan
nan
nan
nan
nan
nan
nan
nan
nan
nan
nan
nan
nan
nan
nan
nan
nan
nan
nan
nan
nan
nan
nan
nan
nan
nan
nan
nan
nan
nan
nan
nan
nan
nan
nan
nan
nan
nan
nan
nan
nan
nan
nan
nan
nan
nan
nan
nan
nan
nan
nan
nan
nan
nan
nan
nan
nan
nan
nan
nan
nan
nan
nan
nan
nan
nan
nan
nan
nan
nan
nan
nan
nan
nan
nan
nan
nan
nan
nan
nan
nan
nan
nan
nan
nan
nan
nan
nan
nan
nan
nan
nan
nan
nan
nan
nan
nan
nan
nan
nan
nan
nan
nan
nan
nan
nan
nan
nan
nan
nan
nan
nan
nan
nan
nan
nan
nan
nan
nan
nan
nan
nan
nan
nan
nan
nan
nan
nan
nan
nan
nan
nan
nan
nan
nan
nan
nan
nan
nan
nan
nan
nan
nan
nan
nan
nan
nan
nan
nan
nan
nan
nan
nan
nan
nan
nan
nan
nan
nan
nan
nan
nan
nan
nan
nan
nan
nan
nan
nan
nan
nan
nan
nan
nan
nan
nan
nan
nan
nan
nan
nan
nan
nan
nan
nan
nan
nan
nan
nan
nan
nan
nan
nan
nan
nan
nan
nan
nan
nan
nan
nan
nan
nan
nan
nan
nan
nan
nan
nan
nan
nan
nan
nan
nan
nan
nan
nan
nan
nan
nan
nan
nan
nan
nan
nan
nan
nan
nan
nan
nan
nan
nan
nan
nan
nan
nan
nan
nan
nan
nan
nan
nan
nan
nan
nan
nan
nan
nan
nan
nan
nan
nan
nan
nan
nan
nan
nan
nan
nan
nan
nan
nan
nan
nan
nan
nan
nan
nan
nan
nan
nan
nan
nan
nan
nan
nan
nan
nan
nan
nan
nan
nan
nan
nan
nan
nan
nan
nan
nan
nan
nan
nan
nan
nan
nan
nan
nan
nan
nan
nan
nan
nan
nan
nan
nan
nan
nan
nan
nan
nan
nan
nan
nan
nan
nan
nan
nan
nan
nan
nan
nan
nan
nan
nan
nan
nan
nan
nan
nan
nan
nan
nan
nan
nan
nan
nan
nan
nan
nan
nan
nan
nan
nan
nan
nan
nan
nan
nan
nan
nan
nan
nan
nan
nan
nan
nan
nan
nan
nan
nan
nan
nan
nan
nan
nan
nan
nan
nan
nan
nan
nan
nan
nan
nan
nan
nan
nan
nan
nan
nan
nan
nan
nan
nan
nan
nan
nan
nan
nan
nan
nan
nan
nan
nan
nan
nan
nan
nan
nan
nan
nan
nan
nan
nan
nan
nan
nan
nan
nan
nan
nan
nan
nan
nan
nan
nan
nan
nan
nan
nan
nan
nan
nan
nan
nan
nan
nan
nan
nan
nan
nan
nan
nan
nan
nan
nan
nan
nan
nan
nan
nan
nan
nan
nan
nan
nan
nan
nan
nan
nan
nan
nan
nan
nan
nan
nan
nan
nan
nan
nan
nan
nan
nan
nan
nan
nan
nan
nan
nan
nan
nan
nan
nan
nan
nan
nan
nan
nan
nan
nan
nan
nan
nan
nan
nan
nan
nan
nan
nan
nan
nan
nan
nan
nan
nan
nan
nan
nan
nan
nan
nan
nan
nan
nan
nan
nan
nan
nan
nan
nan
nan
nan
nan
nan
nan
nan
nan
nan
nan
nan
nan
nan
nan
nan
nan
nan
nan
nan
nan
nan
nan
nan
nan
nan
nan
nan
nan
nan
nan
nan
nan
nan
nan
nan
nan
nan
nan
nan
nan
nan
nan
nan
nan
nan
nan
nan
nan
nan
nan
nan
nan
nan
nan
nan
nan
nan
nan
nan
nan
nan
nan
nan
nan
nan
nan
nan
nan
nan
nan
nan
nan
nan
nan
nan
nan
nan
nan
nan
nan
nan
nan
nan
nan
nan
nan
nan
nan
nan
nan
nan
nan
nan
nan
nan
nan
nan
nan
nan
nan
nan
nan
nan
nan
nan
nan
nan
nan
nan
nan
nan
nan
nan
nan
nan
nan
nan
nan
nan
nan
nan
nan
nan
nan
nan
nan
nan
nan
nan
nan
nan
nan
nan
nan
nan
nan
nan
nan
nan
nan
nan
nan
nan
nan
nan
nan
nan
nan
nan
nan
nan
nan
nan
nan
nan
nan
nan
nan
nan
nan
nan
nan
nan
nan
nan
nan
nan
nan
nan
nan
nan
nan
nan
nan
nan
nan
nan
nan
nan
nan
nan
nan
nan
nan
nan
nan
nan
nan
nan
nan
nan
nan
nan
nan
nan
nan
nan
nan
nan
nan
nan
nan
nan
nan
nan
nan
nan
nan
nan
nan
nan
nan
nan
nan
nan
nan
nan
nan
nan
nan
nan
nan
nan
nan
nan
nan
nan
nan
nan
nan
nan
nan
nan
nan
nan
nan
nan
nan
nan
nan
nan
nan
nan
nan
nan
nan
nan
nan
nan
nan
nan
nan
nan
nan
nan
nan
nan
nan
nan
nan
nan
nan
nan
nan
nan
nan
nan
nan
nan
nan
nan
nan
nan
nan
nan
nan
nan
nan
nan
nan
nan
nan
nan
nan
nan
nan
nan
nan
nan
nan
nan
nan
nan
nan
nan
nan
nan
nan
nan
nan
nan
nan
nan
nan
nan
nan
nan
nan
nan
nan
nan
nan
nan
nan
nan
nan
nan
nan
nan
nan
nan
nan
nan
nan
nan
nan
nan
nan
nan
nan
nan
nan
nan
nan
nan
nan
nan
nan
nan
nan
nan
nan
nan
nan
nan
nan
nan
nan
nan
nan
nan
nan
nan
nan
nan
nan
nan
nan
nan
nan
nan
nan
nan
nan
nan
nan
nan
nan
nan
nan
nan
nan
nan
nan
nan
nan
nan
nan
nan
nan
nan
nan
nan
nan
nan
nan
nan
nan
nan
nan
nan
nan
nan
nan
nan
nan
nan
nan
nan
nan
nan
nan
nan
nan
nan
nan
nan
nan
nan
nan
nan
nan
nan
nan
nan
nan
nan
nan
nan
nan
nan
nan
nan
nan
nan
nan
nan
nan
nan
nan
nan
nan
nan
nan
nan
nan
nan
nan
nan
nan
nan
nan
nan
nan
nan
nan
nan
nan
nan
nan
nan
nan
nan
nan
nan
nan
nan
nan
nan
nan
nan
nan
nan
nan
nan
nan
nan
nan
nan
nan
nan
nan
nan
nan
nan
nan
nan
nan
nan
nan
nan
nan
nan
nan
nan
nan
nan
nan
nan
nan
nan
nan
nan
nan
nan
nan
nan
nan
nan
nan
nan
nan
nan
nan
nan
nan
nan
nan
nan
nan
nan
nan
nan
nan
nan
nan
nan
nan
nan
nan
nan
nan
nan
nan
nan
nan
nan
nan
nan
nan
nan
nan
nan
nan
nan
nan
nan
nan
nan
nan
nan
nan
nan
nan
nan
nan
nan
nan
nan
nan
nan
nan
nan
nan
nan
nan
nan
nan
nan
nan
nan
nan
nan
nan
nan
nan
nan
nan
nan
nan
nan
nan
nan
nan
nan
nan
nan
nan
nan
nan
nan
nan
nan
nan
nan
nan
nan
nan
nan
nan
nan
nan
nan
nan
nan
nan
nan
nan
nan
nan
nan
nan
nan
nan
nan
nan
nan
nan
nan
nan
nan
nan
nan
nan
nan
nan
nan
nan
nan
nan
nan
nan
nan
nan
nan
nan
nan
nan
nan
nan
nan
nan
nan
nan
nan
nan
nan
nan
nan
nan
nan
nan
nan
nan
nan
nan
nan
nan
nan
nan
nan
nan
nan
nan
nan
nan
nan
nan
nan
nan
nan
nan
nan
nan
nan
nan
nan
nan
nan
nan
nan
nan
nan
nan
nan
nan
nan
nan
nan
nan
nan
nan
nan
nan
nan
nan
nan
nan
nan
nan
nan
nan
nan
nan
nan
nan
nan
nan
nan
nan
nan
nan
nan
nan
nan
nan
nan
nan
nan
nan
nan
nan
nan
nan
nan
nan
nan
nan
nan
nan
nan
nan
nan
nan
nan
nan
nan
nan
nan
nan
nan
nan
nan
nan
nan
nan
nan
nan
nan
nan
nan
nan
nan
nan
nan
nan
nan
nan
nan
nan
nan
nan
nan
nan
nan
nan
nan
nan
nan
nan
nan
nan
nan
nan
nan
nan
nan
nan
nan
nan
nan
nan
nan
nan
nan
nan
nan
nan
nan
nan
nan
nan
nan
nan
nan
nan
nan
nan
nan
nan
nan
nan
nan
nan
nan
nan
nan
nan
nan
nan
nan
nan
nan
nan
nan
nan
nan
nan
nan
nan
nan
nan
nan
nan
nan
nan
nan
nan
nan
nan
nan
nan
nan
nan
nan
nan
nan
nan
nan
nan
nan
nan
nan
nan
nan
nan
nan
nan
nan
nan
nan
nan
nan
nan
nan
nan
nan
nan
nan
nan
nan
nan
nan
nan
nan
nan
nan
nan
nan
nan
nan
nan
nan
nan
nan
nan
nan
nan
nan
nan
nan
nan
nan
nan
nan
nan
nan
nan
nan
nan
nan
nan
nan
nan
nan
nan
nan
nan
nan
nan
nan
nan
nan
nan
nan
nan
nan
nan
nan
nan
nan
nan
nan
nan
nan
nan
nan
nan
nan
nan
nan
nan
nan
nan
nan
nan
nan
nan
nan
nan
nan
nan
nan
nan
nan
nan
nan
nan
nan
nan
nan
nan
nan
nan
nan
nan
nan
nan
nan
nan
nan
nan
nan
nan
nan
nan
nan
nan
nan
nan
nan
nan
nan
nan
nan
nan
nan
nan
nan
nan
nan
nan
nan
nan
nan
nan
nan
nan
nan
nan
nan
nan
nan
nan
nan
nan
nan
nan
nan
nan
nan
nan
nan
nan
nan
nan
nan
nan
nan
nan
nan
nan
nan
nan
nan
nan
nan
nan
nan
nan
nan
nan
nan
nan
nan
nan
nan
nan
nan
nan
nan
nan
nan
nan
nan
nan
nan
nan
nan
nan
nan
nan
nan
nan
nan
nan
nan
nan
nan
nan
nan
nan
nan
nan
nan
nan
nan
nan
nan
nan
nan
nan
nan
nan
nan
nan
nan
nan
nan
nan
nan
nan
nan
nan
nan
nan
nan
nan
nan
nan
nan
nan
nan
nan
nan
nan
nan
nan
nan
nan
nan
nan
nan
nan
nan
nan
nan
nan
nan
nan
nan
nan
nan
nan
nan
nan
nan
nan
nan
nan
nan
nan
nan
nan
nan
nan
nan
nan
nan
nan
nan
nan
nan
nan
nan
nan
nan
nan
nan
nan
nan
nan
nan
nan
nan
nan
nan
nan
nan
nan
nan
nan
nan
nan
nan
nan
nan
nan
nan
nan
nan
nan
nan
nan
nan
nan
nan
nan
nan
nan
nan
nan
nan
nan
nan
nan
nan
nan
nan
nan
nan
nan
nan
nan
nan
nan
nan
nan
nan
nan
nan
nan
nan
nan
nan
nan
nan
nan
nan
nan
nan
nan
nan
nan
nan
nan
nan
nan
nan
nan
nan
nan
nan
nan
nan
nan
nan
nan
nan
nan
nan
nan
nan
nan
nan
nan
nan
nan
nan
nan
nan
nan
nan
nan
nan
nan
nan
nan
nan
nan
nan
nan
nan
nan
nan
nan
nan
nan
nan
nan
nan
nan
nan
nan
nan
nan
nan
nan
nan
nan
nan
nan
nan
nan
nan
nan
nan
nan
nan
nan
nan
nan
nan
nan
nan
nan
nan
nan
nan
nan
nan
nan
nan
nan
nan
nan
nan
nan
nan
nan
nan
nan
nan
nan
nan
nan
nan
nan
nan
nan
nan
nan
nan
nan
nan
nan
nan
nan
nan
nan
nan
nan
nan
nan
nan
nan
nan
nan
nan
nan
nan
nan
nan
nan
nan
nan
nan
nan
nan
nan
nan
nan
nan
nan
nan
nan
nan
nan
nan
nan
nan
nan
nan
nan
nan
nan
nan
nan
nan
nan
nan
nan
nan
nan
nan
nan
nan
nan
nan
nan
nan
nan
nan
nan
nan
nan
nan
nan
nan
nan
nan
nan
nan
nan
nan
nan
nan
nan
nan
nan
nan
nan
nan
nan
nan
nan
nan
nan
nan
nan
nan
nan
nan
nan
nan
nan
nan
nan
nan
nan
nan
nan
nan
nan
nan
nan
nan
nan
nan
nan
nan
nan
nan
nan
nan
nan
nan
nan
nan
nan
nan
nan
nan
nan
nan
nan
nan
nan
nan
nan
nan
nan
nan
nan
nan
nan
nan
nan
nan
nan
nan
nan
nan
nan
nan
nan
nan
nan
nan
nan
nan
nan
nan
nan
nan
nan
nan
nan
nan
nan
nan
nan
nan
nan
nan
nan
nan
nan
nan
nan
nan
nan
nan
nan
nan
nan
nan
nan
nan
nan
nan
nan
nan
nan
nan
nan
nan
nan
nan
nan
nan
nan
nan
nan
nan
nan
nan
nan
nan
nan
nan
nan
nan
nan
nan
nan
nan
nan
nan
nan
nan
nan
nan
nan
nan
nan
nan
nan
nan
nan
nan
nan
nan
nan
nan
nan
nan
nan
nan
nan
nan
nan
nan
nan
nan
nan
nan
nan
nan
nan
nan
nan
nan
nan
nan
nan
nan
nan
nan
nan
nan
nan
nan
nan
nan
nan
nan
nan
nan
nan
nan
nan
nan
nan
nan
nan
nan
nan
nan
nan
nan
nan
nan
nan
nan
nan
nan
nan
nan
nan
nan
nan
nan
nan
nan
nan
nan
nan
nan
nan
nan
nan
nan
nan
nan
nan
nan
nan
nan
nan
nan
nan
nan
nan
nan
nan
nan
nan
nan
nan
nan
nan
nan
nan
nan
nan
nan
nan
nan
nan
nan
nan
nan
nan
nan
nan
nan
nan
nan
nan
nan
nan
nan
nan
nan
nan
nan
nan
nan
nan
nan
nan
nan
nan
nan
nan
nan
nan
nan
nan
nan
nan
nan
nan
nan
nan
nan
nan
nan
nan
nan
nan
nan
nan
nan
nan
nan
nan
nan
nan
nan
nan
nan
nan
nan
nan
nan
nan
nan
nan
nan
nan
nan
nan
nan
nan
nan
nan
nan
nan
nan
nan
nan
nan
nan
nan
nan
nan
nan
nan
nan
nan
nan
nan
nan
nan
nan
nan
nan
nan
nan
nan
nan
nan
nan
nan
nan
nan
nan
nan
nan
nan
nan
nan
nan
nan
nan
nan
nan
nan
nan
nan
nan
nan
nan
nan
nan
nan
nan
nan
nan
nan
nan
nan
nan
nan
nan
nan
nan
nan
nan
nan
nan
nan
nan
nan
nan
nan
nan
nan
nan
nan
nan
nan
nan
nan
nan
nan
nan
nan
nan
nan
nan
nan
nan
nan
nan
nan
nan
nan
nan
nan
nan
nan
nan
nan
nan
nan
nan
nan
nan
nan
nan
nan
nan
nan
nan
nan
nan
nan
nan
nan
nan
nan
nan
nan
nan
nan
nan
nan
nan
nan
nan
nan
nan
nan
nan
nan
nan
nan
nan
nan
nan
nan
nan
nan
nan
nan
nan
nan
nan
nan
nan
nan
nan
nan
nan
nan
nan
nan
nan
nan
nan
nan
nan
nan
nan
nan
nan
nan
nan
nan
nan
nan
nan
nan
nan
nan
nan
nan
nan
nan
nan
nan
nan
nan
nan
nan
nan
nan
nan
nan
nan
nan
nan
nan
nan
nan
nan
nan
nan
nan
nan
nan
nan
nan
nan
nan
nan
nan
nan
nan
nan
nan
nan
nan
nan
nan
nan
nan
nan
nan
nan
nan
nan
nan
nan
nan
nan
nan
nan
nan
nan
nan
nan
nan
nan
nan
nan
nan
nan
nan
nan
nan
nan
nan
nan
nan
nan
nan
nan
nan
nan
nan
nan
nan
nan
nan
nan
nan
nan
nan
nan
nan
nan
nan
nan
nan
nan
nan
nan
nan
nan
nan
nan
nan
nan
nan
nan
nan
nan
nan
nan
nan
nan
nan
nan
nan
nan
nan
nan
nan
nan
nan
nan
nan
nan
nan
nan
nan
nan
nan
nan
nan
nan
nan
nan
nan
nan
nan
nan
nan
nan
nan
nan
nan
nan
nan
nan
nan
nan
nan
nan
nan
nan
nan
nan
nan
nan
nan
nan
nan
nan
nan
nan
nan
nan
nan
nan
nan
nan
nan
nan
nan
nan
nan
nan
nan
nan
nan
nan
nan
nan
nan
nan
nan
nan
nan
nan
nan
nan
nan
nan
nan
nan
nan
nan
nan
nan
nan
nan
nan
nan
nan
nan
nan
nan
nan
nan
nan
nan
nan
nan
nan
nan
nan
nan
nan
nan
nan
nan
nan
nan
nan
nan
nan
nan
nan
nan
nan
nan
nan
nan
nan
nan
nan
nan
nan
nan
nan
nan
nan
nan
nan
nan
nan
nan
nan
nan
nan
nan
nan
nan
nan
nan
nan
nan
nan
nan
nan
nan
nan
nan
nan
nan
nan
nan
nan
nan
nan
nan
nan
nan
nan
nan
nan
nan
nan
nan
nan
nan
nan
nan
nan
nan
nan
nan
nan
nan
nan
nan
nan
nan
nan
nan
nan
nan
nan
nan
nan
nan
nan
nan
nan
nan
nan
nan
nan
nan
nan
nan
nan
nan
nan
nan
nan
nan
nan
nan
nan
nan
nan
nan
nan
nan
nan
nan
nan
nan
nan
nan
nan
nan
nan
nan
nan
nan
nan
nan
nan
nan
nan
nan
nan
nan
nan
nan
nan
nan
nan
nan
nan
nan
nan
nan
nan
nan
nan
nan
nan
nan
nan
nan
nan
nan
nan
nan
nan
nan
nan
nan
nan
nan
nan
nan
nan
nan
nan
nan
nan
nan
nan
nan
nan
nan
nan
nan
nan
nan
nan
nan
nan
nan
nan
nan
nan
nan
nan
nan
nan
nan
nan
nan
nan
nan
nan
nan
nan
nan
nan
nan
nan
nan
nan
nan
nan
nan
nan
nan
nan
nan
nan
nan
nan
nan
nan
nan
nan
nan
nan
nan
nan
nan
nan
nan
nan
nan
nan
nan
nan
nan
nan
nan
nan
nan
nan
nan
nan
nan
nan
nan
nan
nan
nan
nan
nan
nan
nan
nan
nan
nan
nan
nan
nan
nan
nan
nan
nan
nan
nan
nan
nan
nan
nan
nan
nan
nan
nan
nan
nan
nan
nan
nan
nan
nan
nan
nan
nan
nan
nan
nan
nan
nan
nan
nan
nan
nan
nan
nan
nan
nan
nan
nan
nan
nan
nan
nan
nan
nan
nan
nan
nan
nan
nan
nan
nan
nan
nan
nan
nan
nan
nan
nan
nan
nan
nan
nan
nan
nan
nan
nan
nan
nan
nan
nan
nan
nan
nan
nan
nan
nan
nan
nan
nan
nan
nan
nan
nan
nan
nan
nan
nan
nan
nan
nan
nan
nan
nan
nan
nan
nan
nan
nan
nan
nan
nan
nan
nan
nan
nan
nan
nan
nan
nan
nan
nan
nan
nan
nan
nan
nan
nan
nan
nan
nan
nan
nan
nan
nan
nan
nan
nan
nan
nan
nan
nan
nan
nan
nan
nan
nan
nan
nan
nan
nan
nan
nan
nan
nan
nan
nan
nan
nan
nan
nan
nan
nan
nan
nan
nan
nan
nan
nan
nan
nan
nan
nan
nan
nan
nan
nan
nan
nan
nan
nan
nan
nan
nan
nan
nan
nan
nan
nan
nan
nan
nan
nan
nan
nan
nan
nan
nan
nan
nan
nan
nan
nan
nan
nan
nan
nan
nan
nan
nan
nan
nan
nan
nan
nan
nan
nan
nan
nan
nan
nan
nan
nan
nan
nan
nan
nan
nan
nan
nan
nan
nan
nan
nan
nan
nan
nan
nan
nan
nan
nan
nan
nan
nan
nan
nan
nan
nan
nan
nan
nan
nan
nan
nan
nan
nan
nan
nan
nan
nan
nan
nan
nan
nan
nan
nan
nan
nan
nan
nan
nan
nan
nan
nan
nan
nan
nan
nan
nan
nan
nan
nan
nan
nan
nan
nan
nan
nan
nan
nan
nan
nan
nan
nan
nan
nan
nan
nan
nan
nan
nan
nan
nan
nan
nan
nan
nan
nan
nan
nan
nan
nan
nan
nan
nan
nan
nan
nan
nan
nan
nan
nan
nan
nan
nan
nan
nan
nan
nan
nan
nan
nan
nan
nan
nan
nan
nan
nan
nan
nan
nan
nan
nan
nan
nan
nan
nan
nan
nan
nan
nan
nan
nan
nan
nan
nan
nan
nan
nan
nan
nan
nan
nan
nan
nan
nan
nan
nan
nan
nan
nan
nan
nan
nan
nan
nan
nan
nan
nan
nan
nan
nan
nan
nan
nan
nan
nan
nan
nan
nan
nan
nan
nan
nan
nan
nan
nan
nan
nan
nan
nan
nan
nan
nan
nan
nan
nan
nan
nan
nan
nan
nan
nan
nan
nan
nan
nan
nan
nan
nan
nan
nan
nan
nan
nan
nan
nan
nan
nan
nan
nan
nan
nan
nan
nan
nan
nan
nan
nan
nan
nan
nan
nan
nan
nan
nan
nan
nan
nan
nan
nan
nan
nan
nan
nan
nan
nan
nan
nan
nan
nan
nan
nan
nan
nan
nan
nan
nan
nan
nan
nan
nan
nan
nan
nan
nan
nan
nan
nan
nan
nan
nan
nan
nan
nan
nan
nan
nan
nan
nan
nan
nan
nan
nan
nan
nan
nan
nan
nan
nan
nan
nan
nan
nan
nan
nan
nan
nan
nan
nan
nan
nan
nan
nan
nan
nan
nan
nan
nan
nan
nan
nan
nan
nan
nan
nan
nan
nan
nan
nan
nan
nan
nan
nan
nan
nan
nan
nan
nan
nan
nan
nan
nan
nan
nan
nan
nan
nan
nan
nan
nan
nan
nan
nan
nan
nan
nan
nan
nan
nan
nan
nan
nan
nan
nan
nan
nan
nan
nan
nan
nan
nan
nan
nan
nan
nan
nan
nan
nan
nan
nan
nan
nan
nan
nan
nan
nan
nan
nan
nan
nan
nan
nan
nan
nan
nan
nan
nan
nan
nan
nan
nan
nan
nan
nan
nan
nan
nan
nan
nan
nan
nan
nan
nan
nan
nan
nan
nan
nan
nan
nan
nan
nan
nan
nan
nan
nan
nan
nan
nan
nan
nan
nan
nan
nan
nan
nan
nan
nan
nan
nan
nan
nan
nan
nan
nan
nan
nan
nan
nan
nan
nan
nan
nan
nan
nan
nan
nan
nan
nan
nan
nan
nan
nan
nan
nan
nan
nan
nan
nan
nan
nan
nan
nan
nan
nan
nan
nan
nan
nan
nan
nan
nan
nan
nan
nan
nan
nan
nan
nan
nan
nan
nan
nan
nan
nan
nan
nan
nan
nan
nan
nan
nan
nan
nan
nan
nan
nan
nan
nan
nan
nan
nan
nan
nan
nan
nan
nan
nan
nan
nan
nan
nan
nan
nan
nan
nan
nan
nan
nan
nan
nan
nan
nan
nan
nan
nan
nan
nan
nan
nan
nan
nan
nan
nan
nan
nan
nan
nan
nan
nan
nan
nan
nan
nan
nan
nan
nan
nan
nan
nan
nan
nan
nan
nan
nan
nan
nan
nan
nan
nan
nan
nan
nan
nan
nan
nan
nan
nan
nan
nan
nan
nan
nan
nan
nan
nan
nan
nan
nan
nan
nan
nan
nan
nan
nan
nan
nan
nan
nan
nan
nan
nan
nan
nan
nan
nan
nan
nan
nan
nan
nan
nan
nan
nan
nan
nan
nan
nan
nan
nan
nan
nan
nan
nan
nan
nan
nan
nan
nan
nan
nan
nan
nan
nan
nan
nan
nan
nan
nan
nan
nan
nan
nan
nan
nan
nan
nan
nan
nan
nan
nan
nan
nan
nan
nan
nan
nan
nan
nan
nan
nan
nan
nan
nan
nan
nan
nan
nan
nan
nan
nan
nan
nan
nan
nan
nan
nan
nan
nan
nan
nan
nan
nan
nan
nan
nan
nan
nan
nan
nan
nan
nan
nan
nan
nan
nan
nan
nan
nan
nan
nan
nan
nan
nan
nan
nan
nan
nan
nan
nan
nan
nan
nan
nan
nan
nan
nan
nan
nan
nan
nan
nan
nan
nan
nan
nan
nan
nan
nan
nan
nan
nan
nan
nan
nan
nan
nan
nan
nan
nan
nan
nan
nan
nan
nan
nan
nan
nan
nan
nan
nan
nan
nan
nan
nan
nan
nan
nan
nan
nan
nan
nan
nan
nan
nan
nan
nan
nan
nan
nan
nan
nan
nan
nan
nan
nan
nan
nan
nan
nan
nan
nan
nan
nan
nan
nan
nan
nan
nan
nan
nan
nan
nan
nan
nan
nan
nan
nan
nan
nan
nan
nan
nan
nan
nan
nan
nan
nan
nan
nan
nan
nan
nan
nan
nan
nan
nan
nan
nan
nan
nan
nan
nan
nan
nan
nan
nan
nan
nan
nan
nan
nan
nan
nan
nan
nan
nan
nan
nan
nan
nan
nan
nan
nan
nan
nan
nan
nan
nan
nan
nan
nan
nan
nan
nan
nan
nan
nan
nan
nan
nan
nan
nan
nan
nan
nan
nan
nan
nan
nan
nan
nan
nan
nan
nan
nan
nan
nan
nan
nan
nan
nan
nan
nan
nan
nan
nan
nan
nan
nan
nan
nan
nan
nan
nan
nan
nan
nan
nan
nan
nan
nan
nan
nan
nan
nan
nan
nan
nan
nan
nan
nan
nan
nan
nan
nan
nan
nan
nan
nan
nan
nan
nan
nan
nan
nan
nan
nan
nan
nan
nan
nan
nan
nan
nan
nan
nan
nan
nan
nan
nan
nan
nan
nan
nan
nan
nan
nan
nan
nan
nan
nan
nan
nan
nan
nan
nan
nan
nan
nan
nan
nan
nan
nan
nan
nan
nan
nan
nan
nan
nan
nan
nan
nan
nan
nan
nan
nan
nan
nan
nan
nan
nan
nan
nan
nan
nan
nan
nan
nan
nan
nan
nan
nan
nan
nan
nan
nan
nan
nan
nan
nan
nan
nan
nan
nan
nan
nan
nan
nan
nan
nan
nan
nan
nan
nan
nan
nan
nan
nan
nan
nan
nan
nan
nan
nan
nan
nan
nan
nan
nan
nan
nan
nan
nan
nan
nan
nan
nan
nan
nan
nan
nan
nan
nan
nan
nan
nan
nan
nan
nan
nan
nan
nan
nan
nan
nan
nan
nan
nan
nan
nan
nan
nan
nan
nan
nan
nan
nan
nan
nan
nan
nan
nan
nan
nan
nan
nan
nan
nan
nan
nan
nan
nan
nan
nan
nan
nan
nan
nan
nan
nan
nan
nan
nan
nan
nan
nan
nan
nan
nan
nan
nan
nan
nan
nan
nan
nan
nan
nan
nan
nan
nan
nan
nan
nan
nan
nan
nan
nan
nan
nan
nan
nan
nan
nan
nan
nan
nan
nan
nan
nan
nan
nan
nan
nan
nan
nan
nan
nan
nan
nan
nan
nan
nan
nan
nan
nan
nan
nan
nan
nan
nan
nan
nan
nan
nan
nan
nan
nan
nan
nan
nan
nan
nan
nan
nan
nan
nan
nan
nan
nan
nan
nan
nan
nan
nan
nan
nan
nan
nan
nan
nan
nan
nan
nan
nan
nan
nan
nan
nan
nan
nan
nan
nan
nan
nan
nan
nan
nan
nan
nan
nan
nan
nan
nan
nan
nan
nan
nan
nan
nan
nan
nan
nan
nan
nan
nan
nan
nan
nan
nan
nan
nan
nan
nan
nan
nan
nan
nan
nan
nan
nan
nan
nan
nan
nan
nan
nan
nan
nan
nan
nan
nan
nan
nan
nan
nan
nan
nan
nan
nan
nan
nan
nan
nan
nan
nan
nan
nan
nan
nan
nan
nan
nan
nan
nan
nan
nan
nan
nan
nan
nan
nan
nan
nan
nan
nan
nan
nan
nan
nan
nan
nan
nan
nan
nan
nan
nan
nan
nan
nan
nan
nan
nan
nan
nan
nan
nan
nan
nan
nan
nan
nan
nan
nan
nan
nan
nan
nan
nan
nan
nan
nan
nan
nan
nan
nan
nan
nan
nan
nan
nan
nan
nan
nan
nan
nan
nan
nan
nan
nan
nan
nan
nan
nan
nan
nan
nan
nan
nan
nan
nan
nan
nan
nan
nan
nan
nan
nan
nan
nan
nan
nan
nan
nan
nan
nan
nan
nan
nan
nan
nan
nan
nan
nan
nan
nan
nan
nan
nan
nan
nan
nan
nan
nan
nan
nan
nan
nan
nan
nan
nan
nan
nan
nan
nan
nan
nan
nan
nan
nan
nan
nan
nan
nan
nan
nan
nan
nan
nan
nan
nan
nan
nan
nan
nan
nan
nan
nan
nan
nan
nan
nan
nan
nan
nan
nan
nan
nan
nan
nan
nan
nan
nan
nan
nan
nan
nan
nan
nan
nan
nan
nan
nan
nan
nan
nan
nan
nan
nan
nan
nan
nan
nan
nan
nan
nan
nan
nan
nan
nan
nan
nan
nan
nan
nan
nan
nan
nan
nan
nan
nan
nan
nan
nan
nan
nan
nan
nan
nan
nan
nan
nan
nan
nan
nan
nan
nan
nan
nan
nan
nan
nan
nan
nan
nan
nan
nan
nan
nan
nan
nan
nan
nan
nan
nan
nan
nan
nan
nan
nan
nan
nan
nan
nan
nan
nan
nan
nan
nan
nan
nan
nan
nan
nan
nan
nan
nan
nan
nan
nan
nan
nan
nan
nan
nan
nan
nan
nan
nan
nan
nan
nan
nan
nan
nan
nan
nan
nan
nan
nan
nan
nan
nan
nan
nan
nan
nan
nan
nan
nan
nan
nan
nan
nan
nan
nan
nan
nan
nan
nan
nan
nan
nan
nan
nan
nan
nan
nan
nan
nan
nan
nan
nan
nan
nan
nan
nan
nan
nan
nan
nan
nan
nan
nan
nan
nan
nan
nan
nan
nan
nan
nan
nan
nan
nan
nan
nan
nan
nan
nan
nan
nan
nan
nan
nan
nan
nan
nan
nan
nan
nan
nan
nan
nan
nan
nan
nan
nan
nan
nan
nan
nan
nan
nan
nan
nan
nan
nan
nan
nan
nan
nan
nan
nan
nan
nan
nan
nan
nan
nan
nan
nan
nan
nan
nan
nan
nan
nan
nan
nan
nan
nan
nan
nan
nan
nan
nan
nan
nan
nan
nan
nan
nan
nan
nan
nan
nan
nan
nan
nan
nan
nan
nan
nan
nan
nan
nan
nan
nan
nan
nan
nan
nan
nan
nan
nan
nan
nan
nan
nan
nan
nan
nan
nan
nan
nan
nan
nan
nan
nan
nan
nan
nan
nan
nan
nan
nan
nan
nan
nan
nan
nan
nan
nan
nan
nan
nan
nan
nan
nan
nan
nan
nan
nan
nan
nan
nan
nan
nan
nan
nan
nan
nan
nan
nan
nan
nan
nan
nan
nan
nan
nan
nan
nan
nan
nan
nan
nan
nan
nan
nan
nan
nan
nan
nan
nan
nan
nan
nan
nan
nan
nan
nan
nan
nan
nan
nan
nan
nan
nan
nan
nan
nan
nan
nan
nan
nan
nan
nan
nan
nan
nan
nan
nan
nan
nan
nan
nan
nan
nan
nan
nan
nan
nan
nan
nan
nan
nan
nan
nan
nan
nan
nan
nan
nan
nan
nan
nan
nan
nan
nan
nan
nan
nan
nan
nan
nan
nan
nan
nan
nan
nan
nan
nan
nan
nan
nan
nan
nan
nan
nan
nan
nan
nan
nan
nan
nan
nan
nan
nan
nan
nan
nan
nan
nan
nan
nan
nan
nan
nan
nan
nan
nan
nan
nan
nan
nan
nan
nan
nan
nan
nan
nan
nan
nan
nan
nan
nan
nan
nan
nan
nan
nan
nan
nan
nan
nan
nan
nan
nan
nan
nan
nan
nan
nan
nan
nan
nan
nan
nan
nan
nan
nan
nan
nan
nan
nan
nan
nan
nan
nan
nan
nan
nan
nan
nan
nan
nan
nan
nan
nan
nan
nan
nan
nan
nan
nan
nan
nan
nan
nan
nan
nan
nan
nan
nan
nan
nan
nan
nan
nan
nan
nan
nan
nan
nan
nan
nan
nan
nan
nan
nan
nan
nan
nan
nan
nan
nan
nan
nan
nan
nan
nan
nan
nan
nan
nan
nan
nan
nan
nan
nan
nan
nan
nan
nan
nan
nan
nan
nan
nan
nan
nan
nan
nan
nan
nan
nan
nan
nan
nan
nan
nan
nan
nan
nan
nan
nan
nan
nan
nan
nan
nan
nan
nan
nan
nan
nan
nan
nan
nan
nan
nan
nan
nan
nan
nan
nan
nan
nan
nan
nan
nan
nan
nan
nan
nan
nan
nan
nan
nan
nan
nan
nan
nan
nan
nan
nan
nan
nan
nan
nan
nan
nan
nan
nan
nan
nan
nan
nan
nan
nan
nan
nan
nan
nan
nan
nan
nan
nan
nan
nan
nan
nan
nan
nan
nan
nan
nan
nan
nan
nan
nan
nan
nan
nan
nan
nan
nan
nan
nan
nan
nan
nan
nan
nan
nan
nan
nan
nan
nan
nan
nan
nan
nan
nan
nan
nan
nan
nan
nan
nan
nan
nan
nan
nan
nan
nan
nan
nan
nan
nan
nan
nan
nan
nan
nan
nan
nan
nan
nan
nan
nan
nan
nan
nan
nan
nan
nan
nan
nan
nan
nan
nan
nan
nan
nan
nan
nan
nan
nan
nan
nan
nan
nan
nan
nan
nan
nan
nan
nan
nan
nan
nan
nan
nan
nan
nan
nan
nan
nan
nan
nan
nan
nan
nan
nan
nan
nan
nan
nan
nan
nan
nan
nan
nan
nan
nan
nan
nan
nan
nan
nan
nan
nan
nan
nan
nan
nan
nan
nan
nan
nan
nan
nan
nan
nan
nan
nan
nan
nan
nan
nan
nan
nan
nan
nan
nan
nan
nan
nan
nan
nan
nan
nan
nan
nan
nan
nan
nan
nan
nan
nan
nan
nan
nan
nan
nan
nan
nan
nan
nan
nan
nan
nan
nan
nan
nan
nan
nan
nan
nan
nan
nan
nan
nan
nan
nan
nan
nan
nan
nan
nan
nan
nan
nan
nan
nan
nan
nan
nan
nan
nan
nan
nan
nan
nan
nan
nan
nan
nan
nan
nan
nan
nan
nan
nan
nan
nan
nan
nan
nan
nan
nan
nan
nan
nan
nan
nan
nan
nan
nan
nan
nan
nan
nan
nan
nan
nan
nan
nan
nan
nan
nan
nan
nan
nan
nan
nan
nan
nan
nan
nan
nan
nan
nan
nan
nan
nan
nan
nan
nan
nan
nan
nan
nan
nan
nan
nan
nan
nan
nan
nan
nan
nan
nan
nan
nan
nan
nan
nan
nan
nan
nan
nan
nan
nan
nan
nan
nan
nan
nan
nan
nan
nan
nan
nan
nan
nan
nan
nan
nan
nan
nan
nan
nan
nan
nan
nan
nan
nan
nan
nan
nan
nan
nan
nan
nan
nan
nan
nan
nan
nan
nan
nan
nan
nan
nan
nan
nan
nan
nan
nan
nan
nan
nan
nan
nan
nan
nan
nan
nan
nan
nan
nan
nan
nan
nan
nan
nan
nan
nan
nan
nan
nan
nan
nan
nan
nan
nan
nan
nan
nan
nan
nan
nan
nan
nan
nan
nan
nan
nan
nan
nan
nan
nan
nan
nan
nan
nan
nan
nan
nan
nan
nan
nan
nan
nan
nan
nan
nan
nan
nan
nan
nan
nan
nan
nan
nan
nan
nan
nan
nan
nan
nan
nan
nan
nan
nan
nan
nan
nan
nan
nan
nan
nan
nan
nan
nan
nan
nan
nan
nan
nan
nan
nan
nan
nan
nan
nan
nan
nan
nan
nan
nan
nan
nan
nan
nan
nan
nan
nan
nan
nan
nan
nan
nan
nan
nan
nan
nan
nan
nan
nan
nan
nan
nan
nan
nan
nan
nan
nan
nan
nan
nan
nan
nan
nan
nan
nan
nan
nan
nan
nan
nan
nan
nan
nan
nan
nan
nan
nan
nan
nan
nan
nan
nan
nan
nan
nan
nan
nan
nan
nan
nan
