nan
nan
nan
nan
nan
nan
nan
nan
nan
nan
nan
nan
nan
nan
nan
nan
nan
nan
nan
nan
nan
nan
nan
nan
nan
nan
nan
nan
nan
nan
nan
nan
nan
nan
nan
nan
nan
nan
nan
nan
nan
nan
nan
nan
nan
nan
nan
nan
nan
nan
nan
nan
nan
nan
nan
nan
nan
nan
nan
nan
nan
nan
nan
nan
nan
nan
nan
nan
nan
nan
nan
nan
nan
nan
nan
nan
nan
nan
nan
nan
nan
nan
nan
nan
nan
nan
nan
nan
nan
nan
nan
nan
nan
nan
nan
nan
nan
nan
nan
nan
nan
nan
nan
nan
nan
nan
nan
nan
nan
nan
nan
nan
nan
0.08949780064210858
0.08925407612277803
0.08901750662743618
0.08878805418758928
0.08856566844140355
0.08835030828105966
0.08814193464539094
0.08794051137300384
0.08774600484240501
0.08755838378852056
0.08737761933221415
0.08720368483263047
0.08703655570542906
0.086876209355426
0.08672262510689951
0.0865757841056212
0.08643566922051293
0.08630226497930393
0.08617555750388597
0.08605553444391023
0.08594218492032818
0.08583549946706054
0.08573546998297203
0.08564208968464099
0.08555535306098902
0.08547525584124684
0.08540179495032832
0.08533496848521893
0.08527477567957249
0.08522121688069706
0.08517429352731393
0.085134008129174
0.08510036424999112
0.0850733664952174
0.08505302050124863
0.08503933292786323
0.08503231145376298
0.08503196477497807
0.08503830260789283
0.08505133569425981
0.08507107580771266
0.0850975357662549
0.08513072944669436
0.0851706718023725
0.08521737888565731
0.08527086787229042
0.08533115709059158
0.08539826605350792
0.08547221549680964
0.0855530274183123
0.08564072512521281
0.08573533328057928
0.08583687796171205
0.08594538671718807
0.08606088863290545
0.08618341440367719
0.0863129964083451
0.08644966879544166
0.08659346757325785
0.08674443071013813
0.08690259823585907
0.087068012354195
0.08724071757416649
0.08742076086726816
0.08760819178561952
0.08780306260269566
0.0880054285596888
0.08821534805863537
nan
nan
nan
nan
nan
nan
nan
nan
nan
nan
nan
nan
nan
nan
nan
nan
nan
nan
nan
0.09357320227636773
0.09322473946635745
0.09288468945329625
0.09255291600896431
0.09222929652684717
0.09191371683226308
0.09160607125131662
0.09130626196361666
0.09101419818025441
0.09072979553027927
0.09045297558144308
0.09018366520945953
0.08992179628760578
0.08966730290335823
0.08942012875436883
0.08918026810714405
0.08894752853138804
0.08872199827467114
0.08850358591917273
0.08829225116451282
0.08808795518499646
0.08789066203619944
0.08770033809948798
0.087516952145449
0.0873404753881836
0.08717088120350525
0.08700814498242881
0.0868522441186009
0.08670315792148525
0.08656086749210459
0.086425355640954
0.08629660683056821
0.08617460710839248
0.0860593440439879
0.08595080666772059
0.08584898541960988
0.08575387209673177
0.08566545981137863
0.08558374294508272
0.08550871711431868
0.0854403791333335
0.08537872698147461
0.08532375977912457
0.08527547775748372
0.08523388224111764
0.08519897562645648
0.08517076136668325
0.08514924395931397
0.08513442893643054
0.08512632285752604
0.08512493330545517
0.08513026888720486
0.08514233923659087
0.08516115501796309
0.08518672793612878
0.08521907074804008
0.08525819727790761
0.08530412243579882
0.08535686223939443
0.08541643384190717
0.08548285555659149
0.08555614689427624
0.08563632859733954
0.08572342268230881
0.08581745248385539
0.08591844270714286
0.08602641947789243
0.08614141040627642
0.08626344464921204
0.08639255297992879
0.08652876786653053
0.0866721235590485
0.08682265617387824
0.08698040378450791
0.08714540651957073
0.08731770671177483
0.087497349031367
0.08768438054867846
0.08787885088843389
0.08808081253864092
0.08829032091237266
0.08850743432386292
0.0887322144951681
0.08896472846877441
0.08920504511269903
0.0894532281044633
0.08970937280500106
0.08997354920282052
0.0902458478483543
0.09052636223609853
0.0908151915646356
0.09111244179552533
0.09141822604034275
0.09173266546715186
nan
nan
nan
nan
nan
nan
0.09398411830711093
0.09362401314581219
0.09327284440488223
0.0929304424109377
0.09259666287857696
0.09227135498988451
0.09195438765696749
0.0916456415220496
0.09134500457184334
0.09105237274233753
0.09076764940486196
0.0904907447126024
0.09022157496917585
0.08996006223001377
0.08970613061689603
0.08945971814083518
0.08922109059345998
0.08898917355442881
0.08876499818825467
0.088548064746486
0.08833837436292882
0.08813588122133828
0.08794054401168944
0.08775232407639388
0.08757118551141257
0.0873970951719874
0.08723002232487465
0.08706993848830441
0.0869168174126907
0.08677063500328774
0.08663136910716215
0.0864989994967141
0.08637350774868433
0.08625487718711805
0.08614309280814064
0.08603814120683322
0.08594001051698183
0.08584869035350953
0.08576417176021625
0.08568644715885147
0.08561551030769488
0.08555135626079621
0.0854939813291487
0.08544338304841839
0.08539956015114578
0.08536251253960511
0.08533224126341855
0.08530874850040401
0.0852920375410828
0.08528211277652337
0.08527897968782552
0.08528264484223877
0.08529311589044802
0.08531040156586936
0.08533451168855663
0.08536545717391036
0.08540325004184246
0.0854479034321756
0.08549943161957288
0.08555785003816249
0.08562317530447691
0.08569542524267304
0.08577461892251909
0.08586077669076056
0.08595392021516308
0.08605407252335721
0.08616125805972155
0.08627550273213322
0.08639683397138667
0.08652528080346562
0.0866608739097855
0.08680364571667232
0.08695363045131023
0.08711086424594573
0.08727538522034758
0.08744723365016153
0.08762645202895974
0.08781308510663655
0.08800718014643887
0.08820878717652308
0.08841795877708768
0.08863475017432049
0.08885922127142103
0.08909139375714581
0.08933151233056788
0.08957937626268593
0.08983521245209478
0.09009908863866121
0.09037107799838909
0.09065126838919502
0.09093975373571309
0.09123663420587222
0.09154201678770413
0.09185601592004985
0.09217875426722824
0.09251036375075898
0.09285098579351611
0.09320077253323092
0.0935598920016657
0.0939285247404262
0.09458896056237294
0.09420999254959561
0.09384086099937268
0.09348136658277742
0.09313130794160564
0.09279046750140722
0.09245876681595008
0.09213592325509631
0.09182183312624378
0.09151634995340777
0.09121934161336681
0.0909306855831614
0.09065026800444304
0.09037798309040698
0.09011373211467932
0.08985742222754595
0.08960896274207922
0.08936828574381611
0.08913616674589285
0.08891002573252899
0.08869230779366613
0.0884820603603607
0.08827927192453534
0.08808388927609437
0.087895863411018
0.08771514890401222
0.0875417038164206
0.08737548925363023
0.08721646909255532
0.08706460992444054
0.08691988084006116
0.08678225350754604
0.08665170176753557
0.0865282015430604
0.0864117309269502
0.08630226997282253
0.08619980061338973
0.08610430658639073
0.08601577335822638
0.08593418805935718
0.08585953941476443
0.08579181769292049
0.08573101465149582
0.0856771234853694
0.08563013878878753
0.0855900565135991
0.08555687393600112
0.08553058962472931
0.0855112034165181
0.08549871639256823
0.08549313085971191
0.08549445033671968
0.08550267954542858
0.08551782439980302
0.08553989200423129
0.08556889065446524
0.08560482983939016
0.08564772025125543
0.08569757379389839
0.08575440360052357
0.08581822404980866
0.08588905079072247
0.08596690076556651
0.08605179224410492
0.08614374485557084
0.08624277962759891
0.08634891903202996
0.0864621870270858
0.08658260911727436
0.08671021240276225
0.08684502566960445
0.0869870793834777
0.08713640589355551
0.08729303933956048
0.08745701590552722
0.08762837386533331
0.08780715358312512
0.08799339764134745
0.08818715115165934
0.08838846156275557
0.08859737814965249
0.08881395212560286
0.08903816595767172
0.089270553068506
0.08951032636367658
0.08975812234621691
0.09001391900759931
0.09027777178773104
0.09054975908305038
0.0908299647324496
0.09111847849406116
0.0914153961586377
0.0917208200392653
0.09203485955936447
0.09235763169882014
0.0926892641578064
0.09302988683453214
0.09337965233398574
0.09373871752139384
0.09410725247310502
0.09539544429124741
0.09499323145461666
0.0945990828485489
0.09421533876360874
0.09384208533453028
0.0934791806808698
0.09312642348571307
0.09278347428593012
0.09245050434967289
0.09212692050732671
0.09181267339072596
0.09150758769356632
0.091211500637328
0.09092426130212075
0.09064572906264606
0.09037577382039896
0.09011427336480651
0.08986111302301428
0.08961618380905613
0.08937914839239457
0.08915286821488391
0.08892991024270464
0.08871723979692264
0.08851216758531674
0.08831486480428032
0.08812525092550354
0.08794326455757995
0.08776884985963204
0.0876019553667953
0.0874425333475263
0.0872905395569129
0.08714593304609325
0.08700867600067685
0.08687873239444437
0.08675607228619808
0.08664066409032217
0.08653248099539138
0.08643149807550958
0.08633769263066575
0.08625104405759798
0.08617153377081319
0.08609914511386219
0.08603386328549376
0.08597567526687769
0.0859245697523604
0.08588053709393006
0.08584356924655061
0.08581365971900012
0.08579080353161592
0.08577499717943103
0.08576623859725863
0.085764527133142
0.08576986352944897
0.08578224989700306
0.08580168970478907
0.0858281877694047
0.08586175025008094
0.08590238464484892
0.08595009979710805
0.08600490589831733
0.08606681450195103
0.08613583853734175
0.08621199232589813
0.08629529161176033
0.08638575358158909
0.08648339690143271
0.08658824175239535
0.08670030985608719
0.08681962470105718
0.08694621067864276
0.08708009540471401
0.08722130678054166
0.087369875175558
0.08752583280563797
0.0876892138743439
0.08786005456435188
0.08803839305992832
0.08822426974922568
0.08841772691884153
0.08861880755366836
0.08882756236482396
0.0890437800101968
0.08926894164704824
0.08950065718146526
0.0897406258950848
0.08998859758079139
0.09024461343444257
0.09050874136817379
0.09078105650029251
0.09106164005168642
0.09135057896644597
0.09164796611896403
0.09195390080541707
0.09226848958192271
0.09259185184495276
0.09292409303123143
0.09326535628135206
0.09361578955155467
0.09397554147992779
0.09434478086095477
0.09650528923639184
0.09624908556662687
0.09554620208578735
0.09514036974428064
0.0947391542671534
0.094347781340238
0.09396729385891389
0.09359786131843889
0.09323937987708933
0.09289142020316161
0.09255445141513109
0.0922275479059366
0.09191070167170298
0.09160371230738351
0.09130637900071392
0.09101851551435705
0.09073994381588069
0.09047050610345228
0.09021004900256713
0.0899584305864739
0.08971551571290726
0.0894812016707047
0.08925533624932414
0.0890405762489632
0.08882885351005199
0.08862800865539616
0.0884351047351514
0.08825024445144332
0.0880733430495736
0.08790432992237207
0.0877431408046834
0.08758971644512786
0.0874440020446968
0.08730594690200608
0.08717550408532898
0.08705263017765032
0.08693728553272692
0.08682942891404702
0.08672903527854509
0.08663606602460854
0.08655049457127623
0.08647229474877825
0.0864014428539922
0.08633791744507656
0.08628169925866502
0.0862327711211593
0.08619111786760522
0.08615672626581948
0.08612958495049877
0.0861096843625859
0.08609701669370326
0.08609157584109145
0.08609335737113794
0.08610235847601772
0.08611857794917122
0.08614201615978584
0.08617267503472173
0.08621055804471024
0.08625567019525554
0.08630801802351148
0.08636760959649209
0.0864344545208949
0.08650856395026478
0.08658995060466206
0.0866786287291885
0.08677461485688717
0.08687792400528496
0.08698857885388378
0.0871065986368674
0.08723200596838068
0.08736482536483678
0.08750508307933481
0.08765280725313498
0.08780802794471301
0.08797077705477947
0.08814108823568563
0.08831899674284982
0.08850453826290704
0.08869774238765735
0.08889868114829613
0.08910704735808408
0.08932509949898622
0.08954880281940097
0.08978110754563323
0.09002144237032822
0.09026984861520568
0.09052638491669601
0.09079111960929781
0.09106412709327924
0.09134548757503408
0.09163528679093715
0.09193361654648466
0.0922405754840378
0.09255627188278318
0.0928808128425108
0.09321431246836065
0.09355692542650781
0.09390878455531973
0.094270052830425
0.09464091794691908
0.09782525755133399
0.09732388896982415
0.09685056521431132
0.09642353282115174
0.09624961900920259
0.09538840025404605
0.09498621412175257
0.09458726824427556
0.09419803859740776
0.0938200417159927
0.0934536365134769
0.09309858101178332
0.09275550819228157
0.0924230819987369
0.09210174418726944
0.09179103355426543
0.09149074524618153
0.09120065259068028
0.0909205422388916
0.09065021074383503
0.09038947961640664
0.09013817119458772
0.08989612300810758
0.0896631808080665
0.08943923253554593
0.08922356460985201
0.08902121431355058
0.08882017470885077
0.0886311083826955
0.08845023302475563
0.0882777348069156
0.08811349280859931
0.0879574249101909
0.08780945733354578
0.08766952241079855
0.0875375577072886
0.08741350549429538
0.08729731237747461
0.08718892899032701
0.08708830974659038
0.08699541263318372
0.08691019922296159
0.0868326310633116
0.08676268073524392
0.08670031637133908
0.08664550979999155
0.0865982373302856
0.08655847701153613
0.08652620922796161
0.08650141664449999
0.08648408410548261
0.08647419856418509
0.08647174902101554
0.08647672645889824
0.08648912379478867
0.08650893583760219
0.0865361592507746
0.0865707925264983
0.08661283594978644
0.08666229152907239
0.08671916352907136
0.08678345782902686
0.08685517761018965
0.08693433692524039
0.08702094732847862
0.08711501830960304
0.08721656537166936
0.08732560476830331
0.08744215462666119
0.0875662349093086
0.08769786743514772
0.08783707588725143
0.0879838857349263
0.08813832397423313
0.08830041861406088
0.08847019719849705
0.08864767929061095
0.08883296471797317
0.08902503032802814
0.08922914058457082
0.089436548938154
0.08965325409769834
0.08987799704999469
0.09011083196955005
0.09035179678728956
0.0906009472830401
0.09085834765147159
0.09112406631156501
0.09139818016842322
0.09168076950609108
0.091971921294707
0.09227172956647223
0.09258029461697923
0.09289771752154993
0.09322412041115477
0.0935596423240103
0.09390441977426095
0.0942586217194358
0.0946224570578933
0.09499622851616768
0.09951240483024958
0.09892031240061377
0.09835549508147937
0.09785390098937755
0.09732250481081328
0.09684592606170334
0.09641580207885046
0.09591785675853232
0.09531330590127728
0.09491244857302383
0.094516162084094
0.0941293914233709
0.09375403682586322
0.09339078354729459
0.09303919783240774
0.09270056798322204
0.09237314791123302
0.09205737095926854
0.09175283015170163
0.09145929713621984
0.09117651513461611
0.09090424197998687
0.09064225605402143
0.09039035235736664
0.09014833135107303
0.08991601075421421
0.08969321989171332
0.08947979381914907
0.08927555760229913
0.08908080483774859
0.08889675980751263
0.08871738806911117
0.0885490172700703
0.08838913332991284
0.08823783524455547
0.08809501266025307
0.08796058141303337
0.0878344651934185
0.08771659385246361
0.08760690266073723
0.08750533180993006
0.08741182606065248
0.08732633443477994
0.08724880994767495
0.0871792093765384
0.08711749304894634
0.08706362465414172
0.08701757106824057
0.08697930221311762
0.0869487908861246
0.08692601265787259
0.08691094574337485
0.08690357090023379
0.08690387135630002
0.08691183274568448
0.08692744306813248
0.0869506926062096
0.08698157371021381
0.08702008075153624
0.08706621044184713
0.08711996161564288
0.08718133500232078
0.08725033342287053
0.08732696172163842
0.08741122675389845
0.08750313737721845
0.08760270443837137
0.08770994075316928
0.08782486106611723
0.0879474819751436
0.0880778217562689
0.08821589992779863
0.08836173619531121
0.08851534764190469
0.0886767409805862
0.08884582625424577
0.08902227039784805
0.08921133072439985
0.08940243389211214
0.08960347804606775
0.08981256732759879
0.09002980926679255
0.0902552272731286
0.09048886794601031
0.0907307868403322
0.09098104492775466
0.09123971151348878
0.09150685770745359
0.0917825625384479
0.09206691081961421
0.09235999724827988
0.09266197703947518
0.09297275193188467
0.09329268027536447
0.09362180484157914
0.09396028874061024
0.09430833342323587
0.09466622062130889
0.09503444740719538
0.09541434268996482
0.10186443637770752
0.10099851155283021
0.10029560971009993
0.09964254110198753
0.09903153118525969
0.09844309953429485
0.09786846013964613
0.09738899020237862
0.0969090972260779
0.09645759519967452
0.09564738282600213
0.0953129899017329
0.09490246389412857
0.09450921391304151
0.09412580775618701
0.09375393546332479
0.09339423393806875
0.09304787025268324
0.09271358039807388
0.09239168374795403
0.09208203913462867
0.09178424091274553
0.09149800259059529
0.0912230656555675
0.09095918583695503
0.0907060515804259
0.09046350439516695
0.09023130000522
0.09000923959570513
0.08979713366668529
0.08959480812150872
0.08940209819636005
0.089218879158141
0.08904471898641877
0.08888151967274346
0.08872509244715718
0.0885781915905029
0.08844043909650379
0.08831143859727839
0.0881911322661639
0.08807943194135123
0.08797625992663602
0.08788154490516868
0.08779522111817498
0.08771722792188408
0.08764750941999855
0.08758601416206085
0.08753269487991304
0.08748750825261782
0.08745041469815538
0.08742137818301438
0.08740036605578261
0.08738734890023878
0.08738230039472118
0.0873851971908481
0.08739601880865966
0.08741474753852765
0.08744136835493271
0.08747586884268369
0.0875182391256801
0.08756847181040184
0.08762656192873873
0.08769250688942715
0.08776630642383389
0.08784796253017875
0.08793747939097397
0.08803486322958623
0.0881401221081245
0.08825326540387987
0.08837430232750625
0.08850323929392068
0.08864009708504961
0.08878470526142504
0.08893636889254511
0.08910143761308874
0.08926923386004984
0.08944570255487796
0.0896307351231529
0.08982397517547228
0.0900254435432882
0.09023517245745297
0.09045320531765502
0.09067959288961162
0.0909143940327163
0.09115766005516206
0.09140946924728244
0.09166989001877049
0.09193900118279534
0.09221688983613882
0.09250366679281893
0.09279957740749839
0.09310416302348137
0.09341825038793314
0.09374170063046522
0.09407475004255023
0.09441769760203839
0.09477105713853139
0.09513611539169428
0.09551487518774988
0.09608170211335747
nan
0.10366010861880756
0.1030745180503069
0.10188154778506825
0.10125758452071841
0.10050080871158229
0.09981450864667332
0.0991766286830297
0.0985739578869375
0.09800953098030926
0.09750344458413537
0.09700133253623894
0.0965373399426091
0.09573662237308772
0.09587794960717949
0.09494667892832717
0.09455411864905272
0.09417504052421206
0.0938079129114383
0.09345264168383116
0.09311242489773502
0.09278412422539473
0.092469011315584
0.09216626384628823
0.09187614675797003
0.09159814022519422
0.09133195690285965
0.09107731947468406
0.09083396667346827
0.09060163277670473
0.09038009753081161
0.09016913655380804
0.0899685472147899
0.08977813847844834
0.08959773509197028
0.08942717349072657
0.08926630137850733
0.08911498648147326
0.08897300899021467
0.08884066754937558
0.08871726228372045
0.08860278684847134
0.08849743272435563
0.08840098703337985
0.08831335541117753
0.08823446405127558
0.08816424172678831
0.08810262318690107
0.08804954842732163
0.08800496233335017
0.08796881439263589
0.08794105844178227
0.08792165244841524
0.08791055830500369
0.08790774164904205
0.08791317170253567
0.08792682112437242
0.08794866587776151
0.08797868510524666
0.08801686101041989
0.08806317873402464
0.08811762623526909
0.08818019411867409
0.088250875275737
0.088329664805592
0.08841655770103617
0.08851154948656309
0.08861468604629495
0.088725611067755
0.0888441956418094
0.08897387815497701
0.0891109381054033
0.08925349665503288
0.08940566667986723
0.08956600768145678
0.0897346650420168
0.089911646435272
0.09009698098244101
0.09029070498288598
0.09049286117218827
0.09070349644994993
0.09092266827558092
0.09115041374216987
0.09138681834051228
0.09163194240715067
0.09188586119634529
0.09214865906460334
0.09242045942238991
0.09270131362021154
0.09299156291829518
0.09329068469064322
0.09359959407070381
0.09391825260986326
0.09424700917002353
0.09458645866663307
0.0949378598971866
0.09530580290767224
0.09570087817769576
0.09604698836116388
0.09634634416441025
nan
nan
nan
0.10322831507715687
0.1048093315248274
0.10173299048045015
0.10277705177401528
0.10159700005968231
0.10072698056810767
0.10001006859321934
0.09934804061341371
0.09872718225901836
0.09815259446922361
0.09761179078634466
0.0971565945168921
0.09664816362312595
0.09577549839342975
0.09573923939066518
0.09505327568087568
0.09464337229793574
0.09426829182832339
0.09390731119072308
0.0935585547839799
0.0932252449263374
0.09290446529965656
0.092597162276807
0.09230286722563938
0.09202184678404557
0.09175331827787137
0.09149710649858511
0.09125292012005076
0.09102045616543522
0.09079952997609372
0.09058977973724931
0.0903910255658208
0.09020304357862331
0.09002563063887462
0.08985859673403582
0.08970176744076055
0.08955498038395557
0.08941808511246704
0.08929094222534403
0.0891734224544944
0.08906540717671385
0.08896678206797906
0.08887744972630783
0.08879731478067923
0.08872628515108696
0.08866428272543628
0.08861123380261307
0.08856706934815167
0.08853172633170443
0.08850514710775179
0.08848727904053164
0.08847807424203351
0.08847748929869388
0.08848548503720219
0.08850202619535988
0.08852708053735728
0.08856061605105822
0.08860259463297653
0.08865297027947514
0.08871173367801764
0.08877903766595338
0.08885515714243
0.08893986964224257
0.08903238464305321
0.08913294721781917
0.08924228304821422
0.08936006556500756
0.08948624671703999
0.08962088130703263
0.08976398149830841
0.089915568176993
0.09007566686979417
0.09024430658775952
0.09042152254960345
0.09060735196544764
0.0908018394680499
0.09100501985298876
0.09121697334893758
0.09143773948862755
0.09166738963304319
0.09190599830472204
0.09215364596056028
0.09241044981828067
0.09267660969132888
0.09295235331517443
0.09323678842353622
0.09353157021078248
0.0938363236206129
0.09415154489575794
0.09447799367612877
0.09481730857661316
0.09517469501476568
0.09557916022551328
0.09608142048209228
0.09590455427536057
0.09652770023598042
0.0969544765238167
nan
nan
nan
nan
nan
0.10682657214573076
0.10773712339206903
0.10477928425791942
0.10356781343821704
0.10222859510494003
0.10174318269840624
0.10094925247605929
0.10020564160184475
0.09952713468168553
0.09887766042851577
0.09830395065441555
0.0977557447324276
0.09724282114604892
0.09679418259012272
0.09623375637708148
0.09576939721535378
0.095489749448107
0.0947792076056105
0.09440043753953348
0.09404612344882966
0.09370585041389423
0.09338086837010841
0.0930692673755125
0.09277154484878689
0.09248750024164498
0.09221678592965837
0.09195926465680339
0.09171449795908093
0.09148220105384583
0.09126207945214027
0.09105383917353649
0.09085742984248465
0.09067209853680115
0.09049804275409408
0.09033493244335733
0.09018256447951374
0.09004075366846821
0.08990932815332092
0.08978812978233941
0.08967701171550296
0.08957583819975826
0.0894844837002266
0.08940283220213631
0.0893307765544396
0.0892682178884511
0.08921506508838133
0.0891712343278109
0.08913664864133872
0.08911123758345901
0.08909493692415556
0.08908768835149486
0.0890894392005355
0.0891001422178116
0.08911975528142319
0.08914824101374433
0.08918556636207754
0.08923170265233984
0.08928662603804918
0.08935031692899582
0.08942275912301167
0.08950394098354664
0.08959385516006055
0.08969249809403464
0.08979987061325913
0.0899159775809596
0.09004082814522209
0.0901744357978936
0.09031681745889568
0.09046799717564216
0.09062800175503606
0.09079686608039758
0.09097460656465736
0.09116130646101958
0.09135698926343629
0.09156171742082785
0.09177555715165146
0.09199858535571362
0.09223089071607302
0.09247248100361391
0.09272382575277235
0.0929848842291465
0.09325540643242579
0.0935361270060221
0.09382743417443182
0.09412984739538782
0.09444446846960788
0.09477373126104442
0.09512546389596502
0.09555764724063834
0.09595074017700023
0.09599081809548482
0.09631014129964009
0.09677521060678662
0.09719039889268447
0.09760825014584912
nan
nan
nan
nan
nan
nan
nan
nan
nan
nan
0.10494356671811142
0.10376227054167794
0.1026872818476843
0.10159187168592007
0.10109737319038639
0.10022197180049616
0.09971806610288203
0.0990385012044601
0.09845542879605673
0.09790331349141573
0.09738491489148753
0.09689987058942473
0.0964380737270279
0.09572081614869742
0.09566723318427961
0.09502667882789201
0.094572085639366
0.09422128420852743
0.0938906271302554
0.09357590841217002
0.09327534744930115
0.09298908038472095
0.09271690030854485
0.09245853472875865
0.09221370815296834
0.09198203381851731
0.091763280700729
0.09155710785759798
0.09136322506533673
0.09118135550769996
0.09101118828888523
0.09085284528812815
0.09070543274847667
0.09056923072585644
0.09044393212635121
0.09032935621079158
0.09022533756115166
0.09013172388246203
0.09004837470085711
0.08997516046732072
0.08991196180181346
0.08985866882628565
0.08981518057931674
0.08978140449063426
0.08975725590461767
0.08974265766767657
0.0897375397444436
0.08974183887740486
0.08975549827612286
0.0897784673285013
0.08981070134408406
0.08985216132282975
0.08990281376256415
0.08996263050056166
0.09003158854820886
0.09010967075200299
0.09019686154959179
0.09029315713843156
0.09039855297999566
0.09051305210485132
0.09063666305327321
0.09076940181419946
0.09091125984505237
0.09106230934072679
0.09122256095312331
0.09139205184301372
0.09157082996554977
0.09175895407473281
0.09195649213421328
0.09216351346231552
0.09238005465776179
0.09260658155265405
0.09284275063476652
0.0930891779271549
0.09334583076775452
0.09361277631767065
0.09389128234568714
0.09418198352123715
0.09448675816131122
0.09481010996389236
0.09516943909505933
0.09592313983903286
0.09586480559367273
0.09595896537221495
0.0959128131353761
0.0966477320025082
0.09706846618374515
0.0974836515762423
0.09791347040283291
0.09831919610915073
nan
nan
nan
nan
nan
nan
nan
nan
nan
nan
nan
nan
nan
nan
0.10410271006150293
0.10292726056678436
0.10213549147872526
0.1013981247852653
0.10058115117706844
0.09989988342830582
0.09907855517717751
0.09859370913359072
0.098047106213175
0.09752788374095372
0.09704400587702508
0.09658292945973228
0.09540574309352715
0.09559032383766908
0.09556982326768201
0.09480801378443893
0.09443396586870714
0.09411174801583713
0.09380902758844814
0.09352150090012372
0.0932487255950284
0.09299041865976834
0.09274630381828974
0.09251608300137432
0.09229944761717906
0.09209608249907877
0.09190566574872808
0.09172791612760454
0.09156254650067581
0.09140929332533418
0.09126791019873318
0.0911381670129093
0.09101983077880758
0.09091280412063105
0.09081681868803518
0.09073164416154783
0.09065723222779731
0.09059340706238017
0.09054003970387871
0.09049700960498297
0.0904642068892573
0.0904415313789232
0.09042889205764518
0.09042620656918439
0.09043340080348664
0.09045040853008371
0.09047717107744518
0.09051363706504388
0.0905597622602391
0.09061550931296901
0.09068084780657372
0.09075575501503891
0.09084025512136268
0.0909340528151766
0.09103766529308835
0.09115072977452536
0.09127333654703502
0.09140550416038226
0.09154726117950779
0.09169864212679643
0.09185969469658506
0.09203047517865354
0.09221105312058823
0.09240167099033669
0.0926021465702136
0.09281280981139256
0.09303384830499158
0.09326599349368475
0.0935084528327384
0.09376259048431246
0.09402948923386469
0.09431077483318942
0.09461038129247443
0.09494031669046077
0.09540465705577672
0.09580237345399652
0.09587587707976436
0.09591467383307628
0.09602673094036387
0.09657399989301547
0.09700624109750086
0.09742061997121754
0.09783218811168226
0.09823594730615126
0.09866501211139177
0.09909982640018244
nan
nan
nan
nan
nan
nan
nan
nan
nan
nan
nan
nan
nan
nan
nan
nan
nan
0.10417842417061571
0.10310910468412439
0.10222678754986975
0.10115083979963418
0.10071343014204134
0.10000112201590369
0.09935191990038342
0.0987300108730726
0.09818300740619643
0.0976492800787183
0.09719467687195221
0.09674400258540242
0.09630093431305105
0.09558662373296309
0.09551166591216528
0.09540365574704116
0.09469989261525492
0.09437131540714835
0.09408088882672463
0.0938083304274123
0.09355123504781551
0.0933089854828858
0.0930812634585659
0.09286777403485635
0.09266821166221917
0.0924822614417404
0.09230961832835048
0.09214998357779308
0.09200307427555587
0.09186862437301355
0.09174638532833522
0.091636126042166
0.09153763246144023
0.09145070687823931
0.09137516712061053
0.09131084570239478
0.09125758903022388
0.09121525673034596
0.09118372076437353
0.0911628650490661
0.0911525851510709
0.09115278704077666
0.09116338667706919
0.09118430937065497
0.09121548901348835
0.09125686910167219
0.09130840222524624
0.09137004965716858
0.09144178178273302
0.0915235780426806
0.09161542723686779
0.09171732797780739
0.09182928917323943
0.09195133037708839
0.0920834845724939
0.09222569455149199
0.09237846058034821
0.09254130502618316
0.09271462691749024
0.09289855997851017
0.0930933251660726
0.0932990980583491
0.0935176461100214
0.09374627034400124
0.09398945960793686
0.09424800883712048
0.09452661355980196
0.094838831558061
0.09529765269212631
0.09579478628409807
0.09583496997304539
0.09584585199179953
0.09586184179513509
0.09598986548227897
0.09657087883958017
0.09701434416494331
0.0974198452770425
0.09775322353111426
0.09821831222959154
0.09863703028459984
0.09906085124504241
0.09950665247132093
0.09996634259586683
nan
nan
nan
nan
nan
nan
nan
nan
nan
nan
nan
nan
nan
nan
nan
nan
nan
nan
nan
nan
0.1044745141992891
0.10322596425657067
0.10231550911545863
0.10143069940306722
0.10098149122795966
0.10011656898639287
0.09947363185470967
0.09889738607716551
0.09833484795445235
0.09782884789627147
0.09735873012568384
0.09691367684882068
0.09650035731023618
0.09608702595791699
0.09549025699175454
0.09543629535235831
0.09519296572524816
0.09468265845466733
0.09439461076248616
0.09413811390195212
0.09389898713036576
0.09367520170520795
0.09346624141125923
0.09327179974392832
0.09309158572332024
0.09292530271917981
0.09277265154972077
0.09263334066659842
0.09250709089817427
0.09239363895343233
0.09229273871555801
0.09220416188676941
0.0921276976881438
0.09206315249333782
0.09201034913369172
0.09196912616993322
0.0919393371684133
0.09192085010058987
0.09191354675264803
0.09191732208754144
0.09193208375935988
0.09195775157941899
0.09199425737348604
0.0920415492756268
0.0920995969253885
0.0921683564145904
0.09224780047498704
0.09233795193080016
0.09243881927307693
0.09255044109102709
0.09267287348328418
0.09280621946380246
0.09295060008697126
0.09310620092073421
0.09327328588081943
0.09345220359215517
0.093644015223161
0.09384885029289014
0.09406801130937856
0.09430575174667447
0.09456888987165445
0.09488455771584162
0.09558868799035242
0.09575581416509504
0.09576231161542477
0.09577804733433218
0.09579511868103319
0.09580858880160947
0.09597641407113049
0.09667304068875615
0.09708965235636662
0.09746877869058822
0.09786094521892774
0.09826132116426703
0.09867009967556753
0.09908066272066518
0.09951897991211388
0.09997204229524638
0.10043977489345896
0.10092826089568874
nan
nan
nan
nan
nan
nan
nan
nan
nan
nan
nan
nan
nan
nan
nan
nan
nan
nan
nan
nan
nan
nan
nan
0.1043760078670797
0.10327270072436799
0.1024037211323108
0.1017089997819994
0.10068679828035912
0.10021865279626536
0.09958639026513663
0.09901245447591368
0.0984875521634372
0.09799193935047057
0.09753546732746103
0.09711166105670616
0.09671673875339332
0.09634702144454255
0.0959863112381823
0.09523228740856007
0.09526863555569598
0.0950950809680505
0.09476544680710708
0.09451478525421148
0.09429571087827253
0.09409322395088135
0.09390578287565625
0.09373304803676125
0.09357477651323043
0.09343071379315057
0.09330059215451869
0.09318413956805192
0.09308109209389087
0.09299119864006743
0.09291422461349165
0.09284995350109869
0.092798187156418
0.09275874607538304
0.09273146922451167
0.09271621374466589
0.09271285472039495
0.09272128521262527
0.09274141645478735
0.09277317857463163
0.09281652144917125
0.09287141638406655
0.0929378589497277
0.09301587309493373
0.0931055178126347
0.09320689278406938
0.0933201719808395
0.09344558803124237
0.09358352778425622
0.09373449422723766
0.09389990879715227
0.09408081598306572
0.09427966166087058
0.09450513138388456
0.09478138670764892
0.09549455516414762
0.09566426460931265
0.09566743186656548
0.09568581136064128
0.09570647965767773
0.0957272376469307
0.09574538083078712
0.09575858138730167
0.09631612290020836
0.09684730509259742
0.09722513045121373
0.09759986492914259
0.09798004267317331
0.09836553728262001
0.0987646946502415
0.09916853690521737
0.09960712091236253
0.10003661511845427
0.10049643462548238
0.10094576100833508
0.1015781377433063
0.10185405799321481
nan
nan
nan
nan
nan
nan
nan
nan
nan
nan
nan
nan
nan
nan
nan
nan
nan
nan
nan
nan
nan
nan
nan
nan
nan
0.10591229699856394
0.10434377848573083
0.10334405747288256
0.10249459077451031
0.10174719846072852
0.10095643490780995
0.10052368483711245
0.09970690936090774
0.0991526969102626
0.0986483336933287
0.09817362646013496
0.0977398985242133
0.09733632981764553
0.09696247884354052
0.09661572797484133
0.09629414489432576
0.09599478701382536
0.09570732589306888
0.09502641868350786
0.09513558033783293
0.09494880864836575
0.09474559063000644
0.0945680300881531
0.094406340391847
0.09425884000882154
0.09412580735904907
0.09400715190619732
0.0939027257729322
0.09381232203848977
0.0937357262308211
0.09367272742513125
0.09362312791669225
0.09358675140136741
0.09356344546810026
0.09355308408823645
0.09355557070381212
0.09357084237896139
0.09359887567388661
0.09363969537473696
0.09369338790823112
0.09376012336360184
0.09384019256602119
0.09393408126970525
0.09404256725366601
0.09416709504657288
0.09431068653989813
0.0944778637882625
0.09468770599147758
0.09540251467031224
0.09555386436801722
0.0955553241965098
0.09557022907611198
0.09559141399602938
0.09561259873711106
0.09563362118945398
0.09565498691169363
0.09567547034274484
0.09568354286275021
0.09579584526088117
0.0967303304558014
0.09707031306584246
0.09744726192170411
0.09780278682356938
0.09816378809017534
0.09853643477379592
0.09894858113746216
0.09931143848419881
0.09973467778624709
0.10016532514047825
0.10061713917326559
0.10109038056977551
0.10199839188157134
0.10180881688496635
0.10188148520921064
0.10333588059989242
nan
nan
nan
nan
nan
nan
nan
nan
nan
nan
nan
nan
nan
nan
nan
nan
nan
nan
nan
nan
nan
nan
nan
nan
nan
nan
nan
0.10665004052285498
0.10551591749204155
0.10429390186025868
0.10332806444718677
0.10259124488853398
0.1017756874495187
0.10104529756880604
0.10040897154256992
0.09983694122807649
0.09931227131418624
0.09881657283067613
0.09838872659260998
0.09797912034546782
0.09760219202281714
0.09725347941072626
0.09693211433720021
0.09663587256678359
0.09636327360869038
0.0961131501295801
0.09588454997726195
0.09567803794782936
0.09548762045990339
0.09537508209021048
0.09508137479481756
0.09498357417563119
0.09486549654762919
0.09476418913096364
0.09467639683339564
0.09460321746649229
0.094544672995231
0.09450077633377543
0.09447170851103898
0.09445761122996632
0.09445874838728152
0.09447564682676417
0.0945093008288562
0.09456167308760823
0.0946371359625637
0.09474740480938781
0.09501162264088488
0.09526450526810962
0.09540940941338638
0.09543554234248319
0.09544228076971761
0.09545686953078197
0.09547636245471636
0.09549687871051674
0.09551735287329663
0.09553788018157902
0.0955587708222327
0.09557961096825465
0.0955947186641037
0.09562693246023667
0.0964033403757241
0.09676859687540815
0.09709964495435412
0.09741833353702706
0.09774149727822973
0.09807236849835685
0.09841625217740887
0.0987741511002814
0.0991313516745201
0.09953063580567875
0.0999356124850436
0.100360557537538
0.10080644281574516
0.10133190107724994
0.10244047118002748
0.10196139172585811
0.10514963907699165
0.10574881741182035
0.10629508604322874
0.10662286604006813
nan
nan
nan
nan
nan
nan
nan
nan
nan
nan
nan
nan
nan
nan
nan
nan
nan
nan
nan
nan
nan
nan
nan
nan
nan
nan
nan
nan
nan
nan
nan
0.10724150969496822
0.10423890812571383
0.10329956162549675
0.10269094409252391
0.10179987564079929
0.10113410710419556
0.10052825038015366
0.10001297954429918
0.09950048875165554
0.09905113678845776
0.09864533856413335
0.09826514436524486
0.09791838115930351
0.09760040433991092
0.09730882535620405
0.09704188648538195
0.09679799147515579
0.0965757368968923
0.0963738287816514
0.09619101410690403
0.09602601192319123
0.09587743626434747
0.09574337845800857
0.09562020636614552
0.09550851576294014
0.09522271328750087
0.09512068738811934
0.09517150790439886
0.0952100270215798
0.09524353871716165
0.09527745902610127
0.09530713852803104
0.0953276242539704
0.09533938701009509
0.09534719896696925
0.09535593883382937
0.09536791237775656
0.09538300711270886
0.09540004957022392
0.09541779503171036
0.09543517507577425
0.09545098760176426
0.0954658093792201
0.09553863364788033
0.09613199708952432
0.09646911765002605
0.09673575347870213
0.09699457546044032
0.09725787609198236
0.09752921957363268
0.09781520203311118
0.09810735926681963
0.09841693810285865
0.09874079472723585
0.09904743247780685
0.09943881440329602
0.09980992974705091
0.10021478608988199
0.10069608844318248
0.1013799773882673
0.10252017922208362
0.10231361048861866
0.10216649335783562
0.1020779395818413
0.10208668377989041
0.10252020721950689
0.10260759042530802
0.10508657244857383
0.10662330618333607
nan
nan
nan
nan
nan
nan
nan
nan
nan
nan
nan
nan
nan
nan
nan
nan
nan
nan
nan
nan
nan
nan
nan
nan
nan
nan
nan
nan
nan
nan
nan
0.11011564938288274
nan
0.10729859474499776
0.1051513395110547
0.10416694289494163
0.10327826536163633
0.10280363045722876
0.10184964086620171
0.10123490024952447
0.10068054183368168
0.100186364179961
0.09974257467022271
0.09932454890586145
0.09894946076507181
0.09861075938907973
0.09829823499052584
0.09801432416908923
0.09775632521686957
0.09752243339393249
0.09731107287058774
0.09712092317669532
0.09695074254094668
0.09679940623343897
0.09666587060099974
0.09654915520841703
0.09644833819976406
0.09636254550982186
0.09629098888764635
0.09623296820450247
0.09618792041931551
0.09615554961173489
0.09613590781885567
0.09612950775952274
0.0961373479465414
0.0961607921336492
0.09620122051016608
0.09625958406892188
0.09633619168593716
0.0964308490662941
0.09654303792741048
0.09667218300068368
0.09681760934593084
0.0969787567319513
0.09715529321361976
0.09734630856907245
0.09755181243748222
0.09777013637123992
0.09800263548807925
0.09824564920020887
0.09849786493639598
0.09875594460958367
0.09902406888923301
0.09929497712917276
0.09957898064536005
0.09988047804202477
0.10023848768756788
0.10065153894847388
0.1011059724597867
0.10242962002859052
0.10205065838087418
0.10238846289938924
0.1030431511626411
0.10361574035191773
0.10414156218023143
0.10495269153837225
nan
nan
0.10703638468087373
0.1065717388471234
nan
nan
nan
nan
nan
nan
nan
nan
nan
nan
nan
nan
nan
nan
nan
nan
nan
nan
nan
nan
nan
nan
nan
nan
nan
nan
nan
nan
nan
nan
nan
nan
nan
nan
nan
nan
0.10632465366392446
0.10497837215068215
0.10408360876930682
0.10328619382980633
0.10291265727822893
0.10194204146468125
0.10138629799418754
0.10088946034764093
0.10043779006840825
0.100031297096428
0.09966329717457204
0.09932900415259446
0.09902673545137491
0.09875160082601651
0.09850818256055843
0.09828681240776038
0.09808903563384361
0.09791332255929658
0.09775841580019379
0.09762321831529808
0.09750679269070306
0.0974082229094961
0.09732686110419903
0.09726207849038043
0.09721338931991066
0.09718043019949449
0.09716296632105358
0.09716087158346681
0.09717413560086914
0.09720283558832302
0.09724711404996261
0.09730716311657317
0.0973829696668376
0.09747515855458891
0.09758334168631069
0.09770774327411791
0.0978490735849315
0.09800661344284342
0.09818068143045486
0.09837119599544536
0.09856124321461585
0.0988352588949855
0.09904087994091344
0.09930014659047189
0.09957571462617318
0.09986813616578363
0.1001775738002981
0.10050254892800967
0.10083239405227573
0.10128200579682646
0.10201765056376227
0.10214957214752038
0.10169782606553274
0.10292327242892563
0.10348002757520997
0.10403895306389808
0.10457722006241747
nan
0.10661856060848585
0.10666376035449435
0.1067080523256256
0.10674603002202385
0.10679703165405693
nan
nan
nan
nan
nan
nan
nan
nan
nan
nan
nan
nan
nan
nan
nan
nan
nan
nan
nan
nan
nan
nan
nan
nan
nan
nan
nan
nan
nan
nan
nan
nan
nan
nan
nan
nan
nan
0.10980038785834657
0.10845791780315733
0.10873384773185046
0.10617724474169685
0.10481216881317959
0.10399837904199835
0.10335425539233559
0.10297557506737996
0.10209478836096067
0.10160410102540535
0.10116234808233882
0.10076450797130496
0.10040565636697218
0.10008315661257383
0.09979349535620285
0.09953403087588475
0.0993024867284392
0.09909689924794665
0.09891558607929885
0.09875819657613485
0.09862035652667689
0.09850442591892783
0.09840784242877426
0.09833015673679957
0.09827071838444036
0.09822900637994353
0.09820461768265903
0.09819725622586856
0.09820672507077224
0.09823291647607169
0.09827580166473204
0.09833542116674254
0.0984118694971015
0.09850548922053742
0.09861684701021294
0.0987620741459751
0.09887252281911019
0.09904543276396385
0.09922627663148414
0.09942406858161446
0.09964986145288807
0.09987386151592867
0.10012475008951119
0.10039107495232039
0.10066761875589834
0.10110740135834706
0.10166432451917393
0.10233913757975954
0.10216343611224779
0.10216581914531389
0.10289162492957217
0.10342481831698616
0.10389277095592252
0.10454419369496892
nan
nan
0.10649333262473376
0.10653949127572324
0.106587704756733
0.10629500373077932
nan
nan
nan
nan
nan
nan
nan
nan
nan
nan
nan
nan
nan
nan
nan
nan
nan
nan
nan
nan
nan
nan
nan
nan
nan
nan
nan
nan
nan
nan
nan
nan
nan
nan
nan
nan
nan
nan
nan
nan
nan
nan
nan
0.11091739358273017
0.10769464712535251
0.10763118527510152
0.10597409632471579
0.10470076530414277
0.10408395487873676
0.1034975212912923
0.10281402380309465
0.1023246088816745
0.10190782573149479
0.10152785853681966
0.10118530358025425
0.10087873066672814
0.10060561040548258
0.10036343110867611
0.10015001492679279
0.09996338739418326
0.09980195757072449
0.09966424518973802
0.09954907987847583
0.09945522021014
0.0993821278116167
0.09932895724418661
0.0992951324870241
0.09928021820847656
0.09928389542199259
0.09930595569096956
0.09934616193325092
0.09940458416606723
0.0994810645697791
0.09957572146528967
0.09968845403978546
0.0998192945258173
0.09996805281525875
0.10013228505220426
0.10032939905568185
0.10044704728903753
0.10082874620543751
0.10111412859793753
0.10141188027522491
0.10174233823680671
0.10231169606295618
0.10224783594781489
0.10216591737682323
0.1029735124806184
0.103455250885777
0.10401137680812904
0.10446556475234497
nan
nan
0.10630587083639503
0.10635646273941869
0.10640798905769373
nan
0.10996999982191943
nan
nan
nan
nan
nan
nan
nan
nan
nan
nan
nan
nan
nan
nan
nan
nan
nan
nan
nan
nan
nan
nan
nan
nan
nan
nan
nan
nan
nan
nan
nan
nan
nan
nan
nan
nan
nan
nan
nan
nan
nan
nan
nan
nan
nan
nan
nan
nan
0.11113173783550168
0.10756049907030191
0.10717428439525298
0.10581285054666723
0.10502065338492486
0.10470779485222091
0.10372800822183592
0.1032757728278513
0.10268841359677532
0.10231267336230199
0.10200652405353208
0.10172579689316076
0.1014756515698132
0.10125590252677
0.1010651629523284
0.10090184640359341
0.10076434032249017
0.1006519343001751
0.10056266840528008
0.10049616467840916
0.10045156421231238
0.10042828840924276
0.10042589726084716
0.10044418099036934
0.1004829210548294
0.10054198557963612
0.10062098901077624
0.10072151529448742
0.10084273236438884
0.10098326351622679
0.1011453673454914
0.10134860598355577
0.10160205072371767
0.10183487002651569
0.10257825598198127
0.10233388263859747
0.10235548862728344
0.10274327013085405
0.10324182876029328
0.10368670923182761
0.10417209969259614
nan
nan
nan
0.10639946875946513
0.10617162936627798
0.10621111281155202
0.10625619565754257
nan
nan
0.10669818881547179
nan
nan
nan
nan
nan
nan
nan
nan
nan
nan
nan
nan
nan
nan
nan
nan
nan
nan
nan
nan
nan
nan
nan
nan
nan
nan
nan
nan
nan
nan
nan
nan
nan
nan
nan
nan
nan
nan
nan
nan
nan
nan
nan
nan
nan
nan
nan
nan
nan
nan
nan
0.11146669367849668
0.1088234917865486
0.10754933262817731
0.10648011803962859
0.10585538462408534
0.10518284417576566
0.10465770690896303
0.10406733271870938
0.10368024450657828
0.10334131000286864
0.10302904337023122
0.1025916336374718
0.1024300520641438
0.10224033189165135
0.10207936091994033
0.10194560130641839
0.10183854799504821
0.10175745156039717
0.1017015900750699
0.10167037826410724
0.10166350084363741
0.10168084820245998
0.10172276151024134
0.10179017240818801
0.10188568726763927
0.10201676138756832
0.10222543403969835
0.10254953865010605
0.10247251228128343
0.10249334789977306
0.10245786581616519
0.10283892176127596
0.10326216231815057
0.10364874674554991
0.10412554731151516
0.10706149298264739
0.1061472188814691
nan
nan
nan
0.10594694095933618
nan
0.10639688486895427
nan
nan
nan
nan
nan
nan
nan
nan
nan
nan
nan
nan
nan
nan
nan
nan
nan
nan
nan
nan
nan
nan
nan
nan
nan
nan
nan
nan
nan
nan
nan
nan
nan
nan
nan
nan
nan
nan
nan
nan
nan
nan
nan
nan
nan
nan
nan
nan
nan
nan
nan
nan
nan
nan
nan
nan
nan
nan
nan
nan
0.11023573033637331
0.10862342342332906
0.10758710428308146
0.1067654233505467
0.10617875920311864
0.10551249079080251
0.10503448430690046
0.10461420046417043
0.10445787500522499
0.10399007656361237
0.10372268940723868
0.1034889675493616
0.10327038192828039
0.10256495625199923
0.10263980362721666
0.10268578792167604
0.10270164992918335
0.10270398915806729
0.10269903521256393
0.1026850139532407
0.10264474784663695
0.10249790343783402
0.10302918790761803
0.10325735831255173
0.10347769806015858
0.10372818994505284
0.10411344982660503
0.10528801357278811
0.10762880995365881
0.10635182645015279
0.1060695022419752
0.10736643387469355
0.10569172524100355
0.10565926497171371
0.10652150550234596
nan
0.10605715899290724
nan
0.10705472604439378
nan
nan
nan
nan
nan
nan
nan
nan
nan
nan
nan
nan
nan
nan
nan
nan
nan
nan
nan
nan
nan
nan
nan
nan
nan
nan
nan
nan
nan
nan
nan
nan
nan
nan
nan
nan
nan
nan
nan
nan
nan
nan
nan
nan
nan
nan
nan
nan
nan
nan
nan
nan
nan
nan
nan
nan
nan
nan
nan
nan
nan
nan
nan
0.11204662408229647
0.11003478461412891
0.10869968945062913
0.10782131443692805
0.10713598028969637
0.10656352898664548
0.10604320608055266
0.1056913434993123
0.10535184635878761
0.10506102986846
0.10480116900640699
0.10447485169105009
0.10453858977116393
0.10457364469441144
0.10460801477888568
0.10464826556445406
0.10469588841996003
0.10475851639249925
0.10481127926540096
0.10486391732951028
0.10491578810192319
0.10465768455804622
0.10504054405024378
0.10510702000556196
0.10516875090366448
0.10522969995478332
0.10529526925638842
0.10551386069164209
0.10616765173078925
0.10546423532561876
0.10532454109261792
0.10620462631267437
nan
nan
nan
nan
nan
nan
nan
nan
nan
nan
nan
nan
nan
nan
nan
nan
nan
nan
nan
nan
nan
nan
nan
nan
nan
nan
nan
nan
nan
nan
nan
nan
nan
nan
nan
nan
nan
nan
nan
nan
nan
nan
nan
nan
nan
nan
nan
nan
nan
nan
nan
nan
nan
nan
nan
nan
nan
nan
nan
nan
nan
nan
nan
nan
nan
nan
nan
nan
nan
nan
nan
0.11111106423203941
0.11030210116458188
0.10916632450882643
0.10841083025418108
0.1078200455798222
0.10733511145521012
0.10695895026476102
0.10665135085674982
0.1064539235697316
0.10633179027579859
0.1060520403040281
0.1059425013321724
0.10587712134408919
0.10584291927047376
0.10590853594032748
0.10591751128672014
0.10599899095606541
0.10605719822362203
0.10631522428540749
0.10649447436681374
0.10655012295375757
0.10688195070216788
0.10651580859273951
0.10781876606612126
nan
nan
nan
nan
nan
nan
nan
nan
nan
nan
nan
nan
nan
nan
nan
nan
nan
nan
nan
nan
nan
nan
nan
nan
nan
nan
nan
nan
nan
nan
nan
nan
nan
nan
nan
nan
nan
nan
nan
nan
nan
nan
nan
nan
nan
nan
nan
nan
nan
nan
nan
nan
nan
nan
nan
nan
nan
nan
nan
nan
nan
nan
nan
nan
nan
nan
nan
nan
nan
nan
nan
nan
nan
nan
nan
nan
nan
nan
nan
0.11220345749521843
0.11111145961577826
0.11017801239775851
0.10943466046065062
0.10909935553091593
0.10864013839943507
0.10835015155437719
0.10815726423766836
0.10804033374020147
0.10800414202087322
0.10804697034830818
0.10818600677619095
0.10837529759924339
0.10901197758084707
0.10983898149093883
0.11067481301443616
nan
0.11063411003673604
nan
nan
nan
nan
nan
nan
nan
nan
nan
nan
nan
nan
nan
nan
nan
nan
nan
nan
nan
nan
nan
nan
nan
nan
nan
nan
nan
nan
nan
nan
nan
nan
nan
nan
nan
nan
nan
nan
nan
nan
nan
nan
nan
nan
nan
nan
nan
nan
nan
nan
nan
nan
nan
nan
nan
nan
nan
nan
nan
nan
nan
nan
nan
nan
nan
nan
nan
nan
nan
nan
nan
nan
nan
nan
nan
nan
nan
nan
nan
nan
nan
nan
nan
nan
nan
nan
0.11396387996632654
0.11195455903339696
0.11232839299439937
0.11118024514918537
0.11120717907170838
0.11083464310710225
0.11136589875262967
0.11155109428803277
0.11112991367135652
0.10983532599444287
0.1108840795929873
nan
nan
nan
nan
nan
nan
nan
nan
nan
nan
nan
nan
nan
nan
nan
nan
nan
nan
nan
nan
nan
nan
nan
nan
nan
nan
nan
nan
nan
nan
nan
nan
nan
nan
nan
nan
nan
nan
nan
nan
nan
nan
nan
nan
nan
nan
nan
nan
nan
nan
nan
nan
nan
nan
nan
nan
nan
nan
nan
nan
nan
nan
nan
nan
nan
nan
nan
nan
nan
nan
nan
nan
nan
nan
nan
nan
nan
nan
nan
nan
nan
nan
nan
nan
nan
nan
nan
nan
nan
nan
nan
nan
nan
nan
nan
nan
nan
nan
nan
nan
nan
nan
nan
nan
nan
nan
nan
nan
nan
nan
nan
nan
nan
nan
nan
nan
nan
nan
nan
nan
nan
nan
nan
nan
nan
nan
nan
nan
nan
nan
nan
nan
nan
nan
nan
nan
nan
nan
nan
nan
nan
nan
nan
nan
nan
nan
nan
nan
nan
nan
nan
nan
nan
nan
nan
nan
nan
nan
nan
nan
nan
nan
nan
nan
nan
nan
nan
nan
nan
nan
nan
nan
nan
nan
nan
nan
nan
nan
nan
nan
nan
nan
nan
nan
nan
nan
nan
nan
nan
nan
nan
nan
nan
nan
nan
nan
nan
nan
nan
nan
nan
nan
nan
nan
nan
nan
nan
nan
nan
nan
nan
nan
nan
nan
nan
nan
nan
nan
nan
nan
nan
nan
nan
nan
nan
nan
nan
nan
nan
nan
nan
nan
nan
nan
nan
nan
nan
nan
nan
nan
nan
nan
nan
nan
nan
nan
nan
nan
nan
nan
nan
nan
nan
nan
nan
nan
nan
nan
nan
nan
nan
nan
nan
nan
nan
nan
nan
nan
nan
nan
nan
nan
nan
nan
nan
nan
nan
nan
nan
nan
nan
nan
nan
nan
nan
nan
nan
nan
nan
nan
nan
nan
nan
nan
nan
nan
nan
nan
nan
nan
nan
nan
nan
nan
nan
nan
nan
nan
nan
nan
nan
nan
nan
nan
nan
nan
nan
nan
nan
nan
nan
nan
nan
nan
nan
nan
nan
nan
nan
nan
nan
nan
nan
nan
nan
nan
nan
nan
nan
nan
nan
nan
nan
nan
nan
nan
nan
nan
nan
nan
nan
nan
nan
nan
nan
nan
nan
nan
nan
nan
nan
nan
nan
nan
nan
nan
nan
nan
nan
nan
nan
nan
nan
nan
nan
nan
nan
nan
nan
nan
nan
nan
nan
nan
nan
nan
nan
nan
nan
nan
nan
nan
nan
nan
nan
nan
nan
nan
nan
nan
nan
nan
nan
nan
nan
nan
nan
nan
nan
nan
nan
nan
nan
nan
nan
nan
nan
nan
nan
nan
nan
nan
nan
nan
nan
nan
nan
nan
nan
nan
nan
nan
nan
nan
nan
nan
nan
nan
nan
nan
nan
nan
nan
nan
nan
nan
nan
nan
nan
nan
nan
nan
nan
nan
nan
nan
nan
nan
nan
nan
nan
nan
nan
nan
nan
nan
nan
nan
nan
nan
nan
nan
nan
nan
nan
nan
nan
nan
nan
nan
nan
nan
nan
nan
nan
nan
nan
nan
nan
nan
nan
nan
nan
nan
nan
nan
nan
nan
nan
nan
nan
nan
nan
nan
nan
nan
nan
nan
nan
nan
nan
nan
nan
nan
nan
nan
nan
nan
nan
nan
nan
nan
nan
nan
nan
nan
nan
nan
nan
nan
nan
nan
nan
nan
nan
nan
nan
nan
nan
nan
nan
nan
nan
nan
nan
nan
nan
nan
nan
nan
nan
nan
nan
nan
nan
nan
nan
nan
nan
nan
nan
nan
nan
nan
nan
nan
nan
nan
nan
nan
nan
nan
nan
nan
nan
nan
nan
nan
nan
nan
nan
nan
nan
nan
nan
nan
nan
nan
nan
nan
nan
nan
nan
nan
nan
nan
nan
nan
nan
nan
nan
nan
nan
nan
nan
nan
nan
nan
nan
nan
nan
nan
nan
nan
nan
nan
nan
nan
nan
nan
nan
nan
nan
nan
nan
nan
nan
nan
nan
nan
nan
nan
nan
nan
nan
nan
nan
nan
nan
nan
nan
nan
nan
nan
nan
nan
nan
nan
nan
nan
nan
nan
nan
nan
nan
nan
nan
nan
nan
nan
nan
nan
nan
nan
nan
nan
nan
nan
nan
nan
nan
nan
nan
nan
nan
nan
nan
nan
nan
nan
nan
nan
nan
nan
nan
nan
nan
nan
nan
nan
nan
nan
nan
nan
nan
nan
nan
nan
nan
nan
nan
nan
nan
nan
nan
nan
nan
nan
nan
nan
nan
nan
nan
nan
nan
nan
nan
nan
nan
nan
nan
nan
nan
nan
nan
nan
nan
nan
nan
nan
nan
nan
nan
nan
nan
nan
nan
nan
nan
nan
nan
nan
nan
nan
nan
nan
nan
nan
nan
nan
nan
nan
nan
nan
nan
nan
nan
nan
nan
nan
nan
nan
nan
nan
nan
nan
nan
nan
nan
nan
nan
nan
nan
nan
nan
nan
nan
nan
nan
nan
nan
nan
nan
nan
nan
nan
nan
nan
nan
nan
nan
nan
nan
nan
nan
nan
nan
nan
nan
nan
nan
nan
nan
nan
nan
nan
nan
nan
nan
nan
nan
nan
nan
nan
nan
nan
nan
nan
nan
nan
nan
nan
nan
nan
nan
nan
nan
nan
nan
nan
nan
nan
nan
nan
nan
nan
nan
nan
nan
nan
nan
nan
nan
nan
nan
nan
nan
nan
nan
nan
nan
nan
nan
nan
nan
nan
nan
nan
nan
nan
nan
nan
nan
nan
nan
nan
nan
nan
nan
nan
nan
nan
nan
nan
nan
nan
nan
nan
nan
nan
nan
nan
nan
nan
nan
nan
nan
nan
nan
nan
nan
nan
nan
nan
nan
nan
nan
nan
nan
nan
nan
nan
nan
nan
nan
nan
nan
nan
nan
nan
nan
nan
nan
nan
nan
nan
nan
nan
nan
nan
nan
nan
nan
nan
nan
nan
nan
nan
nan
nan
nan
nan
nan
nan
nan
nan
nan
nan
nan
nan
nan
nan
nan
nan
nan
nan
nan
nan
nan
nan
nan
nan
nan
nan
nan
nan
nan
nan
nan
nan
nan
nan
nan
nan
nan
nan
nan
nan
nan
nan
nan
nan
nan
nan
nan
nan
nan
nan
nan
nan
nan
nan
nan
nan
nan
nan
nan
nan
nan
nan
nan
nan
nan
nan
nan
nan
nan
nan
nan
nan
nan
nan
nan
nan
nan
nan
nan
nan
nan
nan
nan
nan
nan
nan
nan
nan
nan
nan
nan
nan
nan
nan
nan
nan
nan
nan
nan
nan
nan
nan
nan
nan
nan
nan
nan
nan
nan
nan
nan
nan
nan
nan
nan
nan
nan
nan
nan
nan
nan
nan
nan
nan
nan
nan
nan
nan
nan
nan
nan
nan
nan
nan
nan
nan
nan
nan
nan
nan
nan
nan
nan
nan
nan
nan
nan
nan
nan
nan
nan
nan
nan
nan
nan
nan
nan
nan
nan
nan
nan
nan
nan
nan
nan
nan
nan
nan
nan
nan
nan
nan
nan
nan
nan
nan
nan
nan
nan
nan
nan
nan
nan
nan
nan
nan
nan
nan
nan
nan
nan
nan
nan
nan
nan
nan
nan
nan
nan
nan
nan
nan
nan
nan
nan
nan
nan
nan
nan
nan
nan
nan
nan
nan
nan
nan
nan
nan
nan
nan
nan
nan
nan
nan
nan
nan
nan
nan
nan
nan
nan
nan
nan
nan
nan
nan
nan
nan
nan
nan
nan
nan
nan
nan
nan
nan
nan
nan
nan
nan
nan
nan
nan
nan
nan
nan
nan
nan
nan
nan
nan
nan
nan
nan
nan
nan
nan
nan
nan
nan
nan
nan
nan
nan
nan
nan
nan
nan
nan
nan
nan
nan
nan
nan
nan
nan
nan
nan
nan
nan
nan
nan
nan
nan
nan
nan
nan
nan
nan
nan
nan
nan
nan
nan
nan
nan
nan
nan
nan
nan
nan
nan
nan
nan
nan
nan
nan
nan
nan
nan
nan
nan
nan
nan
nan
nan
nan
nan
nan
nan
nan
nan
nan
nan
nan
nan
nan
nan
nan
nan
nan
nan
nan
nan
nan
nan
nan
nan
nan
nan
nan
nan
nan
nan
nan
nan
nan
nan
nan
nan
nan
nan
nan
nan
nan
nan
nan
nan
nan
nan
nan
nan
nan
nan
nan
nan
nan
nan
nan
nan
nan
nan
nan
nan
nan
nan
nan
nan
nan
nan
nan
nan
nan
nan
nan
nan
nan
nan
nan
nan
nan
nan
nan
nan
nan
nan
nan
nan
nan
nan
nan
nan
nan
nan
nan
nan
nan
nan
nan
nan
nan
nan
nan
nan
nan
nan
nan
nan
nan
nan
nan
nan
nan
nan
nan
nan
nan
nan
nan
nan
nan
nan
nan
nan
nan
nan
nan
nan
nan
nan
nan
nan
nan
nan
nan
nan
nan
nan
nan
nan
nan
nan
nan
nan
nan
nan
nan
nan
nan
nan
nan
nan
nan
nan
nan
nan
nan
nan
nan
nan
nan
nan
nan
nan
nan
nan
nan
nan
nan
nan
nan
nan
nan
nan
nan
nan
nan
nan
nan
nan
nan
nan
nan
nan
nan
nan
nan
nan
nan
nan
nan
nan
nan
nan
nan
nan
nan
nan
nan
nan
nan
nan
nan
nan
nan
nan
nan
nan
nan
nan
nan
nan
nan
nan
nan
nan
nan
nan
nan
nan
nan
nan
nan
nan
nan
nan
nan
nan
nan
nan
nan
nan
nan
nan
nan
nan
nan
nan
nan
nan
nan
nan
nan
nan
nan
nan
nan
nan
nan
nan
nan
nan
nan
nan
nan
nan
nan
nan
nan
nan
nan
nan
nan
nan
nan
nan
nan
nan
nan
nan
nan
nan
nan
nan
nan
nan
nan
nan
nan
nan
nan
nan
nan
nan
nan
nan
nan
nan
nan
nan
nan
nan
nan
nan
nan
nan
nan
nan
nan
nan
nan
nan
nan
nan
nan
nan
nan
nan
nan
nan
nan
nan
nan
nan
nan
nan
nan
nan
nan
nan
nan
nan
nan
nan
nan
nan
nan
nan
nan
nan
nan
nan
nan
nan
nan
nan
nan
nan
nan
nan
nan
nan
nan
nan
nan
nan
nan
nan
nan
nan
nan
nan
nan
nan
nan
nan
nan
nan
nan
nan
nan
nan
nan
nan
nan
nan
nan
nan
nan
nan
nan
nan
nan
nan
nan
nan
nan
nan
nan
nan
nan
nan
nan
nan
nan
nan
nan
nan
nan
nan
nan
nan
nan
nan
nan
nan
nan
nan
nan
nan
nan
nan
nan
nan
nan
nan
nan
nan
nan
nan
nan
nan
nan
nan
nan
nan
nan
nan
nan
nan
nan
nan
nan
nan
nan
nan
nan
nan
nan
nan
nan
nan
nan
nan
nan
nan
nan
nan
nan
nan
nan
nan
nan
nan
nan
nan
nan
nan
nan
nan
nan
nan
nan
nan
nan
nan
nan
nan
nan
nan
nan
nan
nan
nan
nan
nan
nan
nan
nan
nan
nan
nan
nan
nan
nan
nan
nan
nan
nan
nan
nan
nan
nan
nan
nan
nan
nan
nan
nan
nan
nan
nan
nan
nan
nan
nan
nan
nan
nan
nan
nan
nan
nan
nan
nan
nan
nan
nan
nan
nan
nan
nan
nan
nan
nan
nan
nan
nan
nan
nan
nan
nan
nan
nan
nan
nan
nan
nan
nan
nan
nan
nan
nan
nan
nan
nan
nan
nan
nan
nan
nan
nan
nan
nan
nan
nan
nan
nan
nan
nan
nan
nan
nan
nan
nan
nan
nan
nan
nan
nan
nan
nan
nan
nan
nan
nan
nan
nan
nan
nan
nan
nan
nan
nan
nan
nan
nan
nan
nan
nan
nan
nan
nan
nan
nan
nan
nan
nan
nan
nan
nan
nan
nan
nan
nan
nan
nan
nan
nan
nan
nan
nan
nan
nan
nan
nan
nan
nan
nan
nan
nan
nan
nan
nan
nan
nan
nan
nan
nan
nan
nan
nan
nan
nan
nan
nan
nan
nan
nan
nan
nan
nan
nan
nan
nan
nan
nan
nan
nan
nan
nan
nan
nan
nan
nan
nan
nan
nan
nan
nan
nan
nan
nan
nan
nan
nan
nan
nan
nan
nan
nan
nan
nan
nan
nan
nan
nan
nan
nan
nan
nan
nan
nan
nan
nan
nan
nan
nan
nan
nan
nan
nan
nan
nan
nan
nan
nan
nan
nan
nan
nan
nan
nan
nan
nan
nan
nan
nan
nan
nan
nan
nan
nan
nan
nan
nan
nan
nan
nan
nan
nan
nan
nan
nan
nan
nan
nan
nan
nan
nan
nan
nan
nan
nan
nan
nan
nan
nan
nan
nan
nan
nan
nan
nan
nan
nan
nan
nan
nan
nan
nan
nan
nan
nan
nan
nan
nan
nan
nan
nan
nan
nan
nan
nan
nan
nan
nan
nan
nan
nan
nan
nan
nan
nan
nan
nan
nan
nan
nan
nan
nan
nan
nan
nan
nan
nan
nan
nan
nan
nan
nan
nan
nan
nan
nan
nan
nan
nan
nan
nan
nan
nan
nan
nan
nan
nan
nan
nan
nan
nan
nan
nan
nan
nan
nan
nan
nan
nan
nan
nan
nan
nan
nan
nan
nan
nan
nan
nan
nan
nan
nan
nan
nan
nan
nan
nan
nan
nan
nan
nan
nan
nan
nan
nan
nan
nan
nan
nan
nan
nan
nan
nan
nan
nan
nan
nan
nan
nan
nan
nan
nan
nan
nan
nan
nan
nan
nan
nan
nan
nan
nan
nan
nan
nan
nan
nan
nan
nan
nan
nan
nan
nan
nan
nan
nan
nan
nan
nan
nan
nan
nan
nan
nan
nan
nan
nan
nan
nan
nan
nan
nan
nan
nan
nan
nan
nan
nan
nan
nan
nan
nan
nan
nan
nan
nan
nan
nan
nan
nan
nan
nan
nan
nan
nan
nan
nan
nan
nan
nan
nan
nan
nan
nan
nan
nan
nan
nan
nan
nan
nan
nan
nan
nan
nan
nan
nan
nan
nan
nan
nan
nan
nan
nan
nan
nan
nan
nan
nan
nan
nan
nan
nan
nan
nan
nan
nan
nan
nan
nan
nan
nan
nan
nan
nan
nan
nan
nan
nan
nan
nan
nan
nan
nan
nan
nan
nan
nan
nan
nan
nan
nan
nan
nan
nan
nan
nan
nan
nan
nan
nan
nan
nan
nan
nan
nan
nan
nan
nan
nan
nan
nan
nan
nan
nan
nan
nan
nan
nan
nan
nan
nan
nan
nan
nan
nan
nan
nan
nan
nan
nan
nan
nan
nan
nan
nan
nan
nan
nan
nan
nan
nan
nan
nan
nan
nan
nan
nan
nan
nan
nan
nan
nan
nan
nan
nan
nan
nan
nan
nan
nan
nan
nan
nan
nan
nan
nan
nan
nan
nan
nan
nan
nan
nan
nan
nan
nan
nan
nan
nan
nan
nan
nan
nan
nan
nan
nan
nan
nan
nan
nan
nan
nan
nan
nan
nan
nan
nan
nan
nan
nan
nan
nan
nan
nan
nan
nan
nan
nan
nan
nan
nan
nan
nan
nan
nan
nan
nan
nan
nan
nan
nan
nan
nan
nan
nan
nan
nan
nan
nan
nan
nan
nan
nan
nan
nan
nan
nan
nan
nan
nan
nan
nan
nan
nan
nan
nan
nan
nan
nan
nan
nan
nan
nan
nan
nan
nan
nan
nan
nan
nan
nan
nan
nan
nan
nan
nan
nan
nan
nan
nan
nan
nan
nan
nan
nan
nan
nan
nan
nan
nan
nan
nan
nan
nan
nan
nan
nan
nan
nan
nan
nan
nan
nan
nan
nan
nan
nan
nan
nan
nan
nan
nan
nan
nan
nan
nan
nan
nan
nan
nan
nan
nan
nan
nan
nan
nan
nan
nan
nan
nan
nan
nan
nan
nan
nan
nan
nan
nan
nan
nan
nan
nan
nan
nan
nan
nan
nan
nan
nan
nan
nan
nan
nan
nan
nan
nan
nan
nan
nan
nan
nan
nan
nan
nan
nan
nan
nan
nan
nan
nan
nan
nan
nan
nan
nan
nan
nan
nan
nan
nan
nan
nan
nan
nan
nan
nan
nan
nan
nan
nan
nan
nan
nan
nan
nan
nan
nan
nan
nan
nan
nan
nan
nan
nan
nan
nan
nan
nan
nan
nan
nan
nan
nan
nan
nan
nan
nan
nan
nan
nan
nan
nan
nan
nan
nan
nan
nan
nan
nan
nan
nan
nan
nan
nan
nan
nan
nan
nan
nan
nan
nan
nan
nan
nan
nan
nan
nan
nan
nan
nan
nan
nan
nan
nan
nan
nan
nan
nan
nan
nan
nan
nan
nan
nan
nan
nan
nan
nan
nan
nan
nan
nan
nan
nan
nan
nan
nan
nan
nan
nan
nan
nan
nan
nan
nan
nan
nan
nan
nan
nan
nan
nan
nan
nan
nan
nan
nan
nan
nan
nan
nan
nan
nan
nan
nan
nan
nan
nan
nan
nan
nan
nan
nan
nan
nan
nan
nan
nan
nan
nan
nan
nan
nan
nan
nan
nan
nan
nan
nan
nan
nan
nan
nan
nan
nan
nan
nan
nan
nan
nan
nan
nan
nan
nan
nan
nan
nan
nan
nan
nan
nan
nan
nan
nan
nan
nan
nan
nan
nan
nan
nan
nan
nan
nan
nan
nan
nan
nan
nan
nan
nan
nan
nan
nan
nan
nan
nan
nan
nan
nan
nan
nan
nan
nan
nan
nan
nan
nan
nan
nan
nan
nan
nan
nan
nan
nan
nan
nan
nan
nan
nan
nan
nan
nan
nan
nan
nan
nan
nan
nan
nan
nan
nan
nan
nan
nan
nan
nan
nan
nan
nan
nan
nan
nan
nan
nan
nan
nan
nan
nan
nan
nan
nan
nan
nan
nan
nan
nan
nan
nan
nan
nan
nan
nan
nan
nan
nan
nan
nan
nan
nan
nan
nan
nan
nan
nan
nan
nan
nan
nan
nan
nan
nan
nan
nan
nan
nan
nan
nan
nan
nan
nan
nan
nan
nan
nan
nan
nan
nan
nan
nan
nan
nan
nan
nan
nan
nan
nan
nan
nan
nan
nan
nan
nan
nan
nan
nan
nan
nan
nan
nan
nan
nan
nan
nan
nan
nan
nan
nan
nan
nan
nan
nan
nan
nan
nan
nan
nan
nan
nan
nan
nan
nan
nan
nan
nan
nan
nan
nan
nan
nan
nan
nan
nan
nan
nan
nan
nan
nan
nan
nan
nan
nan
nan
nan
nan
nan
nan
nan
nan
nan
nan
nan
nan
nan
nan
nan
nan
nan
nan
nan
nan
nan
nan
nan
nan
nan
nan
nan
nan
nan
nan
nan
nan
nan
nan
nan
nan
nan
nan
nan
nan
nan
nan
nan
nan
nan
nan
nan
nan
nan
nan
nan
nan
nan
nan
nan
nan
nan
nan
nan
nan
nan
nan
nan
nan
nan
nan
nan
nan
nan
nan
nan
nan
nan
nan
nan
nan
nan
nan
nan
nan
nan
nan
nan
nan
nan
nan
nan
nan
nan
nan
nan
nan
nan
nan
nan
nan
nan
nan
nan
nan
nan
nan
nan
nan
nan
nan
nan
nan
nan
nan
nan
nan
nan
nan
nan
nan
nan
nan
nan
nan
nan
nan
nan
nan
nan
nan
nan
nan
nan
nan
nan
nan
nan
nan
nan
nan
nan
nan
nan
nan
nan
nan
nan
nan
nan
nan
nan
nan
nan
nan
nan
nan
nan
nan
nan
nan
nan
nan
nan
nan
nan
nan
nan
nan
nan
nan
nan
nan
nan
nan
nan
nan
nan
nan
nan
nan
nan
nan
nan
nan
nan
nan
nan
nan
nan
nan
nan
nan
nan
nan
nan
nan
nan
nan
nan
nan
nan
nan
nan
nan
nan
nan
nan
nan
nan
nan
nan
nan
nan
nan
nan
nan
nan
nan
nan
nan
nan
nan
nan
nan
nan
nan
nan
nan
nan
nan
nan
nan
nan
nan
nan
nan
nan
nan
nan
nan
nan
nan
nan
nan
nan
nan
nan
nan
nan
nan
nan
nan
nan
nan
nan
nan
nan
nan
nan
nan
nan
nan
nan
nan
nan
nan
nan
nan
nan
nan
nan
nan
nan
nan
nan
nan
nan
nan
nan
nan
nan
nan
nan
nan
nan
nan
nan
nan
nan
nan
nan
nan
nan
nan
nan
nan
nan
nan
nan
nan
nan
nan
nan
nan
nan
nan
nan
nan
nan
nan
nan
nan
nan
nan
nan
nan
nan
nan
nan
nan
nan
nan
nan
nan
nan
nan
nan
nan
nan
nan
nan
nan
nan
nan
nan
nan
nan
nan
nan
nan
nan
nan
nan
nan
nan
nan
nan
nan
nan
nan
nan
nan
nan
nan
nan
nan
nan
nan
nan
nan
nan
nan
nan
nan
nan
nan
nan
nan
nan
nan
nan
nan
nan
nan
nan
nan
nan
nan
nan
nan
nan
nan
nan
nan
nan
nan
nan
nan
nan
nan
nan
nan
nan
nan
nan
nan
nan
nan
nan
nan
nan
nan
nan
nan
nan
nan
nan
nan
nan
nan
nan
nan
nan
nan
nan
nan
nan
nan
nan
nan
nan
nan
nan
nan
nan
nan
nan
nan
nan
nan
nan
nan
nan
nan
nan
nan
nan
nan
nan
nan
nan
nan
nan
nan
nan
nan
nan
nan
nan
nan
nan
nan
nan
nan
nan
nan
nan
nan
nan
nan
nan
nan
nan
nan
nan
nan
nan
nan
nan
nan
nan
nan
nan
nan
nan
nan
nan
nan
nan
nan
nan
nan
nan
nan
nan
nan
nan
nan
nan
nan
nan
nan
nan
nan
nan
nan
nan
nan
nan
nan
nan
nan
nan
nan
nan
nan
nan
nan
nan
nan
nan
nan
nan
nan
nan
nan
nan
nan
nan
nan
nan
nan
nan
nan
nan
nan
nan
nan
nan
nan
nan
nan
nan
nan
nan
nan
nan
nan
nan
nan
nan
nan
nan
nan
nan
nan
nan
nan
nan
nan
nan
nan
nan
nan
nan
nan
nan
nan
nan
nan
nan
nan
nan
nan
nan
nan
nan
nan
nan
nan
nan
nan
nan
nan
nan
nan
nan
nan
nan
nan
nan
nan
nan
nan
nan
nan
nan
nan
nan
nan
nan
nan
nan
nan
nan
nan
nan
nan
nan
nan
nan
nan
nan
nan
nan
nan
nan
nan
nan
nan
nan
nan
nan
nan
nan
nan
nan
nan
nan
nan
nan
nan
nan
nan
nan
nan
nan
nan
nan
nan
nan
nan
nan
nan
nan
nan
nan
nan
nan
nan
nan
nan
nan
nan
nan
nan
nan
nan
nan
nan
nan
nan
nan
nan
nan
nan
nan
nan
nan
nan
nan
nan
nan
nan
nan
nan
nan
nan
nan
nan
nan
nan
nan
nan
nan
nan
nan
nan
nan
nan
nan
nan
nan
nan
nan
nan
nan
nan
nan
nan
nan
nan
nan
nan
nan
nan
nan
nan
nan
nan
nan
nan
nan
nan
nan
nan
nan
nan
nan
nan
nan
nan
nan
nan
nan
nan
nan
nan
nan
nan
nan
nan
nan
nan
nan
nan
nan
nan
nan
nan
nan
nan
nan
nan
nan
nan
nan
nan
nan
nan
nan
nan
nan
nan
nan
nan
nan
nan
nan
nan
nan
nan
nan
nan
nan
nan
nan
nan
nan
nan
nan
nan
nan
nan
nan
nan
nan
nan
nan
nan
nan
nan
nan
nan
nan
nan
nan
nan
nan
nan
nan
nan
nan
nan
nan
nan
nan
nan
nan
nan
nan
nan
nan
nan
nan
nan
nan
nan
nan
nan
nan
nan
nan
nan
nan
nan
nan
nan
nan
nan
nan
nan
nan
nan
nan
nan
nan
nan
nan
nan
nan
nan
nan
nan
nan
nan
nan
nan
nan
nan
nan
nan
nan
nan
nan
nan
nan
nan
nan
nan
nan
nan
nan
nan
nan
nan
nan
nan
nan
nan
nan
nan
nan
nan
nan
nan
nan
nan
nan
nan
nan
nan
nan
nan
nan
nan
nan
nan
nan
nan
nan
nan
nan
nan
nan
nan
nan
nan
nan
nan
nan
nan
nan
nan
nan
nan
nan
nan
nan
nan
nan
nan
nan
nan
nan
nan
nan
nan
nan
nan
nan
nan
nan
nan
nan
nan
nan
nan
nan
nan
nan
nan
nan
nan
nan
nan
nan
nan
nan
nan
nan
nan
nan
nan
nan
nan
nan
nan
nan
nan
nan
nan
nan
nan
nan
nan
nan
nan
nan
nan
nan
nan
nan
nan
nan
nan
nan
nan
nan
nan
nan
nan
nan
nan
nan
nan
nan
nan
nan
nan
nan
nan
nan
nan
nan
nan
nan
nan
nan
nan
nan
nan
nan
nan
nan
nan
nan
nan
nan
nan
nan
nan
nan
nan
nan
nan
nan
nan
nan
nan
nan
nan
nan
nan
nan
nan
nan
nan
nan
nan
nan
nan
nan
nan
nan
nan
nan
nan
nan
nan
nan
nan
nan
nan
nan
nan
nan
nan
nan
nan
nan
nan
nan
nan
nan
nan
nan
nan
nan
nan
nan
nan
nan
nan
nan
nan
nan
nan
nan
nan
nan
nan
nan
nan
nan
nan
nan
nan
nan
nan
nan
nan
nan
nan
nan
nan
nan
nan
nan
nan
nan
nan
nan
nan
nan
nan
nan
nan
nan
nan
nan
nan
nan
nan
nan
nan
nan
nan
nan
nan
nan
nan
nan
nan
nan
nan
nan
nan
nan
nan
nan
nan
nan
nan
nan
nan
nan
nan
nan
nan
nan
nan
nan
nan
nan
nan
nan
nan
nan
nan
nan
nan
nan
nan
nan
nan
nan
nan
nan
nan
nan
nan
nan
nan
nan
nan
nan
nan
nan
nan
nan
nan
nan
nan
nan
nan
nan
nan
nan
nan
nan
nan
nan
nan
nan
nan
nan
nan
nan
nan
nan
nan
nan
nan
nan
nan
nan
nan
nan
nan
nan
nan
nan
nan
nan
nan
nan
nan
nan
nan
nan
nan
nan
nan
nan
nan
nan
nan
nan
nan
nan
nan
nan
nan
nan
nan
nan
nan
nan
nan
nan
nan
nan
nan
nan
nan
nan
nan
nan
nan
nan
nan
nan
nan
nan
nan
nan
nan
nan
nan
nan
nan
nan
nan
nan
nan
nan
nan
nan
nan
nan
nan
nan
nan
nan
nan
nan
nan
nan
nan
nan
nan
nan
nan
nan
nan
nan
nan
nan
nan
nan
nan
nan
nan
nan
nan
nan
nan
nan
nan
nan
nan
nan
nan
nan
nan
nan
nan
nan
nan
nan
nan
nan
nan
nan
nan
nan
nan
nan
nan
nan
nan
nan
nan
nan
nan
nan
nan
nan
nan
nan
nan
nan
nan
nan
nan
nan
nan
nan
nan
nan
nan
nan
nan
nan
nan
nan
nan
nan
nan
nan
nan
nan
nan
nan
nan
nan
nan
nan
nan
nan
nan
nan
nan
nan
nan
nan
nan
nan
nan
nan
nan
nan
nan
nan
nan
nan
nan
nan
nan
nan
nan
nan
nan
nan
nan
nan
nan
nan
nan
nan
nan
nan
nan
nan
nan
nan
nan
nan
nan
nan
nan
nan
nan
nan
nan
nan
nan
nan
nan
nan
nan
nan
nan
nan
nan
nan
nan
nan
nan
nan
nan
nan
nan
nan
nan
nan
nan
nan
nan
nan
nan
nan
nan
nan
nan
nan
nan
nan
nan
nan
nan
nan
nan
nan
nan
nan
nan
nan
nan
nan
nan
nan
nan
nan
nan
nan
nan
nan
nan
nan
nan
nan
nan
nan
nan
nan
nan
nan
nan
nan
nan
nan
nan
nan
nan
nan
nan
nan
nan
nan
nan
nan
nan
nan
nan
nan
nan
nan
nan
nan
nan
nan
nan
nan
nan
nan
nan
nan
nan
nan
nan
nan
nan
nan
nan
nan
nan
nan
nan
nan
nan
nan
nan
nan
nan
nan
nan
nan
nan
nan
nan
nan
nan
nan
nan
nan
nan
nan
nan
nan
nan
nan
nan
nan
nan
nan
nan
nan
nan
nan
nan
nan
nan
nan
nan
nan
nan
nan
nan
nan
nan
nan
nan
nan
nan
nan
nan
nan
nan
nan
nan
nan
nan
nan
nan
nan
nan
nan
nan
nan
nan
nan
nan
nan
nan
nan
nan
nan
nan
nan
nan
nan
nan
nan
nan
nan
nan
nan
nan
nan
nan
nan
nan
nan
nan
nan
nan
nan
nan
nan
nan
nan
nan
nan
nan
nan
nan
nan
nan
nan
nan
nan
nan
nan
nan
nan
nan
nan
nan
nan
nan
nan
nan
nan
nan
nan
nan
nan
nan
nan
nan
nan
nan
nan
nan
nan
nan
nan
nan
nan
nan
nan
nan
nan
nan
nan
nan
nan
nan
nan
nan
nan
nan
nan
nan
nan
nan
nan
nan
nan
nan
nan
nan
nan
nan
nan
nan
nan
nan
nan
nan
nan
nan
nan
nan
nan
nan
nan
nan
nan
nan
nan
nan
nan
nan
nan
nan
nan
nan
nan
nan
nan
nan
nan
nan
nan
nan
nan
nan
nan
nan
nan
nan
nan
nan
nan
nan
nan
nan
nan
nan
nan
nan
nan
nan
nan
nan
nan
nan
nan
nan
nan
nan
nan
nan
nan
nan
nan
nan
nan
nan
nan
nan
nan
nan
nan
nan
nan
nan
nan
nan
nan
nan
nan
nan
nan
nan
nan
nan
nan
nan
nan
nan
nan
nan
nan
nan
nan
nan
nan
nan
nan
nan
nan
nan
nan
nan
nan
nan
nan
nan
nan
nan
nan
nan
nan
nan
nan
nan
nan
nan
nan
nan
nan
nan
nan
nan
nan
nan
nan
nan
nan
nan
nan
nan
nan
nan
nan
nan
nan
nan
nan
nan
nan
nan
nan
nan
nan
nan
nan
nan
nan
nan
nan
nan
nan
nan
nan
nan
nan
nan
nan
nan
nan
nan
nan
nan
nan
nan
nan
nan
nan
nan
nan
nan
nan
nan
nan
nan
nan
nan
nan
nan
nan
nan
nan
nan
nan
nan
nan
nan
nan
nan
nan
nan
nan
nan
nan
nan
nan
nan
nan
nan
nan
nan
nan
nan
nan
nan
nan
nan
nan
nan
nan
nan
nan
nan
nan
nan
nan
nan
nan
nan
nan
nan
nan
nan
nan
nan
nan
nan
nan
nan
nan
nan
nan
nan
nan
nan
nan
nan
nan
nan
nan
nan
nan
nan
nan
nan
nan
nan
nan
nan
nan
nan
nan
nan
nan
nan
nan
nan
nan
nan
nan
nan
nan
nan
nan
nan
nan
nan
nan
nan
nan
nan
nan
nan
nan
nan
nan
nan
nan
nan
nan
nan
nan
nan
nan
nan
nan
nan
nan
nan
nan
nan
nan
nan
nan
nan
nan
nan
nan
nan
nan
nan
nan
nan
nan
nan
nan
nan
nan
nan
nan
nan
nan
nan
nan
nan
nan
nan
nan
nan
nan
nan
nan
nan
nan
nan
nan
nan
nan
nan
nan
nan
nan
nan
nan
nan
nan
nan
nan
nan
nan
nan
nan
nan
nan
nan
nan
nan
nan
nan
nan
nan
nan
nan
nan
nan
nan
nan
nan
nan
nan
nan
nan
nan
nan
nan
nan
nan
nan
nan
nan
nan
nan
nan
nan
nan
nan
nan
nan
nan
nan
nan
nan
nan
nan
nan
nan
nan
nan
nan
nan
nan
nan
nan
nan
nan
nan
nan
nan
nan
nan
nan
nan
nan
nan
nan
nan
nan
nan
nan
nan
nan
nan
nan
nan
nan
nan
nan
nan
nan
nan
nan
nan
nan
nan
nan
nan
nan
nan
nan
nan
nan
nan
nan
nan
nan
nan
nan
nan
nan
nan
nan
nan
nan
nan
nan
nan
nan
nan
nan
nan
nan
nan
nan
nan
nan
nan
nan
nan
nan
nan
nan
nan
nan
nan
nan
nan
nan
nan
nan
nan
nan
nan
nan
nan
nan
nan
nan
nan
nan
nan
nan
nan
nan
nan
nan
nan
nan
nan
nan
nan
nan
nan
nan
nan
nan
nan
nan
nan
nan
nan
nan
nan
nan
nan
nan
nan
nan
nan
nan
nan
nan
nan
nan
nan
nan
nan
nan
nan
nan
nan
nan
nan
nan
nan
nan
nan
nan
nan
nan
nan
nan
nan
nan
nan
nan
nan
nan
nan
nan
nan
nan
nan
nan
nan
nan
nan
nan
nan
nan
nan
nan
nan
nan
nan
nan
nan
nan
nan
nan
nan
nan
nan
nan
nan
nan
nan
nan
nan
nan
nan
nan
nan
nan
nan
nan
nan
nan
nan
nan
nan
nan
nan
nan
nan
nan
nan
nan
nan
nan
nan
nan
nan
nan
nan
nan
nan
nan
nan
nan
nan
nan
nan
nan
nan
nan
nan
nan
nan
nan
nan
nan
nan
nan
nan
nan
nan
nan
nan
nan
nan
nan
nan
nan
nan
nan
nan
nan
nan
nan
nan
nan
nan
nan
nan
nan
nan
nan
nan
nan
nan
nan
nan
nan
nan
nan
nan
nan
nan
nan
nan
nan
nan
nan
nan
nan
nan
nan
nan
nan
nan
nan
nan
nan
nan
nan
nan
nan
nan
nan
nan
nan
nan
nan
nan
nan
nan
nan
nan
nan
nan
nan
nan
nan
nan
nan
nan
nan
nan
nan
nan
nan
nan
nan
nan
nan
nan
nan
nan
nan
nan
nan
nan
nan
nan
nan
nan
nan
nan
nan
nan
nan
nan
nan
nan
nan
nan
nan
nan
nan
nan
nan
nan
nan
nan
nan
nan
nan
nan
nan
nan
nan
nan
nan
nan
nan
nan
nan
nan
nan
nan
nan
nan
nan
nan
nan
nan
nan
nan
nan
nan
nan
nan
nan
nan
nan
nan
nan
nan
nan
nan
nan
nan
nan
nan
nan
nan
nan
nan
nan
nan
nan
nan
nan
nan
nan
nan
nan
nan
nan
nan
nan
nan
nan
nan
nan
nan
nan
nan
nan
nan
nan
nan
nan
nan
nan
nan
nan
nan
nan
nan
nan
nan
nan
nan
nan
nan
nan
nan
nan
nan
nan
nan
nan
nan
nan
nan
nan
nan
nan
nan
nan
nan
nan
nan
nan
nan
nan
nan
nan
nan
nan
nan
nan
nan
nan
nan
nan
nan
nan
nan
nan
nan
nan
nan
nan
nan
nan
nan
nan
nan
nan
nan
nan
nan
nan
nan
nan
nan
nan
nan
nan
nan
nan
nan
nan
nan
nan
nan
nan
nan
nan
nan
nan
nan
nan
nan
nan
nan
nan
nan
nan
nan
nan
nan
nan
nan
nan
nan
nan
nan
nan
nan
nan
nan
nan
nan
nan
nan
nan
nan
nan
nan
nan
nan
nan
nan
nan
nan
nan
nan
nan
nan
nan
nan
nan
nan
nan
nan
nan
nan
nan
nan
nan
nan
nan
nan
nan
nan
nan
nan
nan
nan
nan
nan
nan
nan
nan
nan
nan
nan
nan
nan
nan
nan
nan
nan
nan
nan
nan
nan
nan
nan
nan
nan
nan
nan
nan
nan
nan
nan
nan
nan
nan
nan
nan
nan
nan
nan
nan
nan
nan
nan
nan
nan
nan
nan
nan
nan
nan
nan
nan
nan
nan
nan
nan
nan
nan
nan
nan
nan
nan
nan
nan
nan
nan
nan
nan
nan
nan
nan
nan
nan
nan
nan
nan
nan
nan
nan
nan
nan
nan
nan
nan
nan
nan
nan
nan
nan
nan
nan
nan
nan
nan
nan
nan
nan
nan
nan
nan
nan
nan
nan
nan
nan
nan
nan
nan
nan
nan
nan
nan
nan
nan
nan
nan
nan
nan
nan
nan
nan
nan
nan
nan
nan
nan
nan
nan
nan
nan
nan
nan
nan
nan
nan
nan
nan
nan
nan
nan
nan
nan
nan
nan
nan
nan
nan
nan
nan
nan
nan
nan
nan
nan
nan
nan
nan
nan
nan
nan
nan
nan
nan
nan
nan
nan
nan
nan
nan
nan
nan
nan
nan
nan
nan
nan
nan
nan
nan
nan
nan
nan
nan
nan
nan
nan
nan
nan
nan
nan
nan
nan
nan
nan
nan
nan
nan
nan
nan
nan
nan
nan
nan
nan
nan
nan
nan
nan
nan
nan
nan
nan
nan
nan
nan
nan
nan
nan
nan
nan
nan
nan
nan
nan
nan
nan
nan
nan
nan
nan
nan
nan
nan
nan
nan
nan
nan
nan
nan
nan
nan
nan
nan
nan
nan
nan
nan
nan
nan
nan
nan
nan
nan
nan
nan
nan
nan
nan
nan
nan
nan
nan
nan
nan
nan
nan
nan
nan
nan
nan
nan
nan
nan
nan
nan
nan
nan
nan
nan
nan
nan
nan
nan
nan
nan
nan
nan
nan
nan
nan
nan
nan
nan
nan
nan
nan
nan
nan
nan
nan
nan
nan
nan
nan
nan
nan
nan
nan
nan
nan
nan
nan
nan
nan
nan
nan
nan
nan
nan
nan
nan
nan
nan
nan
nan
nan
nan
nan
nan
nan
nan
nan
nan
nan
nan
nan
nan
nan
nan
nan
nan
nan
nan
nan
nan
nan
nan
nan
nan
nan
nan
nan
nan
nan
nan
nan
nan
nan
nan
nan
nan
nan
nan
nan
nan
nan
nan
nan
nan
nan
nan
nan
nan
nan
nan
nan
nan
nan
nan
nan
nan
nan
nan
nan
nan
nan
nan
nan
nan
nan
nan
nan
nan
nan
nan
nan
nan
nan
nan
nan
nan
nan
nan
nan
nan
nan
nan
nan
nan
nan
nan
nan
nan
nan
nan
nan
nan
nan
nan
nan
nan
nan
nan
nan
nan
nan
nan
nan
nan
nan
nan
nan
nan
nan
nan
nan
nan
nan
nan
nan
nan
nan
nan
nan
nan
nan
nan
nan
nan
nan
nan
nan
nan
nan
nan
nan
nan
nan
nan
nan
nan
nan
nan
nan
nan
nan
nan
nan
nan
nan
nan
nan
nan
nan
nan
nan
nan
nan
nan
nan
nan
nan
nan
nan
nan
nan
nan
nan
nan
nan
nan
nan
nan
nan
nan
nan
nan
nan
nan
nan
nan
nan
nan
nan
nan
nan
nan
nan
nan
nan
nan
nan
nan
nan
nan
nan
nan
nan
nan
nan
nan
nan
nan
nan
nan
nan
nan
nan
nan
nan
nan
nan
nan
nan
nan
nan
nan
nan
nan
nan
nan
nan
nan
nan
nan
nan
nan
nan
nan
nan
nan
nan
nan
nan
nan
nan
nan
nan
nan
nan
nan
nan
nan
nan
nan
nan
nan
nan
nan
nan
nan
nan
nan
nan
nan
nan
nan
nan
nan
nan
nan
nan
nan
nan
nan
nan
nan
nan
nan
nan
nan
nan
nan
nan
nan
nan
nan
nan
nan
nan
nan
nan
nan
nan
nan
nan
nan
nan
nan
nan
nan
nan
nan
nan
nan
nan
nan
nan
nan
nan
nan
nan
nan
nan
nan
nan
nan
nan
nan
nan
nan
nan
nan
nan
nan
nan
nan
nan
nan
nan
nan
nan
nan
nan
nan
nan
nan
nan
nan
nan
nan
nan
nan
nan
nan
nan
nan
nan
nan
nan
nan
nan
nan
nan
nan
nan
nan
nan
nan
nan
nan
nan
nan
nan
nan
nan
nan
nan
nan
nan
nan
nan
nan
nan
nan
nan
nan
nan
nan
nan
nan
nan
nan
nan
nan
nan
nan
nan
nan
nan
nan
nan
nan
nan
nan
nan
nan
nan
nan
nan
nan
nan
nan
nan
nan
nan
nan
nan
nan
nan
nan
nan
nan
nan
nan
nan
nan
nan
nan
nan
nan
nan
nan
nan
nan
nan
nan
nan
nan
nan
nan
nan
nan
nan
nan
nan
nan
nan
nan
nan
nan
nan
nan
nan
nan
nan
nan
nan
nan
nan
nan
nan
nan
nan
nan
nan
nan
nan
nan
nan
nan
nan
nan
nan
nan
nan
nan
nan
nan
nan
nan
nan
nan
nan
nan
nan
nan
nan
nan
nan
nan
nan
nan
nan
nan
nan
nan
nan
nan
nan
nan
nan
nan
nan
nan
nan
nan
nan
nan
nan
nan
nan
nan
nan
nan
nan
nan
nan
nan
nan
nan
nan
nan
nan
nan
nan
nan
nan
nan
nan
nan
nan
nan
nan
nan
nan
nan
nan
nan
nan
nan
nan
nan
nan
nan
nan
nan
nan
nan
nan
nan
nan
nan
nan
nan
nan
nan
nan
nan
nan
nan
nan
nan
nan
nan
nan
nan
nan
nan
nan
nan
nan
nan
nan
nan
nan
nan
nan
nan
nan
nan
nan
nan
nan
nan
nan
nan
nan
nan
nan
nan
nan
nan
nan
nan
nan
nan
nan
nan
nan
nan
nan
nan
nan
nan
nan
nan
nan
nan
nan
nan
nan
nan
nan
nan
nan
nan
nan
nan
nan
nan
nan
nan
nan
nan
nan
nan
nan
nan
nan
nan
nan
nan
nan
nan
nan
nan
nan
nan
nan
nan
nan
nan
nan
nan
nan
nan
nan
nan
nan
nan
nan
nan
nan
nan
nan
nan
nan
nan
nan
nan
nan
nan
nan
nan
nan
nan
nan
nan
nan
nan
nan
nan
nan
nan
nan
nan
nan
nan
nan
nan
nan
nan
nan
nan
nan
nan
nan
nan
nan
nan
nan
nan
nan
nan
nan
nan
nan
nan
nan
nan
nan
nan
nan
nan
nan
nan
nan
nan
nan
nan
nan
nan
nan
nan
nan
nan
nan
nan
nan
nan
nan
nan
nan
nan
nan
nan
nan
nan
nan
nan
nan
nan
nan
nan
nan
nan
nan
nan
nan
nan
nan
nan
nan
nan
nan
nan
nan
nan
nan
nan
nan
nan
nan
nan
nan
nan
nan
nan
nan
nan
nan
nan
nan
nan
nan
nan
nan
nan
nan
nan
nan
nan
nan
nan
nan
nan
nan
nan
nan
nan
nan
nan
nan
nan
nan
nan
nan
nan
nan
nan
nan
nan
nan
nan
nan
nan
nan
nan
nan
nan
nan
nan
nan
nan
nan
nan
nan
nan
nan
nan
nan
nan
nan
nan
nan
nan
nan
nan
nan
nan
nan
nan
nan
nan
nan
nan
nan
nan
nan
nan
nan
nan
nan
nan
nan
nan
nan
nan
nan
nan
nan
nan
nan
nan
nan
nan
nan
nan
nan
nan
nan
nan
nan
nan
nan
nan
nan
nan
nan
nan
nan
nan
nan
nan
nan
nan
nan
nan
nan
nan
nan
nan
nan
nan
nan
nan
nan
nan
nan
nan
nan
nan
nan
nan
nan
nan
nan
nan
nan
nan
nan
nan
nan
nan
nan
nan
nan
nan
nan
nan
nan
nan
nan
nan
nan
nan
nan
nan
nan
nan
nan
nan
nan
nan
nan
nan
nan
nan
nan
nan
nan
nan
nan
nan
nan
nan
nan
nan
nan
nan
nan
nan
nan
nan
nan
nan
nan
nan
nan
nan
nan
nan
nan
nan
nan
nan
nan
nan
nan
nan
nan
nan
nan
nan
nan
nan
nan
nan
nan
nan
nan
nan
nan
nan
nan
nan
nan
nan
nan
nan
nan
nan
nan
nan
nan
nan
nan
nan
nan
nan
nan
nan
nan
nan
nan
nan
nan
nan
nan
nan
nan
nan
nan
nan
nan
nan
nan
nan
nan
nan
nan
nan
nan
nan
nan
nan
nan
nan
nan
nan
nan
nan
nan
nan
nan
nan
nan
nan
nan
nan
nan
nan
nan
nan
nan
nan
nan
nan
nan
nan
nan
nan
nan
nan
nan
nan
nan
nan
nan
nan
nan
nan
nan
nan
nan
nan
nan
nan
nan
nan
nan
nan
nan
nan
nan
nan
nan
nan
nan
nan
nan
nan
nan
nan
nan
nan
nan
nan
nan
nan
nan
nan
nan
nan
nan
nan
nan
nan
nan
nan
nan
nan
nan
nan
nan
nan
nan
nan
nan
nan
nan
nan
nan
nan
nan
nan
nan
nan
nan
nan
nan
nan
nan
nan
nan
nan
nan
nan
nan
nan
nan
nan
nan
nan
nan
nan
nan
nan
nan
