0.7113034619914456
0.7112545696006598
0.7112064487095715
0.7111591087023872
0.7111125594594991
0.711066811245979
0.7110218746246637
0.7109777603832605
0.7109344794742805
0.7108920429596997
0.7108504619629107
0.7108097476293188
0.7107699110900351
0.7107309634299372
0.7106929156617454
0.7106557787003744
0.7106195633438896
0.7105842802521831
0.7105499399322175
0.7105165527233972
0.7104841287834374
0.7104526780778387
0.7104222103686109
0.7103927352053063
0.7103642619168242
0.710336799603221
0.7103103571295017
0.7102849431185858
0.7102605659465366
0.7102372337359186
0.7102149543524701
0.71019373539951
0.7101735842143042
0.7101545078637072
0.7101365131408524
0.710119606562004
0.7101037943621578
0.7100890824932391
0.710075476620281
0.7100629821188886
0.7100516040727424
0.7100413472705056
0.710032216203475
0.7100242150634684
0.7100173477401488
0.7100116178197374
0.7100070285796162
0.7100035829913135
0.710001283714916
0.7100001330952985
0.710000133167608
0.7100012856454919
0.7100035919268781
0.7100070530925054
0.7100116698966512
0.7100174427736708
0.710024371831674
0.7100324568557697
0.7100416973012257
0.7100520922970629
0.7100636406425691
0.7100763408072746
0.7100901909302135
0.7101051888197005
0.7101213319523336
0.7101386174738591
0.7101570421979174
0.7101766026088557
0.7101972948597771
0.7102191147756678
0.7102420578533798
0.7102661192650429
0.7102912938596204
0.7103175761659932
0.710344960396635
0.7103734404519755
0.7104030099255843
0.7104336621109304
0.710465390007426
0.7104981863298484
0.7105320435177408
0.7105669537465672
0.7106029089423782
0.7106399007951489
0.7106779207782755
0.710716960168772
0.7107570100709062
0.7107980614437182
0.710840105133917
0.710883131912084
0.7109271325167156
0.71097209770322
0.7110180183030508
0.71106488529156
0.7111126898667472
0.711161423543572
0.7112110782626088
0.7112616465218832
0.7113131215308515
0.7113654973540147
0.7113111452748738
0.7112626256139425
0.7112148497107292
0.7111678285333123
0.7111215734070849
0.7110760959346875
0.7110314079301708
0.7109875213533051
0.7109444482547751
0.7109022007298261
0.7108607908741958
0.7108202307519342
0.7107805323643057
0.7107417076081215
0.7107037684459216
0.7106667260299733
0.7106305924069682
0.7105953786891741
0.7105610960392231
0.7105277554075371
0.7104953675365864
0.7104639429499378
0.7104334919434467
0.7104040245782836
0.7103755506733012
0.7103480797985179
0.7103216212688338
0.7102961841388543
0.7102717771984286
0.7102484089672974
0.7102260876910279
0.7102048213374366
0.7101846175923339
0.7101654838562108
0.7101474272413775
0.7101304545679115
0.7101145723615117
0.7100997868494359
0.7100861039596476
0.7100735293156957
0.7100620682359743
0.7100517257303862
0.7100425064977208
0.7100344149242659
0.7100274550795259
0.7100216307159364
0.7100169452650175
0.7100134018361726
0.7100110032151385
0.710009751859178
0.710009649898394
0.7100106991318799
0.7100129010231682
0.7100162567051775
0.7100207669741634
0.7100264322862835
0.7100332527581295
0.7100412281660133
0.7100503579428489
0.7100606411774966
0.7100720766135914
0.7100846626475559
0.7100983973284898
0.7101132783574746
0.7101293030858281
0.7101464685155104
0.7101647712990088
0.7101842077382793
0.7102047737862571
0.7102264650466981
0.7102492767752239
0.7102732038806459
0.7102982409266594
0.7103243821343178
0.7103516213848651
0.7103799522228318
0.7104093678607997
0.7104398611839804
0.7104714247566757
0.7105040508290572
0.710537731345801
0.7105724579556939
0.7106082220229508
0.71064501464104
0.7106828266353525
0.7107216486858222
0.710761471034002
0.7108022839753532
0.7108440775138105
0.7108868415471726
0.7109305658800538
0.7109752402682019
0.7110208544717898
0.7110673983120808
0.7111148617455751
0.7111632349452461
0.7112125083955616
0.7112626730054104
0.7113137202434697
0.7113656423429412
0.7113562497815479
0.7113074101749653
0.7112593142912842
0.711211972508664
0.7111653959666425
0.7111195960755915
0.711074584471854
0.7110303729946507
0.7109869736128636
0.71094439837271
0.7109026593543872
0.7108617686220128
0.7108217382015023
0.7107825801606995
0.710744307192191
0.7107069328970453
0.7106704571667446
0.7106349053536295
0.7106002835784173
0.7105666029751199
0.7105338743994452
0.7105021084964284
0.7104713156813924
0.7104415061399779
0.7104126898209531
0.7103848764238789
0.7103580753934056
0.7103322959153128
0.7103075469109442
0.7102838370306368
0.7102611746485474
0.7102395678599852
0.7102190244759773
0.710199552019878
0.7101811577233051
0.7101638485230408
0.7101476310566845
0.7101325116602295
0.7101184963642582
0.7101055908914075
0.7100938006526426
0.7100831307449238
0.7100735859480585
0.7100651707217521
0.7100578892032662
0.7100517452044444
0.7100467422091159
0.7100428833696345
0.7100401715083828
0.7100386091069546
0.7100381983110547
0.7100389409313332
0.7100408384277783
0.7100438919192416
0.7100481021770331
0.7100534696230526
0.710059994327761
0.7100676760095462
0.710076514030318
0.7100865073958329
0.7100976547534298
0.7101099543902472
0.710123404231837
0.7101380018418527
0.7101537444193463
0.710170628799287
0.7101886514511327
0.7102078084785193
0.7102280956192571
0.7102495082448856
0.710272041361224
0.7102956896100003
0.7103204472683879
0.7103463082522019
0.7103732661163273
0.7104013140593324
0.7104304449260781
0.7104606512115264
0.710491925065253
0.7105242582991758
0.710557642394068
0.7105920685035803
0.7106275274615109
0.7106640098276175
0.7107015057126337
0.7107400067258552
0.71077949924631
0.7108199752275383
0.7108614234699554
0.7109038330662185
0.7109471929950183
0.7109914921443083
0.7110367193457005
0.7110828634360147
0.7111299133182601
0.7111778580378989
0.7112266868695237
0.7112763893968879
0.7113269557028231
0.7113783765647765
0.7114403909505331
0.7113904576820202
0.7113413000328798
0.7112929257771686
0.711245345450521
0.7111985664467583
0.7111525988529575
0.7111074530827658
0.7110631395959987
0.7110196690755528
0.7109770523728237
0.7109353004554777
0.7108944243309051
0.710854435016853
0.7108153437593541
0.7107771517207808
0.7107399687742243
0.7107035651841042
0.7106681798950455
0.710633741315907
0.7106002654206109
0.7105677622685783
0.7105362418927108
0.7105057141311409
0.7104761886252111
0.7104476748095605
0.7104201818884038
0.7103937188254399
0.7103682943407555
0.7103439169192115
0.71032059476614
0.7102983358350659
0.7102771478055212
0.710257038082287
0.710238013789752
0.7102200817663682
0.7102032485602041
0.7101875204243985
0.7101729033131458
0.7101594028771401
0.7101470244590891
0.7101357730913893
0.7101256534904284
0.7101166700548195
0.7101088268591556
0.7101021276538486
0.7100965758598743
0.7100921745640411
0.7100889265186399
0.71008683413612
0.7100858994860891
0.7100861242980651
0.7100875099465926
0.7100900574596832
0.7100937675103204
0.7100986404163925
0.7101046761365084
0.7101118742675795
0.7101202340435606
0.7101297543331667
0.7101404336364378
0.7101522700831553
0.7101652614325608
0.7101794050692687
0.7101946980037164
0.7102111368689401
0.7102287179210203
0.7102474370372456
0.7102672897151343
0.71028827107343
0.7103103758501881
0.7103335984047863
0.710357932715409
0.7103833723851234
0.7104099106359805
0.7104375403194819
0.7104662539149241
0.7104960435289953
0.7105269009026335
0.7105588174183964
0.7105917840918416
0.7106257915515677
0.7106608300676328
0.7106968853530827
0.7107339753828879
0.7107720364959363
0.7108110975599364
0.7108511370099366
0.7108921437804897
0.7109341062121367
0.7109770125322501
0.71102085085879
0.7110656092194125
0.7111112756051603
0.7111578380299506
0.7112052846164214
0.7112536035832454
0.711302783413003
0.7113528132808997
0.7114036826628708
0.7115667744186471
0.7115148190554109
0.7114637031213238
0.7114134359400223
0.7113640239176529
0.7113154654469864
0.7112677924288265
0.7112209827911884
0.7111750550730356
0.7111300161593865
0.711085873988812
0.711042636853324
0.7110003133298414
0.7109589122225893
0.7109184424145022
0.7108789128100025
0.7108403352807247
0.7108027144524878
0.7107662421184402
0.7107303968396983
0.7106957152457363
0.7106620238770947
0.7106293383359363
0.710597667192933
0.7105670190799926
0.7105374025541485
0.7105088260585577
0.7104812978656393
0.7104548260525261
0.710429418500077
0.7104050828538758
0.7103818266269023
0.7103596569949817
0.7103385809235707
0.7103186051388837
0.7102997361056763
0.7102819800219894
0.7102653428134397
0.7102498301269349
0.7102354473243093
0.7102221994753282
0.710210091354495
0.7101991274327297
0.7101893118736013
0.7101806485288038
0.7101731409300795
0.7101667922895788
0.710161605490205
0.7101575830841012
0.7101547272897805
0.7101530399768002
0.7101525226873585
0.7101531766035062
0.7101550025558344
0.7101580010272419
0.7101621721373652
0.7101675156463529
0.7101740309492539
0.710181717073486
0.7101905726755529
0.71020059604003
0.7102117850744972
0.7102241373082255
0.7102376498903579
0.7102523195872894
0.7102681427799331
0.710285115464135
0.7103032332463118
0.7103224913448943
0.7103428845874129
0.7103644074143808
0.7103870538577389
0.7104108175947191
0.7104356918707911
0.7104616695613122
0.7104887431519944
0.7105169047331817
0.7105461459984698
0.7105764582543245
0.7106078323912919
0.7106402587886712
0.7106737270936108
0.7107082164365719
0.7107437973172523
0.710780307867246
0.7108178426114651
0.710856367322524
0.7108958704930285
0.7109363395351228
0.7109777620872253
0.7110201257139038
0.7110634178452172
0.7111076258156588
0.7111527369026186
0.7111987383702381
0.7112456179816925
0.7112933617737195
0.7113419590823443
0.7113913976067996
0.711441665708402
0.7117394376709656
0.7116849077110254
0.7116308927094877
0.7115777155399742
0.7115254571697147
0.7114741453739952
0.7114237932590994
0.7113743730638722
0.7113259845419864
0.7112785339969961
0.7112320584897395
0.7111865615822752
0.7111420474473279
0.7110985207730616
0.7110559866990643
0.7110144507978431
0.710973918751344
0.7109343961982226
0.7108958909159013
0.7108583238676714
0.7108225095480285
0.7107865504481957
0.7107522220263256
0.7107189014699793
0.7106866446177651
0.7106554548584182
0.7106253386293542
0.7105963026480617
0.7105683536587114
0.7105414983211078
0.7105157431841114
0.7104910946726796
0.7104675590891496
0.7104451421465853
0.7104238505762911
0.7104036894175336
0.7103846643134712
0.7103667805268434
0.7103500430828079
0.7103344567558012
0.7103200260630993
0.710306755255433
0.7102946483096463
0.7102837089211296
0.7102739404940115
0.7102653461346267
0.7102579286465589
0.710251690521401
0.7102466339326909
0.7102427607328993
0.7102400724427155
0.7102385702510926
0.7102382550005939
0.7102391271987821
0.7102411869980912
0.7102444341977275
0.7102488682391396
0.7102544882016508
0.710261292798914
0.7102692803732291
0.710278448894914
0.7102887959569567
0.7103003187718614
0.710313014169793
0.710326878594419
0.7103419081009041
0.7103580983539801
0.7103754446233725
0.7103939418188208
0.7104135842482431
0.7104343662838151
0.7104562814073951
0.7104793229380157
0.7105034837524424
0.7105287563252227
0.7105551327136836
0.7105826045396872
0.7106111629860573
0.7106407987171941
0.7106715016053677
0.7107032611496802
0.7107360206226674
0.7107700600642168
0.7108048423707009
0.7108407304370349
0.7108776226587923
0.7109155097826504
0.710954377940182
0.7109942141590316
0.7110350055242435
0.7110767390156554
0.711119401493032
0.7111629797262768
0.7112074604643491
0.7112528314246234
0.7112990762016651
0.7113461842235227
0.7113941432182499
0.7114429399869718
0.7114925631020164
0.711982613826985
0.71196834713843
0.7118446819899682
0.7117902842320514
0.7117346994490572
0.7116796907060084
0.711625587400909
0.7115725064926093
0.7115204938450661
0.7114694977486815
0.7114197287147662
0.7113709855218611
0.7113233331873604
0.7112767738397829
0.7112313070131955
0.7111869330459513
0.7111436514497693
0.7111014647621882
0.711060373937312
0.71102038076471
0.7109814867854918
0.7109437030469166
0.7109070173696639
0.7108721484168484
0.7108370413317959
0.7108037473531452
0.7107715391433062
0.7107404653435649
0.710710527546789
0.7106817297078429
0.7106540762100815
0.7106275715614746
0.7106022203068771
0.7105780269740622
0.7105549960265705
0.7105331318168209
0.7105124387686923
0.7104929196017402
0.7104745810844377
0.7104574246972036
0.7104414546339584
0.7104266742321612
0.7104130866296716
0.7104006947219532
0.7103895011556589
0.7103795083181318
0.710370718326374
0.7103631330170315
0.7103567539388443
0.7103515823398654
nan
0.7103448650501776
0.7103433202950269
0.7103429848807098
0.7103438584539885
0.710345940319445
0.7103492294345612
0.7103537244058818
0.7103594234815498
0.7103663245483487
0.7103744251261586
0.7103837223636486
0.7103942130343653
0.7104058935338062
0.7104187598623335
0.7104328077985704
0.710448031925112
0.7104644279640517
0.7104819899889769
0.7105007119841645
0.7105205876171341
0.7105416101168528
0.710563772299124
0.7105870665584548
0.7106114848335093
0.7106370185609164
0.7106636586028501
0.7106913949566297
0.7107202153323473
0.7107501124137402
0.7107809940356443
0.7108134300005354
0.7108462941972153
0.7108804011546519
0.7109155337366265
0.7109516818390212
0.710988831037363
0.711026967871144
0.7110660790325013
0.7111061512028929
0.7111471709223198
0.711189124647736
0.7112319988255932
0.7112757804998876
0.7113204550006638
0.7113660063029084
0.7114124269805402
0.7114597020434359
0.7115078205773804
0.7115567742312339
0.7122825565501054
0.7122143482024337
0.7121503332441472
0.7120940704016367
0.7121005811062215
0.7119331367689662
0.7118775065307078
0.7118206206143387
0.7117641687342124
0.7117086560049635
0.711654261143413
0.7116009856214787
0.7115491278497592
0.7114983459273129
0.7114488454213702
0.7114005691303114
0.7113535203508525
0.7113076943209844
0.7112630862159626
0.711219690983618
0.711177506960261
0.7111365300624588
0.7110967577101952
0.7110581871508616
0.7110208249822667
0.7109845105786657
0.7109506671224692
0.710916003547943
0.7108835103668113
0.7108521565946204
0.7108220254405221
0.7107931075975868
0.7107654036923663
0.7107389152717757
0.710713644251008
0.7106895927202911
0.7106667628511143
0.7106451568285073
0.7106247768142089
0.7106056249147601
0.7105877031572083
0.7105710135290314
0.7105555569516805
0.7105413364467956
0.7105283531106237
0.7105166075563099
0.7105061011386431
0.7104968346869225
0.7104888087571456
0.7104820236712034
nan
0.710472175953619
0.7104691125933185
0.7104672885830813
0.7104667028076317
0.7104673538351368
0.7104692399127445
0.7104723589568172
0.7104767085441391
0.7104822858847728
0.7104890880104756
0.7104971115165227
0.7105063512942889
0.7105168045932798
0.7105284671877018
0.7105413329886553
0.7105553970550567
0.7105706536250951
0.7105870965739856
0.7106047193634345
0.7106235150365448
0.7106434762076651
0.7106645950239828
0.7106868630796072
0.7107102712609248
0.7107348093566677
0.7107604642354118
0.710787237687623
0.7108148710227871
0.7108446460306235
0.7108743263083188
0.710905445356668
0.7109376220652802
0.710970857941971
0.711005134207243
0.7110404365113054
0.7110767513608138
0.7111140649671686
0.7111523642183675
0.7111916354110485
0.711231864928143
0.7112730392620007
0.711315145104647
0.7113581676056187
0.7114020918688291
0.7114469110888288
0.7114926114318239
0.7115391845272575
0.7115866280767147
0.7116349562973519
0.7126787153219405
0.7125950507803854
0.7125148938518108
0.7124462963754116
0.7123689174910923
0.712301815185394
0.7122419686443571
0.712162089826236
0.7120565950719178
0.7119993763457794
0.7119408670654142
0.7118825915153386
0.7118252284634844
0.7117690809688009
0.7117140846204286
0.7116607718478933
0.7116086593616693
0.7115579680831429
0.7115086560492091
0.7114607236715572
0.711414160261946
0.7113689546078205
0.7113250984977295
0.7112825840340513
0.7112414019679378
0.7112015449757219
0.7111630062976593
0.7111257783125534
0.7110898476632501
0.7110553198618277
0.7110226460696363
0.7109899964931613
0.7109593398572427
0.7109299192739672
0.7109018041726222
0.7108749851226066
0.7108494601741904
0.7108252282075354
0.7108022884821062
0.7107806404628537
0.7107602837348769
0.7107412179475989
0.710723442765632
0.7107069578339316
0.7106917627421254
0.7106778569973602
0.7106652399935164
0.7106539110013177
0.7106438690699234
0.7106351131600295
nan
0.7106214541277758
0.710616547735744
0.7106129208675491
0.7106105713036147
0.7106094965465941
0.7106096938231301
0.7106111600745375
0.7106138919341157
0.7106178856963454
0.7106231373355809
0.7106296425121625
0.7106373965402967
0.7106463943877995
0.7106566306671793
0.7106680996244785
0.710680795127053
0.7106947106477949
0.710709839245577
0.7107261735320052
0.7107437056188264
0.7107624269781772
0.7107823281394018
0.7108033979295746
0.7108256213431788
0.7108489574842355
0.710873294476448
0.7109000273763043
0.7109262838973429
0.7109541935859841
0.7109831939267828
0.7110132996756875
0.7110444904207912
0.711076751398153
0.7111100689555443
0.7111444294754836
0.7111798201858786
0.7112162272469955
0.711253637381789
0.7112920372129026
0.7113314140812095
0.7113717675985896
0.7114130383085046
0.711455268143121
0.7114984262749461
0.7115425065363894
0.7115875086674195
0.7116334472694612
0.7116803800541925
0.7117286206982335
0.7132554922473382
0.7131094138942344
0.7130026609778126
0.7129038574826974
0.7128120048945321
0.7127222182656048
0.7126331283784992
0.7125643072046837
0.7124932428059827
0.7124254132217834
0.7122555985644317
0.7122155855999452
0.7121541656547522
0.7120936240408241
0.7120331621539301
0.7119735428756375
0.7119150766202533
0.7118583129083602
0.7118028676212473
0.7117489826978188
0.7116966936411769
0.7116459574100483
0.7115967626387687
0.7115490992730262
0.7115029581337711
0.7114583013528173
0.7114151395669444
0.7113734492886924
0.7113332186499453
0.7112944352305751
0.7112570884300495
0.7112211679322533
0.711186666471946
0.711153519237506
0.7111222563769493
0.7110917563761807
0.7110627662961007
0.7110352740158258
0.711009150611917
0.7109844096913005
0.7109610447659526
0.7109390517400431
0.7109184269972922
0.7108991671629998
0.7108812690295875
0.7108647294856996
0.7108495454721966
0.7108357139412602
0.710823231817504
0.7108120959664542
nan
0.7107938500496656
0.710786733168598
0.7107809488661315
0.7107764933193619
0.7107733625040387
0.7107715521799446
0.7107710578738732
0.7107718748639852
0.7107739981664395
0.7107774225207876
0.7107821423757898
0.7107881518752106
0.7107954448394116
0.7108040147448287
0.7108138546987041
0.7108249573859414
0.7108373150173388
0.7108509191642667
0.7108657603151327
0.7108818271999113
0.7108991123900888
0.7109175507333063
0.71093693563011
0.7109590089408373
0.710980793533752
0.7110039165936481
0.7110283285549942
0.7110539071708546
0.7110806354724545
0.711108497908473
0.7111374807232209
0.7111675708441215
0.7111987561331405
0.7112310205454754
0.7112643545857146
0.7112987439373497
0.7113341758661136
0.711370637887714
0.7114081214460337
0.711446655765675
0.7114860683512889
0.7115265491962437
0.7115680039003145
0.7116104469540192
0.7116538999786117
0.7116984264465344
0.711744218213146
0.7117922261958585
0.7118792155852331
nan
0.7137947538125511
0.713720299207957
0.7134986923375155
0.713413588523315
0.7132859686649649
0.7131727270789125
0.7130684994716527
0.7129697072650498
0.7128778538166275
0.712798117704831
0.7127169791222536
0.7126429234695211
0.7124648577186147
0.7125617495078111
0.7123411561875039
0.7122771145221933
0.7122140075676912
0.7121517365346761
0.7120903898518505
0.7120314161462518
0.7119736179154112
0.7119176330089672
0.7118632893306844
0.7118107543232858
0.7117599443305371
0.7117108422964052
0.7116634280126595
0.7116176817716326
0.7115735789562548
0.711531102995455
0.7114902336277874
0.7114509536834491
0.7114132463696539
0.711377096889068
0.7113424913108128
0.7113094167847319
0.7112778599606001
0.7112478075451141
0.7112193068636071
0.7111922856380402
0.7111666507341295
0.7111425423038724
0.7111199061445221
0.7110987249299972
0.7110789955830996
0.711060710933365
0.7110438645228292
0.7110284501026009
nan
nan
0.8241178831166663
0.71098099091274
0.7109726457077371
0.7109656962418065
0.7109601363398905
0.7109559597097144
0.7109531599166625
0.7109517303578919
0.7109516642377907
0.7109529545371231
0.7109555939901168
0.7109595750322795
0.7109648896521467
0.7109715295237974
0.7109794849242155
0.7109887456861469
0.7109993213684622
0.711011070408435
0.7110239748896415
0.7110390483113962
0.7110550625860343
0.7110716356913253
0.711089817984609
0.7111092221599762
0.7111298612917433
0.7111517176875968
0.7111747778567599
0.7111990290471545
0.7112244590266124
0.7112510553706092
0.7112788074396684
0.711307696460977
0.711337717280342
0.7113688548424577
0.7114010972567522
0.711434433035938
0.7114688582313871
0.7115043523955102
0.7115409770579345
0.7115785087394542
0.7116171907773449
0.7116569467261953
0.7116978129856506
0.7117398773554287
0.711783368327109
0.7118291924000403
0.7118798457602449
0.7119225301629677
0.7119457934532101
nan
nan
nan
0.7141089468122623
0.7143226430393254
0.7136510756936801
0.7140086763617359
0.7137780737109085
0.7136131083738846
0.7134828722117966
0.7133644353118279
0.7132535299801046
0.7131523181238083
0.7130572336907811
0.7129829114541713
0.7128906326801693
0.7126755505047806
0.7127310328560024
0.712564687895339
0.7124900848592064
0.712423283035555
0.7123579070805839
0.7122934792118539
0.7122316247979982
0.712171135288705
0.7121125754024961
0.712055891499615
0.7120012629796884
0.7119485173847184
0.7118976737482918
0.7118487068073047
0.7118015800396703
0.7117562998801912
0.7117127947867432
0.7116710600509696
0.7116310696449187
0.711592800840555
0.7115562318855533
0.7115213432813646
0.7114881166066609
0.7114565347896091
0.711426581853027
0.7113982430005544
0.7113715031211489
0.711346353569635
0.711322775386076
0.7113007588152134
0.7112802966454658
0.7112613741620719
nan
nan
nan
0.7112008877674895
0.7111895190386535
0.7111796327786648
0.7111712197582796
0.7111642707922664
0.7111587765776075
0.7111547271536718
0.7111521105314107
0.7111509108577473
0.7111511116695571
0.7111527174936072
0.7111557835734378
0.7111603581564381
0.7111663149522369
0.7111734713104316
0.7111819378912583
0.7111918278633725
0.711203061917006
0.7112156232834961
0.7112295043698257
0.7112446931364276
0.7112611779908862
0.7112789473360525
0.7112979893120273
0.7113182925137738
0.7113398447209707
0.7113626344573596
0.7113866456006822
0.7114118748643863
0.711438304080213
0.7114659233409683
0.7114947218524316
0.7115246888259965
0.7115558203626096
0.7115881362329401
0.7116216757976283
0.711656091148527
0.7116918657329742
0.7117288069484953
0.7117669974192091
0.71180656832055
0.7118478436795128
0.7118918451232472
0.7119455254654041
0.7120270883362687
0.7119400689439848
0.7120365989386077
0.712089666020458
nan
nan
nan
nan
nan
0.7151232922474917
0.7154760708924635
0.7147393015116574
0.7144650092643854
0.7142020387340915
0.7142229087380028
0.713978693328338
0.7138287017596097
0.7136954548481851
0.7135659598216835
0.7134572164828814
0.7133519094220052
0.7132538583617447
0.713171815199032
0.7130458456538519
0.7129595914231905
0.7129218844426134
0.7127338140611472
0.7126594560287202
0.7125900971087146
0.7125222949698169
0.7124570296709054
0.7123934837159008
0.7123320574523333
0.7122727925600931
0.7122156675864749
0.7121607199271405
0.7121078811457303
0.7120571246143128
0.712008415258164
0.7119617121130764
0.7119170664388648
0.711874241681871
0.7118333778577667
0.7117943987012371
0.7117572744936306
0.7117219787208033
0.7116884864034806
0.7116567745559509
0.7116268214624695
0.7115986066591606
0.7115721109375052
0.7115473161044531
0.7115242048351426
0.8214635643417847
nan
nan
0.7114482765119068
0.7114333493188769
0.7114200161148079
0.7114082637316941
0.711398079294153
0.7113894501234533
0.7113823637395993
0.7113768079176992
0.7113727707120845
0.7113702401874519
0.71136920398199
0.711369649746315
0.7113715657226372
0.7113749398053596
0.7113797597703584
0.7113860135868338
0.7113936890608045
0.711402774044681
0.711413256292954
0.7114251235546101
0.711438363215503
0.7114529635906433
0.7114689122836305
0.7114861978278582
0.7115048012597025
0.7115247241988243
0.7115459458620788
0.7115684570609895
0.7115922475497232
0.7116173085712512
0.7116436322276187
0.7116711880330492
0.7117000687066394
0.7117302373629179
0.7117615508646506
0.7117941813812042
0.7118281971171704
0.7118636726223803
0.711900828290313
0.7119401961386778
0.7119834768956219
0.7120446892855372
0.7121034193659918
0.7120658267488645
0.7120889131412986
0.7121515364134017
0.7122014361938842
0.7122498824906098
nan
nan
nan
nan
nan
nan
nan
nan
nan
nan
0.7151847070706545
0.714915226159585
0.7146625784184117
0.7144222856539694
0.7143782072476783
0.7141742624557597
0.7140607886983321
0.7139115960963033
0.7137887361083577
0.7136721864534751
0.7135628386129071
0.713460947315276
0.713362065675611
0.7131670243116646
0.7132165530251463
0.7130315170700876
0.7129225891327431
0.7128466454593549
0.7127747261555852
0.7127056681291517
0.7126387312704306
0.7125741612696515
0.712511995043484
0.712452231947611
0.7123948606300343
0.712339822791207
0.7122871052164226
0.7122366519048017
0.712188418555754
0.7121423602737978
0.7120984122363291
0.7120566889335784
0.7120168638901425
0.7119791120557797
0.7119433494098089
0.7119095430662566
0.7118776627399666
0.7118476800493664
0.7118195685132778
0.8200496790124463
0.8201760763640049
0.82028266235455
0.8203696388512178
0.711706240612293
0.711688869228005
0.7116732162925228
0.7116592634923886
0.7116469931318008
0.7116363880693695
0.7116274316504194
0.71162010764741
0.711614400200353
0.7116102937708113
0.7116077731030729
0.711606823166563
0.7116074293997217
0.7116095761828278
0.7116132504833511
0.711618437393362
0.7116251229678499
0.7116332935469657
0.7116429362759873
0.7116540289510705
0.7116665736871348
0.7116805511449543
0.7116959489550487
0.7117127560282063
0.711730962908852
0.7117505607011838
0.7117715401376569
0.7117938788431564
0.711817679460731
0.7118428034651378
0.7118694027335406
0.7118974120639242
0.7119267537550339
0.7119578132869361
0.711990671095089
0.7120257600144526
0.7120641686517613
0.7121101335907719
0.7122629263623906
0.712201814164228
0.7121743352917649
0.7121035982261733
0.7122342296683436
0.7122873219904998
0.7123361175586769
0.7123860807786481
0.7124292126384509
nan
nan
nan
nan
nan
nan
nan
nan
nan
nan
nan
nan
nan
nan
0.7154491399488463
0.7151419660766796
0.7149757689051658
0.7148192295093574
0.7146127469830901
0.7144446573110375
0.7142656160852028
0.7141406614042498
0.7140129758443617
0.7138918048233138
0.7137795164067822
0.7136715439293035
0.713272841982092
0.7134148302408978
0.7134733312500392
0.7132240932011557
0.7131271425152129
0.7130490821407929
0.712975688027544
0.712905037196314
0.7128370946519362
0.7127718441577569
0.712709270267476
0.7126493426217834
0.7125920198338715
0.7125372512271914
0.7124849796005777
0.71243515500638
0.7123877213387422
0.7123426271594113
0.7122998221756791
0.7122592592728547
0.7122208874607228
0.7121846945796333
0.7121506321280333
0.8185367116528814
0.8186855355140066
nan
nan
0.7120106884969252
0.7119885880118109
0.711968382720608
0.7119500469225033
0.7119335560697543
0.7119188866651663
0.7119060161686488
0.711894922921799
0.7118855860779598
0.7118779855812747
0.7118721020744649
0.711867916968075
0.7118654124822504
0.711864587891069
0.7118653133053711
0.7118677799220264
0.7118718249240952
0.7118774671785267
0.7118846921465083
0.7118934873983278
0.7119038408688169
0.7119157423370652
0.7119291827520395
0.7119441548579462
0.7119607043392987
0.7119787379345801
0.7119983242154064
0.7120194807852113
0.712042434976143
0.7120667806716379
0.7120929450192821
0.7121212090942606
0.7121519464001737
0.7121861727616231
0.7122270350441954
0.7123034026466759
0.7123710236416206
0.712337475727128
0.7122901653497173
0.7122572319669604
0.7123405687113336
0.7123988026484299
0.7124485726758536
0.7124953383609146
0.7125383702057642
0.7125853273471545
0.712631614656846
nan
nan
nan
nan
nan
nan
nan
nan
nan
nan
nan
nan
nan
nan
nan
nan
nan
0.7159306969667774
0.7156381645368376
0.7154115188162214
0.7151140461404588
0.7150322051438757
0.7148426633211219
0.7146727618749334
0.7145060414371449
0.7143709869295475
0.7142330527221066
0.7141145159620337
0.7139984016453408
0.7138813632974759
0.7136441470494309
0.7136708970987262
0.7136868322980096
0.7134396219430251
0.7133448026310616
0.7132655624387438
0.713190753299394
0.7131192557438678
0.7130508238635237
0.7129853830086357
0.7129228777794816
0.7128632521148044
0.7128064448136288
0.7127523888158815
0.7127010179223083
0.7126522674240445
0.7126060736313607
0.7125623771226974
0.7125211211227227
nan
0.8170985861749054
0.8172496656909679
0.8173783087431408
0.8174848221135276
0.7123220174659999
0.7122964959470971
0.7122730611610943
0.7122516795795728
0.7122323195074871
0.7122149508051999
0.7121995447198345
0.7121860736381076
0.7121745114766429
0.71216483354778
0.7121570164175367
0.712151038081878
0.712146877852018
0.7121445163275035
0.7121439356414083
0.7121451198065674
0.7121480542636731
0.7121527270400202
0.7121590927635968
0.7121672941817543
0.7121771392364118
0.7121887284663032
0.7122020716208652
0.7122172023200526
0.7122341174309257
0.7122535139786131
0.7122740215967386
0.7122974537562434
0.7123237922716714
0.7123543850932603
0.7123931225005062
0.7124745181847203
0.7125767026682839
0.712529923325332
0.7124720407903014
0.712413210111027
0.7123811935185826
0.7124779658916295
0.7125414191127223
0.7125901364485133
0.7126189839005803
0.712677227673829
0.712722367301184
0.7127665554882954
0.712814213709682
0.7128629901349677
nan
nan
nan
nan
nan
nan
nan
nan
nan
nan
nan
nan
nan
nan
nan
nan
nan
nan
nan
nan
0.716546381983497
0.7161433314977985
0.7158773757868236
0.7156224573626171
0.7155286110677348
0.7152577278805927
0.7150713301212579
0.7149081820567228
0.7147435865003701
0.7145988562183994
0.7144636934346048
0.7143376228380771
0.7142185013665339
0.7140992775027325
0.7138824299230055
0.7139059655504452
0.7138484385788586
0.7136693687250869
0.7135747067430395
0.7134945988789048
0.7134193571800896
0.7133477440450086
0.7132794915646705
0.7132145113091382
0.7131527154577071
0.7130940112772313
0.7130383334483438
0.7129855896394341
0.7129357132504338
0.8152127216713002
0.8154145223630869
0.8155916760534929
0.8157446050972865
0.8158736951649068
0.7126926144242108
0.71266088557502
0.7126315250698463
0.7126044865647241
0.7125797268298532
0.7125572054356089
0.7125368845516867
0.7125187287628661
0.7125027051736277
0.712488785230886
0.7124769449793353
0.7124671530901909
0.7124593854722557
0.7124536298814332
0.712449869647472
0.7124480945162783
0.7124482987428188
0.7124504915858767
0.7124546826363551
0.7124609042713864
0.7124692080991715
0.7124796653506051
0.7124926788641509
0.7125080867644988
0.7125262438905063
0.7125486415628443
0.7125772966922619
0.7126205973747489
0.7127984212767948
0.712792389827478
0.7127302274336936
0.7126700767481822
0.712608920057497
0.7125443852117974
0.7125196742219974
0.712660856407632
0.7127177842086965
0.7127607116128039
0.7128043293908739
0.7128476287717729
0.7128909125356321
0.7129321190724794
0.7129787311049197
0.713026582684507
0.7130758607230224
0.7131279530145174
nan
nan
nan
nan
nan
nan
nan
nan
nan
nan
nan
nan
nan
nan
nan
nan
nan
nan
nan
nan
nan
nan
nan
0.7170238958238506
0.7166470411180369
0.7163713109389396
0.7161772261637727
0.7158115398334997
0.7156818717417472
0.7154781341665573
0.7152951076695473
0.7151290083204346
0.7149706620904968
0.7148251527680456
0.7146899111622155
0.714563576951777
0.7144451162462426
0.7143330476093434
0.7140120207481888
0.7140578118080949
0.7140164702300491
0.7139020950350372
0.7138189890306339
0.7137366737382944
0.7136617920641768
0.7135910833196162
0.713523871481788
0.7134602317658182
0.8131385711586772
0.8133988063390544
0.813631721554178
0.8138378140297051
0.8140176049398178
0.8141715520725199
0.713104597800097
0.713065623759832
0.7130293881720373
0.7129958275293817
0.7129648838544541
0.7129365047967829
0.7129106428741199
0.7128872553053381
0.7128663042526611
0.7128477572162937
0.712831587657634
0.7128177756863665
0.7128063087421496
0.712797184454045
0.7127904152330553
0.712786038199943
0.7127841016765006
0.7127847184801988
0.7127880087225287
0.7127945619043148
0.7128045430816967
0.7128187084827557
0.712840269486047
0.7128774042519939
0.7130791342314892
0.7130715163702476
0.7130044447977135
0.7129424902260602
0.7128806837307955
0.7128179371846047
0.712752824293061
0.7126832137552712
0.7127807066588441
0.712882979489146
0.7129297838785791
0.7129721504980604
0.7130131123935823
0.7130530629877027
0.7130944655792314
0.7131344846147298
0.7131817682353001
0.7132240000245911
0.7132718241936002
0.713310697221977
0.7134041120866053
0.7133933976100143
nan
nan
nan
nan
nan
nan
nan
nan
nan
nan
nan
nan
nan
nan
nan
nan
nan
nan
nan
nan
nan
nan
nan
nan
nan
0.7182187210410271
0.7175501641137856
0.7171840397745006
0.7168909557576817
0.7166348759778657
0.7163381035366753
0.7162078357171688
0.7158950347138742
0.7156986635621196
0.7155213628594937
0.7153524455997526
0.715198571976048
0.7150544784598756
0.7149202551160422
0.7147949068059067
0.7146779859494075
0.7145710675759833
0.7144539674227204
0.7141234116590536
0.7142043079829751
0.7141798674792541
0.7140512318478646
0.7140022516528706
0.8111852538928104
0.8114821936056243
0.8117482623133165
0.8119857004849051
0.8121945400564802
0.8123753969278751
0.8125285527763364
0.7135161589905917
0.7134720432878925
0.7134310993323152
0.7133932394758047
0.7133583994654908
0.7133265310767137
0.7132975974428554
0.7132715743589206
0.713248454575975
0.7132282547448006
0.7132110245286469
0.7131968527172468
0.7131858893684097
0.7131784053507638
0.7131750244233186
0.7131768875543324
0.7131856180650257
0.7132084199844893
0.7134401660098519
0.7134258282596293
0.713354710547025
0.7132894957657787
0.7132267526947277
0.7131638487812109
0.7131004179388158
0.7130362716889774
0.7129705152928005
0.7128980764836549
0.7128520776556744
0.7131025839632563
0.7131428397389246
0.7131891163851397
0.7132261833275878
0.7132621513350521
0.7132989759824196
0.7133458444083425
0.7133733455158708
0.7134171320098518
0.7134601477269227
0.7135065123818237
0.7135553705481136
0.7137499453787582
0.7135742746035184
0.7135104115499694
0.7138045995855863
nan
nan
nan
nan
nan
nan
nan
nan
nan
nan
nan
nan
nan
nan
nan
nan
nan
nan
nan
nan
nan
nan
nan
nan
nan
nan
nan
0.7191927342277772
0.7186216397133478
0.7180831247093007
0.7176912917965823
0.7174317027221861
0.7170919741655181
0.7167942151001081
0.7165410717299859
0.7163162093887405
0.7161100212095219
0.7159119842419668
0.7157463654978604
0.7155835272208773
0.7154326657973582
0.7152915605731274
0.715159958410756
0.7150368203654426
0.7149214662689215
0.7148133657781026
0.7147223082114444
0.7145978671888438
0.8090493895105697
0.8092395074662695
0.8098325739541878
0.810026324941286
0.8102817530423394
0.810475703792964
0.8106339444396827
0.7140319905135992
0.7139690452272508
0.7139198071245121
0.7138766317392484
0.7138371795066
0.7138013220926067
0.7137694356253382
0.7137420861483643
0.7137204544031384
0.7137078536735795
0.7137131932679545
0.7137765772780569
0.7138275748506386
0.7138171724554538
0.7137589825317704
0.7136935594468808
0.7136314614054937
0.7135711086714344
0.7135107161433946
0.7134496939762494
0.713387911278631
0.7133252464005657
0.7132612281974986
0.7131936216000836
0.7131287103927422
0.7133389761249083
0.7133961152460149
0.7134351777393465
0.7134666912971045
0.7134966053509494
0.7135261407860247
0.7135571287725125
0.7135898830134888
0.7136191208295937
0.7136593025447248
0.713697915273639
0.7137396329200509
0.7137842325073718
0.7138513731796787
0.7140891908455231
0.7138471704438012
0.7144153482231084
0.7143708796374391
0.7144096918392383
0.7144156653440557
nan
nan
nan
nan
nan
nan
nan
nan
nan
nan
nan
nan
nan
nan
nan
nan
nan
nan
nan
nan
nan
nan
nan
nan
nan
nan
nan
nan
nan
nan
nan
0.7203176810198668
0.7186202841326927
0.7181918548020727
0.7179838771715561
0.7175406767017217
0.7172449224514788
0.7169771982661448
0.7167526424260795
0.7165277983422202
0.7163302398212092
0.716151846656268
0.7159816295344615
0.7158249286686016
0.7156791235825752
0.7155429784243569
0.7154156293603597
0.715296276185293
0.8068485864127702
0.8072523803179361
0.8076177990084341
0.8079481668423216
0.8082417200609286
0.8085204621043853
0.8087700193448002
0.8089615727255112
0.8095529760139062
0.7142538146778056
0.7142302253889925
0.7142083159347986
0.7141841690169798
0.7141578733949612
0.7141268630259947
0.7140888990574856
0.714044295549952
0.7139953396496415
0.7139443590112223
0.713892523781739
0.7138399341351842
0.7137862279306331
0.713730990566238
0.713673831494259
0.7136142962315681
0.7135525188194425
0.713510788554698
0.7136789535372903
0.7137396719822036
0.7137649930135807
0.7137838900268134
0.7138013503134392
0.7138187598597555
0.7138386896665807
0.7138575650646806
0.713879806333284
0.7139038738371996
0.7139186918047083
0.7139601964856869
0.7139911399915256
0.7140286374675988
0.7140815728526331
0.7141764946687708
0.7144166586846344
0.7143541385227372
0.7142133428379713
0.7141045810748328
0.7140726183025766
0.7141935032663461
0.7142038218124004
0.7145383775286124
0.7148707950965423
nan
nan
nan
nan
nan
nan
nan
nan
nan
nan
nan
nan
nan
nan
nan
nan
nan
nan
nan
nan
nan
nan
nan
nan
nan
nan
nan
nan
nan
nan
nan
0.722529476360968
nan
0.7208432837202241
0.7196082440157254
0.7191392139553352
0.7186866638553178
0.7185456566129019
0.7179894889374222
0.7176880278370612
0.7174173936384558
0.7171769233014811
0.7169601776887564
0.716753464175627
0.7165662764835306
0.716395359934864
0.7162343185466962
0.716084912126018
0.8044873493209631
0.8049551316778005
0.8053778532496225
0.805758156331323
0.8060985129141288
0.8064011719588622
0.8066682586209089
0.806901613901544
0.7151003020684266
0.7150197381228234
0.7149431190474949
0.7148697830606667
0.7148000008760917
0.7147337686279445
0.7146707939585009
0.7146110397004364
0.7145548866535083
0.7145029630984178
0.714455920178032
0.7144142599265886
0.7143782643052147
0.7143478174695801
0.714322297126524
0.7143012739130218
0.7142845762381489
0.7142717418537551
0.7142626107292885
0.7142566717909031
0.7142539685832683
0.7142538693735767
0.7142569548535805
0.7142621978966713
0.7142695128943484
0.7142784760951416
0.714290119401429
0.71430281312528
0.7143192545653002
0.7143382113239607
0.7143689502783555
0.7144055947312373
0.7144457035841465
0.7148145260153526
0.714507226665999
0.7145427893715081
0.7146423118623301
0.7147131018164067
0.7147679459083618
0.714907899487495
nan
nan
0.715254954855951
0.7149699112435455
nan
nan
nan
nan
nan
nan
nan
nan
nan
nan
nan
nan
nan
nan
nan
nan
nan
nan
nan
nan
nan
nan
nan
nan
nan
nan
nan
nan
nan
nan
nan
nan
nan
nan
nan
nan
0.7209013058266873
0.7200943277111178
0.7196262753022574
0.7191804314296796
0.7190846355548084
0.7184406801392292
0.7181390759095045
0.7178694246789342
0.7176223402716222
0.7173980399880493
0.7171921351834182
0.7170019816730964
0.8019465289092406
0.8024968099519205
0.8029836345449837
0.8034263747028609
0.8038219279072515
0.8041733543329279
0.8044831678779392
0.8047535601636542
0.8049864138481377
0.715692852551402
0.7156025759956345
0.7155176163229057
0.7154376887283549
0.7153625526708447
0.7152920442004578
0.7152260584701318
0.7151645450353455
0.7151074920409488
0.7150549147734475
0.7150068468492707
0.7149632122555981
0.7149242482143847
0.7148896794438315
0.7148595324690181
0.714834065543875
0.7148128097334948
0.7147958185474417
0.7147829526853886
0.7147668808770369
0.7147851706537629
0.7147673769979486
0.7147711301229293
0.7147783076815227
0.7147890623192699
0.7148034144057844
0.7148208274892572
0.7148377916729924
0.7148957380727903
0.7150671949499394
0.7149834917970956
0.7146536114080889
0.7150106860941766
0.7150917380786441
0.7151640093161371
0.7152205715087098
nan
0.7156815360176241
0.7155605542766039
0.7154542556564107
0.7153204964364561
0.7151814703049673
nan
nan
nan
nan
nan
nan
nan
nan
nan
nan
nan
nan
nan
nan
nan
nan
nan
nan
nan
nan
nan
nan
nan
nan
nan
nan
nan
nan
nan
nan
nan
nan
nan
nan
nan
nan
nan
0.723854444287064
0.7228969097870204
0.7230661698744881
0.7214595645268678
0.7205467904990156
0.7200689661125885
0.7196858956585763
0.7195392503091982
0.7188980508362134
0.7186013274302756
0.7183315731604578
0.7180851747612593
0.7991886864026274
0.7998337076439808
0.8004130126667999
0.8009319379574611
0.8013950260756696
0.8018062009558502
0.8021688273694227
0.802483609411131
0.8027592919029061
0.8029911477000895
0.7163408632682284
0.7162389161250212
0.716143442708688
0.7160540836458011
0.7159705500249822
0.7158926125100109
0.7158200943366502
0.7157528641718752
0.7156908284236553
0.7156339262723957
0.715582117743363
0.7155354890213373
0.7154942612933144
0.7154672841694228
0.7154162204163435
0.7153950603466589
0.7153733098941686
0.715355871791674
0.7153478969871193
0.7153351731858366
0.7153311778554117
0.715330628256846
0.7153315825267866
0.7153959363454158
0.7155056889461949
0.7156900366890631
0.7154486525518509
0.7152975644523575
0.7154698996099377
0.7155479014629254
0.715592828726133
0.7156993851463835
nan
nan
0.7160167649134188
0.7158948188478584
0.7157692795546562
0.7155260508510244
nan
nan
nan
nan
nan
nan
nan
nan
nan
nan
nan
nan
nan
nan
nan
nan
nan
nan
nan
nan
nan
nan
nan
nan
nan
nan
nan
nan
nan
nan
nan
nan
nan
nan
nan
nan
nan
nan
nan
nan
nan
nan
nan
0.725963289443098
0.7231756757601205
0.722963158267937
0.7219135682735669
0.7210102680598056
0.7206023149662678
0.7202042735833791
0.7196990927059208
0.7193658148502348
0.7961843492059182
0.796944282130873
0.7976293925809974
0.7982425379572657
0.7987887786364489
0.799273137740708
0.7996999167700617
0.8000732430940537
0.8003960671889809
0.8006715093955252
0.8009018397500585
0.7170549637107213
0.7169395872930681
0.7168320098771641
0.7167317663461007
0.7166384993077026
0.7165519171105309
0.7164717903669819
0.7163978778075741
0.7163300951009399
0.7162682445809415
0.7162122674622315
0.7161619843409381
0.7161173078412088
0.7160780322415065
0.7160428736699069
0.7160208094085433
0.7159579420380043
0.7160114706012364
0.7160177865596731
0.7160272382373101
0.7160497817629198
0.71619321573624
0.7159905167547508
0.715784266635179
0.7160207288683401
0.7160859455414954
0.7161749207075818
0.716197415370113
nan
nan
0.7165183785017639
0.7163819317234841
0.7162478409836673
nan
0.7171137433459767
nan
nan
nan
nan
nan
nan
nan
nan
nan
nan
nan
nan
nan
nan
nan
nan
nan
nan
nan
nan
nan
nan
nan
nan
nan
nan
nan
nan
nan
nan
nan
nan
nan
nan
nan
nan
nan
nan
nan
nan
nan
nan
nan
nan
nan
nan
nan
nan
0.7271608113650903
0.7238071165963572
0.7232337445824029
0.7223383737534146
0.7217342267331013
0.7215380319198239
0.7925439733929944
0.7934483579225535
0.7946202974314162
0.7953746585514032
0.7959869514839579
0.7965484054613189
0.7970486960280689
0.7974881942641845
0.797869673519669
0.7981963064841968
0.7984713188099397
0.7179913926839584
0.7178508006172304
0.7177204173489984
0.7175994938044348
0.7174874958002532
0.7173839790332628
0.71728864541481
0.7172011926225319
0.7171213632143874
0.7170487855779999
0.7169841446010158
0.7169268284593161
0.7168758252191316
0.7168320353752428
0.7168068900776554
0.7168049051600298
0.7167864566394218
0.7170751738421561
0.7167440672237052
0.7165791817310714
0.716620117606986
0.7167155236889263
0.716770944758993
0.7168420632749138
nan
nan
nan
0.7171755143397138
0.7169032775721094
0.7167818967547804
0.7166681618270698
nan
nan
0.7163663772880301
nan
nan
nan
nan
nan
nan
nan
nan
nan
nan
nan
nan
nan
nan
nan
nan
nan
nan
nan
nan
nan
nan
nan
nan
nan
nan
nan
nan
nan
nan
nan
nan
nan
nan
nan
nan
nan
nan
nan
nan
nan
nan
nan
nan
nan
nan
nan
nan
nan
nan
nan
0.7283304475396126
0.7255761066626597
0.7243810103499132
0.7870405630460092
0.7882892375044233
0.7896343086132254
0.7906845025465816
0.7918653359566401
0.7926395072382549
0.7933173074514182
0.7939415250907247
0.7948176019192742
0.7951399169523419
0.7955193375214759
0.7958412767762089
0.7961087959364698
0.7189194604146559
0.7187605192021611
0.7186141923836391
0.7184798075292158
0.718356826699003
0.7182450315220521
0.7181443802000218
0.718055288848321
0.7179794219187124
0.7179219050701118
0.7179145472416777
0.7179791461837477
0.7177443939839641
0.717578050026239
0.717370198177944
0.7174353526640062
0.7175158144354294
0.7175584038492724
0.7176431798942182
0.7190340096925341
0.7183318882701939
nan
nan
nan
0.717474242416887
nan
0.7173281514461707
nan
nan
nan
nan
nan
nan
nan
nan
nan
nan
nan
nan
nan
nan
nan
nan
nan
nan
nan
nan
nan
nan
nan
nan
nan
nan
nan
nan
nan
nan
nan
nan
nan
nan
nan
nan
nan
nan
nan
nan
nan
nan
nan
nan
nan
nan
nan
nan
nan
nan
nan
nan
nan
nan
nan
nan
nan
nan
nan
nan
0.7795285537166587
0.7827531356379285
0.7848257886799874
0.7864691517073719
0.7876421065119423
0.7889750164848897
0.7899310291622188
0.7907715865153064
0.7910830104623525
0.7920198439706014
0.7925546202809564
0.7930220689898999
0.7934592366344446
0.7195127761367046
0.7194983363826223
0.7194424901547181
0.7193438118050685
0.7192194363715255
0.71907681262532
0.7189160692122191
0.7187246558396806
0.7184383111842447
0.7186926605953035
0.7186899087537465
0.7186666508059651
0.7186527197434792
0.7187196190074587
0.7192591374562938
0.7203518390391453
0.7194312371831308
0.7190621474211115
0.7196064423679825
0.7184573556158155
0.7182431912595658
0.7184756959159342
nan
0.7178842180634981
nan
0.7182422304416604
nan
nan
nan
nan
nan
nan
nan
nan
nan
nan
nan
nan
nan
nan
nan
nan
nan
nan
nan
nan
nan
nan
nan
nan
nan
nan
nan
nan
nan
nan
nan
nan
nan
nan
nan
nan
nan
nan
nan
nan
nan
nan
nan
nan
nan
nan
nan
nan
nan
nan
nan
nan
nan
nan
nan
nan
nan
nan
nan
nan
nan
nan
nan
0.7759028891262467
0.779930427899284
0.7826006250654656
0.7843574316749056
0.7857280364624747
0.7868729392695621
0.7879136851721071
0.7886173182035985
0.7892963056777558
0.7898779418577997
0.7903976568864708
0.791048201433349
0.7909219483471903
0.7211966732492787
0.7210718811004794
0.7209425310641274
0.7208065818753473
0.7206647956374024
0.7205073336416077
0.720363286003115
0.7202031252425714
0.7198468489864349
0.7198847697490651
0.719714644798861
0.7195504381658078
0.7193883622286041
0.7192289534418304
0.7191713105657191
0.7193494246838423
0.7187622049375416
0.7185396531027277
0.7189508629093708
nan
nan
nan
nan
nan
nan
nan
nan
nan
nan
nan
nan
nan
nan
nan
nan
nan
nan
nan
nan
nan
nan
nan
nan
nan
nan
nan
nan
nan
nan
nan
nan
nan
nan
nan
nan
nan
nan
nan
nan
nan
nan
nan
nan
nan
nan
nan
nan
nan
nan
nan
nan
nan
nan
nan
nan
nan
nan
nan
nan
nan
nan
nan
nan
nan
nan
nan
nan
nan
nan
nan
0.7777780627233895
0.7793957796642412
0.781667219806011
0.783178337643829
0.7843599427956085
0.7853297885172428
0.7860820972343141
0.7866973160383142
0.7870925919823988
0.7873366153117574
0.7228658631495954
0.7225667409081924
0.7223058122474337
0.722069689968984
0.7219034789935956
0.721697349326291
0.7215394924901151
0.7213659537582069
0.7213218372950899
0.7212131798886625
0.7210411484083339
0.7210500339219407
0.720600811794186
0.7211959341166744
nan
nan
nan
nan
nan
nan
nan
nan
nan
nan
nan
nan
nan
nan
nan
nan
nan
nan
nan
nan
nan
nan
nan
nan
nan
nan
nan
nan
nan
nan
nan
nan
nan
nan
nan
nan
nan
nan
nan
nan
nan
nan
nan
nan
nan
nan
nan
nan
nan
nan
nan
nan
nan
nan
nan
nan
nan
nan
nan
nan
nan
nan
nan
nan
nan
nan
nan
nan
nan
nan
nan
nan
nan
nan
nan
nan
nan
nan
nan
0.7755928042276349
0.7777770391059842
0.7796438833837693
0.7811305530004243
0.7818006086805389
0.7827197302266502
0.7832996774032923
0.7253274846726355
0.7249310377007694
0.7246103223483047
0.7243562697740604
0.724179657689296
0.7240381248893172
0.7242277281534337
0.7244755347836019
0.7249955133300813
nan
0.7241515264848037
nan
nan
nan
nan
nan
nan
nan
nan
nan
nan
nan
nan
nan
nan
nan
nan
nan
nan
nan
nan
nan
nan
nan
nan
nan
nan
nan
nan
nan
nan
nan
nan
nan
nan
nan
nan
nan
nan
nan
nan
nan
nan
nan
nan
nan
nan
nan
nan
nan
nan
nan
nan
nan
nan
nan
nan
nan
nan
nan
nan
nan
nan
nan
nan
nan
nan
nan
nan
nan
nan
nan
nan
nan
nan
nan
nan
nan
nan
nan
nan
nan
nan
nan
nan
nan
nan
0.7720923363513679
0.7760912308995422
0.7753412291740199
0.7776372692316468
0.7775826037497058
0.7282128685423128
0.7284757231989332
0.7281425850265744
0.7272463117229935
0.725407676331526
0.726167065341242
nan
nan
nan
nan
nan
nan
nan
nan
nan
nan
nan
nan
nan
nan
nan
nan
nan
nan
nan
nan
nan
nan
nan
nan
nan
nan
nan
nan
nan
nan
nan
nan
nan
nan
nan
nan
nan
nan
nan
nan
nan
nan
nan
nan
nan
nan
nan
nan
nan
nan
nan
nan
nan
nan
nan
nan
nan
nan
nan
nan
nan
nan
nan
nan
nan
nan
nan
nan
nan
nan
nan
nan
nan
nan
nan
nan
nan
nan
nan
nan
nan
nan
nan
nan
nan
nan
nan
nan
nan
nan
nan
nan
nan
nan
nan
nan
nan
nan
nan
nan
nan
nan
nan
nan
nan
nan
nan
nan
nan
nan
nan
nan
nan
nan
nan
nan
nan
nan
nan
nan
nan
nan
nan
nan
nan
nan
nan
nan
nan
nan
nan
nan
nan
nan
nan
nan
nan
nan
nan
nan
nan
nan
nan
nan
nan
nan
nan
nan
nan
nan
nan
nan
nan
nan
nan
nan
nan
nan
nan
nan
nan
nan
nan
nan
nan
nan
nan
nan
nan
nan
nan
nan
nan
nan
nan
nan
nan
nan
nan
nan
nan
nan
nan
nan
nan
nan
nan
nan
nan
nan
nan
nan
nan
nan
nan
nan
nan
nan
nan
nan
nan
nan
nan
nan
nan
nan
nan
nan
nan
nan
nan
nan
nan
nan
nan
nan
nan
nan
nan
nan
nan
nan
nan
nan
nan
nan
nan
nan
nan
nan
nan
nan
nan
nan
nan
nan
nan
nan
nan
nan
nan
nan
nan
nan
nan
nan
nan
nan
nan
nan
nan
nan
nan
nan
nan
nan
nan
nan
nan
nan
nan
nan
nan
nan
nan
nan
nan
nan
nan
nan
nan
nan
nan
nan
nan
nan
nan
nan
nan
nan
nan
nan
nan
nan
nan
nan
nan
nan
nan
nan
nan
nan
nan
nan
nan
nan
nan
nan
nan
nan
nan
nan
nan
nan
nan
nan
nan
nan
nan
nan
nan
nan
nan
nan
nan
nan
nan
nan
nan
nan
nan
nan
nan
nan
nan
nan
nan
nan
nan
nan
nan
nan
nan
nan
nan
nan
nan
nan
nan
nan
nan
nan
nan
nan
nan
nan
nan
nan
nan
nan
nan
nan
nan
nan
nan
nan
nan
nan
nan
nan
nan
nan
nan
nan
nan
nan
nan
nan
nan
nan
nan
nan
nan
nan
nan
nan
nan
nan
nan
nan
nan
nan
nan
nan
nan
nan
nan
nan
nan
nan
nan
nan
nan
nan
nan
nan
nan
nan
nan
nan
nan
nan
nan
nan
nan
nan
nan
nan
nan
nan
nan
nan
nan
nan
nan
nan
nan
nan
nan
nan
nan
nan
nan
nan
nan
nan
nan
nan
nan
nan
nan
nan
nan
nan
nan
nan
nan
nan
nan
nan
nan
nan
nan
nan
nan
nan
nan
nan
nan
nan
nan
nan
nan
nan
nan
nan
nan
nan
nan
nan
nan
nan
nan
nan
nan
nan
nan
nan
nan
nan
nan
nan
nan
nan
nan
nan
nan
nan
nan
nan
nan
nan
nan
nan
nan
nan
nan
nan
nan
nan
nan
nan
nan
nan
nan
nan
nan
nan
nan
nan
nan
nan
nan
nan
nan
nan
nan
nan
nan
nan
nan
nan
nan
nan
nan
nan
nan
nan
nan
nan
nan
nan
nan
nan
nan
nan
nan
nan
nan
nan
nan
nan
nan
nan
nan
nan
nan
nan
nan
nan
nan
nan
nan
nan
nan
nan
nan
nan
nan
nan
nan
nan
nan
nan
nan
nan
nan
nan
nan
nan
nan
nan
nan
nan
nan
nan
nan
nan
nan
nan
nan
nan
nan
nan
nan
nan
nan
nan
nan
nan
nan
nan
nan
nan
nan
nan
nan
nan
nan
nan
nan
nan
nan
nan
nan
nan
nan
nan
nan
nan
nan
nan
nan
nan
nan
nan
nan
nan
nan
nan
nan
nan
nan
nan
nan
nan
nan
nan
nan
nan
nan
nan
nan
nan
nan
nan
nan
nan
nan
nan
nan
nan
nan
nan
nan
nan
nan
nan
nan
nan
nan
nan
nan
nan
nan
nan
nan
nan
nan
nan
nan
nan
nan
nan
nan
nan
nan
nan
nan
nan
nan
nan
nan
nan
nan
nan
nan
nan
nan
nan
nan
nan
nan
nan
nan
nan
nan
nan
nan
nan
nan
nan
nan
nan
nan
nan
nan
nan
nan
nan
nan
nan
nan
nan
nan
nan
nan
nan
nan
nan
nan
nan
nan
nan
nan
nan
nan
nan
nan
nan
nan
nan
nan
nan
nan
nan
nan
nan
nan
nan
nan
nan
nan
nan
nan
nan
nan
nan
nan
nan
nan
nan
nan
nan
nan
nan
nan
nan
nan
nan
nan
nan
nan
nan
nan
nan
nan
nan
nan
nan
nan
nan
nan
nan
nan
nan
nan
nan
nan
nan
nan
nan
nan
nan
nan
nan
nan
nan
nan
nan
nan
nan
nan
nan
nan
nan
nan
nan
nan
nan
nan
nan
nan
nan
nan
nan
nan
nan
nan
nan
nan
nan
nan
nan
nan
nan
nan
nan
nan
nan
nan
nan
nan
nan
nan
nan
nan
nan
nan
nan
nan
nan
nan
nan
nan
nan
nan
nan
nan
nan
nan
nan
nan
nan
nan
nan
nan
nan
nan
nan
nan
nan
nan
nan
nan
nan
nan
nan
nan
nan
nan
nan
nan
nan
nan
nan
nan
nan
nan
nan
nan
nan
nan
nan
nan
nan
nan
nan
nan
nan
nan
nan
nan
nan
nan
nan
nan
nan
nan
nan
nan
nan
nan
nan
nan
nan
nan
nan
nan
nan
nan
nan
nan
nan
nan
nan
nan
nan
nan
nan
nan
nan
nan
nan
nan
nan
nan
nan
nan
nan
nan
nan
nan
nan
nan
nan
nan
nan
nan
nan
nan
nan
nan
nan
nan
nan
nan
nan
nan
nan
nan
nan
nan
nan
nan
nan
nan
nan
nan
nan
nan
nan
nan
nan
nan
nan
nan
nan
nan
nan
nan
nan
nan
nan
nan
nan
nan
nan
nan
nan
nan
nan
nan
nan
nan
nan
nan
nan
nan
nan
nan
nan
nan
nan
nan
nan
nan
nan
nan
nan
nan
nan
nan
nan
nan
nan
nan
nan
nan
nan
nan
nan
nan
nan
nan
nan
nan
nan
nan
nan
nan
nan
nan
nan
nan
nan
nan
nan
nan
nan
nan
nan
nan
nan
nan
nan
nan
nan
nan
nan
nan
nan
nan
nan
nan
nan
nan
nan
nan
nan
nan
nan
nan
nan
nan
nan
nan
nan
nan
nan
nan
nan
nan
nan
nan
nan
nan
nan
nan
nan
nan
nan
nan
nan
nan
nan
nan
nan
nan
nan
nan
nan
nan
nan
nan
nan
nan
nan
nan
nan
nan
nan
nan
nan
nan
nan
nan
nan
nan
nan
nan
nan
nan
nan
nan
nan
nan
nan
nan
nan
nan
nan
nan
nan
nan
nan
nan
nan
nan
nan
nan
nan
nan
nan
nan
nan
nan
nan
nan
nan
nan
nan
nan
nan
nan
nan
nan
nan
nan
nan
nan
nan
nan
nan
nan
nan
nan
nan
nan
nan
nan
nan
nan
nan
nan
nan
nan
nan
nan
nan
nan
nan
nan
nan
nan
nan
nan
nan
nan
nan
nan
nan
nan
nan
nan
nan
nan
nan
nan
nan
nan
nan
nan
nan
nan
nan
nan
nan
nan
nan
nan
nan
nan
nan
nan
nan
nan
nan
nan
nan
nan
nan
nan
nan
nan
nan
nan
nan
nan
nan
nan
nan
nan
nan
nan
nan
nan
nan
nan
nan
nan
nan
nan
nan
nan
nan
nan
nan
nan
nan
nan
nan
nan
nan
nan
nan
nan
nan
nan
nan
nan
nan
nan
nan
nan
nan
nan
nan
nan
nan
nan
nan
nan
nan
nan
nan
nan
nan
nan
nan
nan
nan
nan
nan
nan
nan
nan
nan
nan
nan
nan
nan
nan
nan
nan
nan
nan
nan
nan
nan
nan
nan
nan
nan
nan
nan
nan
nan
nan
nan
nan
nan
nan
nan
nan
nan
nan
nan
nan
nan
nan
nan
nan
nan
nan
nan
nan
nan
nan
nan
nan
nan
nan
nan
nan
nan
nan
nan
nan
nan
nan
nan
nan
nan
nan
nan
nan
nan
nan
nan
nan
nan
nan
nan
nan
nan
nan
nan
nan
nan
nan
nan
nan
nan
nan
nan
nan
nan
nan
nan
nan
nan
nan
nan
nan
nan
nan
nan
nan
nan
nan
nan
nan
nan
nan
nan
nan
nan
nan
nan
nan
nan
nan
nan
nan
nan
nan
nan
nan
nan
nan
nan
nan
nan
nan
nan
nan
nan
nan
nan
nan
nan
nan
nan
nan
nan
nan
nan
nan
nan
nan
nan
nan
nan
nan
nan
nan
nan
nan
nan
nan
nan
nan
nan
nan
nan
nan
nan
nan
nan
nan
nan
nan
nan
nan
nan
nan
nan
nan
nan
nan
nan
nan
nan
nan
nan
nan
nan
nan
nan
nan
nan
nan
nan
nan
nan
nan
nan
nan
nan
nan
nan
nan
nan
nan
nan
nan
nan
nan
nan
nan
nan
nan
nan
nan
nan
nan
nan
nan
nan
nan
nan
nan
nan
nan
nan
nan
nan
nan
nan
nan
nan
nan
nan
nan
nan
nan
nan
nan
nan
nan
nan
nan
nan
nan
nan
nan
nan
nan
nan
nan
nan
nan
nan
nan
nan
nan
nan
nan
nan
nan
nan
nan
nan
nan
nan
nan
nan
nan
nan
nan
nan
nan
nan
nan
nan
nan
nan
nan
nan
nan
nan
nan
nan
nan
nan
nan
nan
nan
nan
nan
nan
nan
nan
nan
nan
nan
nan
nan
nan
nan
nan
nan
nan
nan
nan
nan
nan
nan
nan
nan
nan
nan
nan
nan
nan
nan
nan
nan
nan
nan
nan
nan
nan
nan
nan
nan
nan
nan
nan
nan
nan
nan
nan
nan
nan
nan
nan
nan
nan
nan
nan
nan
nan
nan
nan
nan
nan
nan
nan
nan
nan
nan
nan
nan
nan
nan
nan
nan
nan
nan
nan
nan
nan
nan
nan
nan
nan
nan
nan
nan
nan
nan
nan
nan
nan
nan
nan
nan
nan
nan
nan
nan
nan
nan
nan
nan
nan
nan
nan
nan
nan
nan
nan
nan
nan
nan
nan
nan
nan
nan
nan
nan
nan
nan
nan
nan
nan
nan
nan
nan
nan
nan
nan
nan
nan
nan
nan
nan
nan
nan
nan
nan
nan
nan
nan
nan
nan
nan
nan
nan
nan
nan
nan
nan
nan
nan
nan
nan
nan
nan
nan
nan
nan
nan
nan
nan
nan
nan
nan
nan
nan
nan
nan
nan
nan
nan
nan
nan
nan
nan
nan
nan
nan
nan
nan
nan
nan
nan
nan
nan
nan
nan
nan
nan
nan
nan
nan
nan
nan
nan
nan
nan
nan
nan
nan
nan
nan
nan
nan
nan
nan
nan
nan
nan
nan
nan
nan
nan
nan
nan
nan
nan
nan
nan
nan
nan
nan
nan
nan
nan
nan
nan
nan
nan
nan
nan
nan
nan
nan
nan
nan
nan
nan
nan
nan
nan
nan
nan
nan
nan
nan
nan
nan
nan
nan
nan
nan
nan
nan
nan
nan
nan
nan
nan
nan
nan
nan
nan
nan
nan
nan
nan
nan
nan
nan
nan
nan
nan
nan
nan
nan
nan
nan
nan
nan
nan
nan
nan
nan
nan
nan
nan
nan
nan
nan
nan
nan
nan
nan
nan
nan
nan
nan
nan
nan
nan
nan
nan
nan
nan
nan
nan
nan
nan
nan
nan
nan
nan
nan
nan
nan
nan
nan
nan
nan
nan
nan
nan
nan
nan
nan
nan
nan
nan
nan
nan
nan
nan
nan
nan
nan
nan
nan
nan
nan
nan
nan
nan
nan
nan
nan
nan
nan
nan
nan
nan
nan
nan
nan
nan
nan
nan
nan
nan
nan
nan
nan
nan
nan
nan
nan
nan
nan
nan
nan
nan
nan
nan
nan
nan
nan
nan
nan
nan
nan
nan
nan
nan
nan
nan
nan
nan
nan
nan
nan
nan
nan
nan
nan
nan
nan
nan
nan
nan
nan
nan
nan
nan
nan
nan
nan
nan
nan
nan
nan
nan
nan
nan
nan
nan
nan
nan
nan
nan
nan
nan
nan
nan
nan
nan
nan
nan
nan
nan
nan
nan
nan
nan
nan
nan
nan
nan
nan
nan
nan
nan
nan
nan
nan
nan
nan
nan
nan
nan
nan
nan
nan
nan
nan
nan
nan
nan
nan
nan
nan
nan
nan
nan
nan
nan
nan
nan
nan
nan
nan
nan
nan
nan
nan
nan
nan
nan
nan
nan
nan
nan
nan
nan
nan
nan
nan
nan
nan
nan
nan
nan
nan
nan
nan
nan
nan
nan
nan
nan
nan
nan
nan
nan
nan
nan
nan
nan
nan
nan
nan
nan
nan
nan
nan
nan
nan
nan
nan
nan
nan
nan
nan
nan
nan
nan
nan
nan
nan
nan
nan
nan
nan
nan
nan
nan
nan
nan
nan
nan
nan
nan
nan
nan
nan
nan
nan
nan
nan
nan
nan
nan
nan
nan
nan
nan
nan
nan
nan
nan
nan
nan
nan
nan
nan
nan
nan
nan
nan
nan
nan
nan
nan
nan
nan
nan
nan
nan
nan
nan
nan
nan
nan
nan
nan
nan
nan
nan
nan
nan
nan
nan
nan
nan
nan
nan
nan
nan
nan
nan
nan
nan
nan
nan
nan
nan
nan
nan
nan
nan
nan
nan
nan
nan
nan
nan
nan
nan
nan
nan
nan
nan
nan
nan
nan
nan
nan
nan
nan
nan
nan
nan
nan
nan
nan
nan
nan
nan
nan
nan
nan
nan
nan
nan
nan
nan
nan
nan
nan
nan
nan
nan
nan
nan
nan
nan
nan
nan
nan
nan
nan
nan
nan
nan
nan
nan
nan
nan
nan
nan
nan
nan
nan
nan
nan
nan
nan
nan
nan
nan
nan
nan
nan
nan
nan
nan
nan
nan
nan
nan
nan
nan
nan
nan
nan
nan
nan
nan
nan
nan
nan
nan
nan
nan
nan
nan
nan
nan
nan
nan
nan
nan
nan
nan
nan
nan
nan
nan
nan
nan
nan
nan
nan
nan
nan
nan
nan
nan
nan
nan
nan
nan
nan
nan
nan
nan
nan
nan
nan
nan
nan
nan
nan
nan
nan
nan
nan
nan
nan
nan
nan
nan
nan
nan
nan
nan
nan
nan
nan
nan
nan
nan
nan
nan
nan
nan
nan
nan
nan
nan
nan
nan
nan
nan
nan
nan
nan
nan
nan
nan
nan
nan
nan
nan
nan
nan
nan
nan
nan
nan
nan
nan
nan
nan
nan
nan
nan
nan
nan
nan
nan
nan
nan
nan
nan
nan
nan
nan
nan
nan
nan
nan
nan
nan
nan
nan
nan
nan
nan
nan
nan
nan
nan
nan
nan
nan
nan
nan
nan
nan
nan
nan
nan
nan
nan
nan
nan
nan
nan
nan
nan
nan
nan
nan
nan
nan
nan
nan
nan
nan
nan
nan
nan
nan
nan
nan
nan
nan
nan
nan
nan
nan
nan
nan
nan
nan
nan
nan
nan
nan
nan
nan
nan
nan
nan
nan
nan
nan
nan
nan
nan
nan
nan
nan
nan
nan
nan
nan
nan
nan
nan
nan
nan
nan
nan
nan
nan
nan
nan
nan
nan
nan
nan
nan
nan
nan
nan
nan
nan
nan
nan
nan
nan
nan
nan
nan
nan
nan
nan
nan
nan
nan
nan
nan
nan
nan
nan
nan
nan
nan
nan
nan
nan
nan
nan
nan
nan
nan
nan
nan
nan
nan
nan
nan
nan
nan
nan
nan
nan
nan
nan
nan
nan
nan
nan
nan
nan
nan
nan
nan
nan
nan
nan
nan
nan
nan
nan
nan
nan
nan
nan
nan
nan
nan
nan
nan
nan
nan
nan
nan
nan
nan
nan
nan
nan
nan
nan
nan
nan
nan
nan
nan
nan
nan
nan
nan
nan
nan
nan
nan
nan
nan
nan
nan
nan
nan
nan
nan
nan
nan
nan
nan
nan
nan
nan
nan
nan
nan
nan
nan
nan
nan
nan
nan
nan
nan
nan
nan
nan
nan
nan
nan
nan
nan
nan
nan
nan
nan
nan
nan
nan
nan
nan
nan
nan
nan
nan
nan
nan
nan
nan
nan
nan
nan
nan
nan
nan
nan
nan
nan
nan
nan
nan
nan
nan
nan
nan
nan
nan
nan
nan
nan
nan
nan
nan
nan
nan
nan
nan
nan
nan
nan
nan
nan
nan
nan
nan
nan
nan
nan
nan
nan
nan
nan
nan
nan
nan
nan
nan
nan
nan
nan
nan
nan
nan
nan
nan
nan
nan
nan
nan
nan
nan
nan
nan
nan
nan
nan
nan
nan
nan
nan
nan
nan
nan
nan
nan
nan
nan
nan
nan
nan
nan
nan
nan
nan
nan
nan
nan
nan
nan
nan
nan
nan
nan
nan
nan
nan
nan
nan
nan
nan
nan
nan
nan
nan
nan
nan
nan
nan
nan
nan
nan
nan
nan
nan
nan
nan
nan
nan
nan
nan
nan
nan
nan
nan
nan
nan
nan
nan
nan
nan
nan
nan
nan
nan
nan
nan
nan
nan
nan
nan
nan
nan
nan
nan
nan
nan
nan
nan
nan
nan
nan
nan
nan
nan
nan
nan
nan
nan
nan
nan
nan
nan
nan
nan
nan
nan
nan
nan
nan
nan
nan
nan
nan
nan
nan
nan
nan
nan
nan
nan
nan
nan
nan
nan
nan
nan
nan
nan
nan
nan
nan
nan
nan
nan
nan
nan
nan
nan
nan
nan
nan
nan
nan
nan
nan
nan
nan
nan
nan
nan
nan
nan
nan
nan
nan
nan
nan
nan
nan
nan
nan
nan
nan
nan
nan
nan
nan
nan
nan
nan
nan
nan
nan
nan
nan
nan
nan
nan
nan
nan
nan
nan
nan
nan
nan
nan
nan
nan
nan
nan
nan
nan
nan
nan
nan
nan
nan
nan
nan
nan
nan
nan
nan
nan
nan
nan
nan
nan
nan
nan
nan
nan
nan
nan
nan
nan
nan
nan
nan
nan
nan
nan
nan
nan
nan
nan
nan
nan
nan
nan
nan
nan
nan
nan
nan
nan
nan
nan
nan
nan
nan
nan
nan
nan
nan
nan
nan
nan
nan
nan
nan
nan
nan
nan
nan
nan
nan
nan
nan
nan
nan
nan
nan
nan
nan
nan
nan
nan
nan
nan
nan
nan
nan
nan
nan
nan
nan
nan
nan
nan
nan
nan
nan
nan
nan
nan
nan
nan
nan
nan
nan
nan
nan
nan
nan
nan
nan
nan
nan
nan
nan
nan
nan
nan
nan
nan
nan
nan
nan
nan
nan
nan
nan
nan
nan
nan
nan
nan
nan
nan
nan
nan
nan
nan
nan
nan
nan
nan
nan
nan
nan
nan
nan
nan
nan
nan
nan
nan
nan
nan
nan
nan
nan
nan
nan
nan
nan
nan
nan
nan
nan
nan
nan
nan
nan
nan
nan
nan
nan
nan
nan
nan
nan
nan
nan
nan
nan
nan
nan
nan
nan
nan
nan
nan
nan
nan
nan
nan
nan
nan
nan
nan
nan
nan
nan
nan
nan
nan
nan
nan
nan
nan
nan
nan
nan
nan
nan
nan
nan
nan
nan
nan
nan
nan
nan
nan
nan
nan
nan
nan
nan
nan
nan
nan
nan
nan
nan
nan
nan
nan
nan
nan
nan
nan
nan
nan
nan
nan
nan
nan
nan
nan
nan
nan
nan
nan
nan
nan
nan
nan
nan
nan
nan
nan
nan
nan
nan
nan
nan
nan
nan
nan
nan
nan
nan
nan
nan
nan
nan
nan
nan
nan
nan
nan
nan
nan
nan
nan
nan
nan
nan
nan
nan
nan
nan
nan
nan
nan
nan
nan
nan
nan
nan
nan
nan
nan
nan
nan
nan
nan
nan
nan
nan
nan
nan
nan
nan
nan
nan
nan
nan
nan
nan
nan
nan
nan
nan
nan
nan
nan
nan
nan
nan
nan
nan
nan
nan
nan
nan
nan
nan
nan
nan
nan
nan
nan
nan
nan
nan
nan
nan
nan
nan
nan
nan
nan
nan
nan
nan
nan
nan
nan
nan
nan
nan
nan
nan
nan
nan
nan
nan
nan
nan
nan
nan
nan
nan
nan
nan
nan
nan
nan
nan
nan
nan
nan
nan
nan
nan
nan
nan
nan
nan
nan
nan
nan
nan
nan
nan
nan
nan
nan
nan
nan
nan
nan
nan
nan
nan
nan
nan
nan
nan
nan
nan
nan
nan
nan
nan
nan
nan
nan
nan
nan
nan
nan
nan
nan
nan
nan
nan
nan
nan
nan
nan
nan
nan
nan
nan
nan
nan
nan
nan
nan
nan
nan
nan
nan
nan
nan
nan
nan
nan
nan
nan
nan
nan
nan
nan
nan
nan
nan
nan
nan
nan
nan
nan
nan
nan
nan
nan
nan
nan
nan
nan
nan
nan
nan
nan
nan
nan
nan
nan
nan
nan
nan
nan
nan
nan
nan
nan
nan
nan
nan
nan
nan
nan
nan
nan
nan
nan
nan
nan
nan
nan
nan
nan
nan
nan
nan
nan
nan
nan
nan
nan
nan
nan
nan
nan
nan
nan
nan
nan
nan
nan
nan
nan
nan
nan
nan
nan
nan
nan
nan
nan
nan
nan
nan
nan
nan
nan
nan
nan
nan
nan
nan
nan
nan
nan
nan
nan
nan
nan
nan
nan
nan
nan
nan
nan
nan
nan
nan
nan
nan
nan
nan
nan
nan
nan
nan
nan
nan
nan
nan
nan
nan
nan
nan
nan
nan
nan
nan
nan
nan
nan
nan
nan
nan
nan
nan
nan
nan
nan
nan
nan
nan
nan
nan
nan
nan
nan
nan
nan
nan
nan
nan
nan
nan
nan
nan
nan
nan
nan
nan
nan
nan
nan
nan
nan
nan
nan
nan
nan
nan
nan
nan
nan
nan
nan
nan
nan
nan
nan
nan
nan
nan
nan
nan
nan
nan
nan
nan
nan
nan
nan
nan
nan
nan
nan
nan
nan
nan
nan
nan
nan
nan
nan
nan
nan
nan
nan
nan
nan
nan
nan
nan
nan
nan
nan
nan
nan
nan
nan
nan
nan
nan
nan
nan
nan
nan
nan
nan
nan
nan
nan
nan
nan
nan
nan
nan
nan
nan
nan
nan
nan
nan
nan
nan
nan
nan
nan
nan
nan
nan
nan
nan
nan
nan
nan
nan
nan
nan
nan
nan
nan
nan
nan
nan
nan
nan
nan
nan
nan
nan
nan
nan
nan
nan
nan
nan
nan
nan
nan
nan
nan
nan
nan
nan
nan
nan
nan
nan
nan
nan
nan
nan
nan
nan
nan
nan
nan
nan
nan
nan
nan
nan
nan
nan
nan
nan
nan
nan
nan
nan
nan
nan
nan
nan
nan
nan
nan
nan
nan
nan
nan
nan
nan
nan
nan
nan
nan
nan
nan
nan
nan
nan
nan
nan
nan
nan
nan
nan
nan
nan
nan
nan
nan
nan
nan
nan
nan
nan
nan
nan
nan
nan
nan
nan
nan
nan
nan
nan
nan
nan
nan
nan
nan
nan
nan
nan
nan
nan
nan
nan
nan
nan
nan
nan
nan
nan
nan
nan
nan
nan
nan
nan
nan
nan
nan
nan
nan
nan
nan
nan
nan
nan
nan
nan
nan
nan
nan
nan
nan
nan
nan
nan
nan
nan
nan
nan
nan
nan
nan
nan
nan
nan
nan
nan
nan
nan
nan
nan
nan
nan
nan
nan
nan
nan
nan
nan
nan
nan
nan
nan
nan
nan
nan
nan
nan
nan
nan
nan
nan
nan
nan
nan
nan
nan
nan
nan
nan
nan
nan
nan
nan
nan
nan
nan
nan
nan
nan
nan
nan
nan
nan
nan
nan
nan
nan
nan
nan
nan
nan
nan
nan
nan
nan
nan
nan
nan
nan
nan
nan
nan
nan
nan
nan
nan
nan
nan
nan
nan
nan
nan
nan
nan
nan
nan
nan
nan
nan
nan
nan
nan
nan
nan
nan
nan
nan
nan
nan
nan
nan
nan
nan
nan
nan
nan
nan
nan
nan
nan
nan
nan
nan
nan
nan
nan
nan
nan
nan
nan
nan
nan
nan
nan
nan
nan
nan
nan
nan
nan
nan
nan
nan
nan
nan
nan
nan
nan
nan
nan
nan
nan
nan
nan
nan
nan
nan
nan
nan
nan
nan
nan
nan
nan
nan
nan
nan
nan
nan
nan
nan
nan
nan
nan
nan
nan
nan
nan
nan
nan
nan
nan
nan
nan
nan
nan
nan
nan
nan
nan
nan
nan
nan
nan
nan
nan
nan
nan
nan
nan
nan
nan
nan
nan
nan
nan
nan
nan
nan
nan
nan
nan
nan
nan
nan
nan
nan
nan
nan
nan
nan
nan
nan
nan
nan
nan
nan
nan
nan
nan
nan
nan
nan
nan
nan
nan
nan
nan
nan
nan
nan
nan
nan
nan
nan
nan
nan
nan
nan
nan
nan
nan
nan
nan
nan
nan
nan
nan
nan
nan
nan
nan
nan
nan
nan
nan
nan
nan
nan
nan
nan
nan
nan
nan
nan
nan
nan
nan
nan
nan
nan
nan
nan
nan
nan
nan
nan
nan
nan
nan
nan
nan
nan
nan
nan
nan
nan
nan
nan
nan
nan
nan
nan
nan
nan
nan
nan
nan
nan
nan
nan
nan
nan
nan
nan
nan
nan
nan
nan
nan
nan
nan
nan
nan
nan
nan
nan
nan
nan
nan
nan
nan
nan
nan
nan
nan
nan
nan
nan
nan
nan
nan
nan
nan
nan
nan
nan
nan
nan
nan
nan
nan
nan
nan
nan
nan
nan
nan
nan
nan
nan
nan
nan
nan
nan
nan
nan
nan
nan
nan
nan
nan
nan
nan
nan
nan
nan
nan
nan
nan
nan
nan
nan
nan
nan
nan
nan
nan
nan
nan
nan
nan
nan
nan
nan
nan
nan
nan
nan
nan
nan
nan
nan
nan
nan
nan
nan
nan
nan
nan
nan
nan
nan
nan
nan
nan
nan
nan
nan
nan
nan
nan
nan
nan
nan
nan
nan
nan
nan
nan
nan
nan
nan
nan
nan
nan
nan
nan
nan
nan
nan
nan
nan
nan
nan
nan
nan
nan
nan
nan
nan
nan
nan
nan
nan
nan
nan
nan
nan
nan
nan
nan
nan
nan
nan
nan
nan
nan
nan
nan
nan
nan
nan
nan
nan
nan
nan
nan
nan
nan
nan
nan
nan
nan
nan
nan
nan
nan
nan
nan
nan
nan
nan
nan
nan
nan
nan
nan
nan
nan
nan
nan
nan
nan
nan
nan
nan
nan
nan
nan
nan
nan
nan
nan
nan
nan
nan
nan
nan
nan
nan
nan
nan
nan
nan
nan
nan
nan
nan
nan
nan
nan
nan
nan
nan
nan
nan
nan
nan
nan
nan
nan
nan
nan
nan
nan
nan
nan
nan
nan
nan
nan
nan
nan
nan
nan
nan
nan
nan
nan
nan
nan
nan
nan
nan
nan
nan
nan
nan
nan
nan
nan
nan
nan
nan
nan
nan
nan
nan
nan
nan
nan
nan
nan
nan
nan
nan
nan
nan
nan
nan
nan
nan
nan
nan
nan
nan
nan
nan
nan
nan
nan
nan
nan
nan
nan
nan
nan
nan
nan
nan
nan
nan
nan
nan
nan
nan
nan
nan
nan
nan
nan
nan
nan
nan
nan
nan
nan
nan
nan
nan
nan
nan
nan
nan
nan
nan
nan
nan
nan
nan
nan
nan
nan
nan
nan
nan
nan
nan
nan
nan
nan
nan
nan
nan
nan
nan
nan
nan
nan
nan
nan
nan
nan
nan
nan
nan
nan
nan
nan
nan
nan
nan
nan
nan
nan
nan
nan
nan
nan
nan
nan
nan
nan
nan
nan
nan
nan
nan
nan
nan
nan
nan
nan
nan
nan
nan
nan
nan
nan
nan
nan
nan
nan
nan
nan
nan
nan
nan
nan
nan
nan
nan
nan
nan
nan
nan
nan
nan
nan
nan
nan
nan
nan
nan
nan
nan
nan
nan
nan
nan
nan
nan
nan
nan
nan
nan
nan
nan
nan
nan
nan
nan
nan
nan
nan
nan
nan
nan
nan
nan
nan
nan
nan
nan
nan
nan
nan
nan
nan
nan
nan
nan
nan
nan
nan
nan
nan
nan
nan
nan
nan
nan
nan
nan
nan
nan
nan
nan
nan
nan
nan
nan
nan
nan
nan
nan
nan
nan
nan
nan
nan
nan
nan
nan
nan
nan
nan
nan
nan
nan
nan
nan
nan
nan
nan
nan
nan
nan
nan
nan
nan
nan
nan
nan
nan
nan
nan
nan
nan
nan
nan
nan
nan
nan
nan
nan
nan
nan
nan
nan
nan
nan
nan
nan
nan
nan
nan
nan
nan
nan
nan
nan
nan
nan
nan
nan
nan
nan
nan
nan
nan
nan
nan
nan
nan
nan
nan
nan
nan
nan
nan
nan
nan
nan
nan
nan
nan
nan
nan
nan
nan
nan
nan
nan
nan
nan
nan
nan
nan
nan
nan
nan
nan
nan
nan
nan
nan
nan
nan
nan
nan
nan
nan
nan
nan
nan
nan
nan
nan
nan
nan
nan
nan
nan
nan
nan
nan
nan
nan
nan
nan
nan
nan
nan
nan
nan
nan
nan
nan
nan
nan
nan
nan
nan
nan
nan
nan
nan
nan
nan
nan
nan
nan
nan
nan
nan
nan
nan
nan
nan
nan
nan
nan
nan
nan
nan
nan
nan
nan
nan
nan
nan
nan
nan
nan
nan
nan
nan
nan
nan
nan
nan
nan
nan
nan
nan
nan
nan
nan
nan
nan
nan
nan
nan
nan
nan
nan
nan
nan
nan
nan
nan
nan
nan
nan
nan
nan
nan
nan
nan
nan
nan
nan
nan
nan
nan
nan
nan
nan
nan
nan
nan
nan
nan
nan
nan
nan
nan
nan
nan
nan
nan
nan
nan
nan
nan
nan
nan
nan
nan
nan
nan
nan
nan
nan
nan
nan
nan
nan
nan
nan
nan
nan
nan
nan
nan
nan
nan
nan
nan
nan
nan
nan
nan
nan
nan
nan
nan
nan
nan
nan
nan
nan
nan
nan
nan
nan
nan
nan
nan
nan
nan
nan
nan
nan
nan
nan
nan
nan
nan
nan
nan
nan
nan
nan
nan
nan
nan
nan
nan
nan
nan
nan
nan
nan
nan
nan
nan
nan
nan
nan
nan
nan
nan
nan
nan
nan
nan
nan
nan
nan
nan
nan
nan
nan
nan
nan
nan
nan
nan
nan
nan
nan
nan
nan
nan
nan
nan
nan
nan
nan
nan
nan
nan
nan
nan
nan
nan
nan
nan
nan
nan
nan
nan
nan
nan
nan
nan
nan
nan
nan
nan
nan
nan
nan
nan
nan
nan
nan
nan
nan
nan
nan
nan
nan
nan
nan
nan
nan
nan
nan
nan
nan
nan
nan
nan
nan
nan
nan
nan
nan
nan
nan
nan
nan
nan
nan
nan
nan
nan
nan
nan
nan
nan
nan
nan
nan
nan
nan
nan
nan
nan
nan
nan
nan
nan
nan
nan
nan
nan
nan
nan
nan
nan
nan
nan
nan
nan
nan
nan
nan
nan
nan
nan
nan
nan
nan
nan
nan
nan
nan
nan
nan
nan
nan
nan
nan
nan
nan
nan
nan
nan
nan
nan
nan
nan
nan
nan
nan
nan
nan
nan
nan
nan
nan
nan
nan
nan
nan
nan
nan
nan
nan
nan
nan
nan
nan
nan
nan
nan
nan
nan
nan
nan
nan
nan
nan
nan
nan
nan
nan
nan
nan
nan
nan
nan
nan
nan
nan
nan
nan
nan
nan
nan
nan
nan
nan
nan
nan
nan
nan
nan
nan
nan
nan
nan
nan
nan
nan
nan
nan
nan
nan
nan
nan
nan
nan
nan
nan
nan
nan
nan
nan
nan
nan
nan
nan
nan
nan
nan
nan
nan
nan
nan
nan
nan
nan
nan
nan
nan
nan
nan
nan
nan
nan
nan
nan
nan
nan
nan
nan
nan
nan
nan
nan
nan
nan
nan
nan
nan
nan
nan
nan
nan
nan
nan
nan
nan
nan
nan
nan
nan
nan
nan
nan
nan
nan
nan
nan
nan
nan
nan
nan
nan
nan
nan
nan
nan
nan
nan
nan
nan
nan
nan
nan
nan
nan
nan
nan
nan
nan
nan
nan
nan
nan
nan
nan
nan
nan
nan
nan
nan
nan
nan
nan
nan
nan
nan
nan
nan
nan
nan
nan
nan
nan
nan
nan
nan
nan
nan
nan
nan
nan
nan
nan
nan
nan
nan
nan
nan
nan
nan
nan
nan
nan
nan
nan
nan
nan
nan
nan
nan
nan
nan
nan
nan
nan
nan
nan
nan
nan
nan
nan
nan
nan
nan
nan
nan
nan
nan
nan
nan
nan
nan
nan
nan
nan
nan
nan
nan
nan
nan
nan
nan
nan
nan
nan
nan
nan
nan
nan
nan
nan
nan
nan
nan
nan
nan
nan
nan
nan
nan
nan
nan
nan
nan
nan
nan
nan
nan
nan
nan
nan
nan
nan
nan
nan
nan
nan
nan
nan
nan
nan
nan
nan
nan
nan
nan
nan
nan
nan
nan
nan
nan
nan
nan
nan
nan
nan
nan
nan
nan
nan
nan
nan
nan
nan
nan
nan
nan
nan
nan
nan
nan
nan
nan
nan
nan
nan
nan
nan
nan
nan
nan
nan
nan
nan
nan
nan
nan
nan
nan
nan
nan
nan
nan
nan
nan
nan
nan
nan
nan
nan
nan
nan
nan
nan
nan
nan
nan
nan
nan
nan
nan
nan
nan
nan
nan
nan
nan
nan
nan
nan
nan
nan
nan
nan
nan
nan
nan
nan
nan
nan
nan
nan
nan
nan
nan
nan
nan
nan
nan
nan
nan
nan
nan
nan
nan
nan
nan
nan
nan
nan
nan
nan
nan
nan
nan
nan
nan
nan
nan
nan
nan
nan
nan
nan
nan
nan
nan
nan
nan
nan
nan
nan
nan
nan
nan
nan
nan
nan
nan
nan
nan
nan
nan
nan
nan
nan
nan
nan
nan
nan
nan
nan
nan
nan
nan
nan
nan
nan
nan
nan
nan
nan
nan
nan
nan
nan
nan
nan
nan
nan
nan
nan
nan
nan
nan
nan
nan
nan
nan
nan
nan
nan
nan
nan
nan
nan
nan
nan
nan
nan
nan
nan
nan
nan
nan
nan
nan
nan
nan
nan
nan
nan
nan
nan
nan
nan
nan
nan
nan
nan
nan
nan
nan
nan
nan
nan
nan
nan
nan
nan
nan
nan
nan
nan
nan
nan
nan
nan
nan
nan
nan
nan
nan
nan
nan
nan
nan
nan
nan
nan
nan
nan
nan
nan
nan
nan
nan
nan
nan
nan
nan
nan
nan
nan
nan
nan
nan
nan
nan
nan
nan
nan
nan
nan
nan
nan
nan
nan
nan
nan
nan
nan
nan
nan
nan
nan
nan
nan
nan
nan
nan
nan
nan
nan
nan
nan
nan
nan
nan
nan
nan
nan
nan
nan
nan
nan
nan
nan
nan
nan
nan
nan
nan
nan
nan
nan
nan
nan
nan
nan
nan
nan
nan
nan
nan
nan
nan
nan
nan
nan
nan
nan
nan
nan
nan
nan
nan
nan
nan
nan
nan
nan
nan
nan
nan
nan
nan
nan
nan
nan
nan
nan
nan
nan
nan
nan
nan
nan
nan
nan
nan
nan
nan
nan
nan
nan
nan
nan
nan
nan
nan
nan
nan
nan
nan
nan
nan
nan
nan
nan
nan
nan
nan
nan
nan
nan
nan
nan
nan
nan
nan
nan
nan
nan
nan
nan
nan
nan
nan
nan
nan
nan
nan
nan
nan
nan
nan
nan
nan
nan
nan
nan
nan
nan
nan
nan
nan
nan
nan
nan
nan
nan
nan
nan
nan
nan
nan
nan
nan
nan
nan
nan
nan
nan
nan
nan
nan
nan
nan
nan
nan
nan
nan
nan
nan
nan
nan
nan
nan
nan
nan
nan
nan
nan
nan
nan
nan
nan
nan
nan
nan
nan
nan
nan
nan
nan
nan
nan
nan
nan
nan
nan
nan
nan
nan
nan
nan
nan
nan
nan
nan
nan
nan
nan
nan
nan
nan
nan
nan
nan
nan
nan
nan
nan
nan
nan
nan
nan
nan
nan
nan
nan
nan
nan
nan
nan
nan
nan
nan
nan
nan
nan
nan
nan
nan
nan
nan
nan
nan
nan
nan
nan
nan
nan
nan
nan
nan
nan
nan
nan
nan
nan
nan
nan
nan
nan
nan
nan
nan
nan
nan
nan
nan
nan
nan
nan
nan
nan
nan
nan
nan
nan
nan
nan
nan
nan
nan
nan
nan
nan
nan
nan
nan
nan
nan
nan
nan
nan
nan
nan
nan
nan
nan
nan
nan
nan
nan
nan
nan
nan
nan
nan
nan
nan
nan
nan
nan
nan
nan
nan
nan
nan
nan
nan
nan
nan
nan
nan
nan
nan
nan
nan
nan
nan
nan
nan
nan
nan
nan
nan
nan
nan
nan
nan
nan
nan
nan
nan
nan
nan
nan
nan
nan
nan
nan
nan
nan
nan
nan
nan
nan
nan
nan
nan
nan
nan
nan
nan
nan
nan
nan
nan
nan
nan
nan
nan
nan
nan
nan
nan
nan
nan
nan
nan
nan
nan
nan
nan
nan
nan
nan
nan
nan
nan
nan
nan
nan
nan
nan
nan
nan
nan
nan
nan
nan
nan
nan
nan
nan
nan
nan
nan
nan
nan
nan
nan
nan
nan
nan
nan
nan
nan
nan
nan
nan
nan
nan
nan
nan
nan
nan
nan
nan
nan
nan
nan
nan
nan
nan
nan
nan
nan
nan
nan
nan
nan
nan
nan
nan
nan
nan
nan
nan
nan
nan
nan
nan
nan
nan
nan
nan
nan
nan
nan
nan
nan
nan
nan
nan
nan
nan
nan
nan
nan
nan
nan
nan
nan
nan
nan
nan
nan
nan
nan
nan
nan
nan
nan
nan
nan
nan
nan
nan
nan
nan
nan
nan
nan
nan
nan
nan
nan
nan
nan
nan
nan
nan
nan
nan
nan
nan
nan
nan
nan
nan
nan
nan
nan
nan
nan
nan
nan
nan
nan
nan
nan
nan
nan
nan
nan
nan
nan
nan
nan
nan
nan
nan
nan
nan
nan
nan
nan
nan
nan
nan
nan
nan
nan
nan
nan
nan
nan
nan
nan
nan
nan
nan
nan
nan
nan
nan
nan
nan
nan
nan
nan
nan
nan
nan
nan
nan
nan
nan
nan
nan
nan
nan
nan
nan
nan
nan
nan
nan
nan
nan
nan
nan
nan
nan
nan
nan
nan
nan
nan
nan
nan
nan
nan
nan
nan
nan
nan
nan
nan
nan
nan
nan
nan
nan
nan
nan
nan
nan
nan
nan
nan
nan
nan
nan
nan
nan
nan
nan
nan
nan
nan
nan
nan
nan
nan
nan
nan
nan
nan
nan
nan
nan
nan
nan
nan
nan
nan
nan
nan
nan
nan
nan
nan
nan
nan
nan
nan
nan
nan
nan
nan
nan
nan
nan
nan
nan
nan
nan
nan
nan
nan
nan
nan
nan
nan
nan
nan
nan
nan
nan
nan
nan
nan
nan
nan
nan
nan
nan
nan
nan
nan
nan
nan
nan
nan
nan
nan
nan
nan
nan
nan
nan
nan
nan
nan
nan
nan
nan
nan
nan
nan
nan
nan
nan
nan
nan
nan
nan
nan
nan
nan
nan
nan
nan
nan
nan
nan
nan
nan
nan
nan
nan
nan
nan
nan
nan
nan
nan
nan
nan
nan
nan
nan
nan
nan
nan
nan
nan
nan
nan
nan
nan
nan
nan
nan
nan
nan
nan
nan
nan
nan
nan
nan
nan
nan
nan
nan
nan
nan
nan
nan
nan
nan
nan
nan
nan
nan
nan
nan
nan
nan
nan
nan
nan
nan
nan
nan
nan
nan
nan
nan
nan
nan
nan
nan
nan
nan
nan
nan
nan
nan
nan
nan
nan
nan
nan
nan
nan
nan
nan
nan
nan
nan
nan
nan
nan
nan
nan
nan
nan
nan
nan
nan
nan
nan
nan
nan
nan
nan
nan
nan
nan
nan
nan
nan
nan
nan
nan
nan
nan
nan
nan
nan
nan
nan
nan
nan
nan
nan
nan
nan
nan
nan
nan
nan
nan
nan
nan
nan
nan
nan
nan
nan
nan
nan
nan
nan
nan
nan
nan
nan
nan
nan
nan
nan
nan
nan
nan
nan
nan
nan
nan
nan
nan
nan
nan
nan
nan
nan
nan
nan
nan
nan
nan
nan
nan
nan
nan
nan
nan
nan
nan
nan
nan
nan
nan
nan
nan
nan
nan
nan
nan
nan
nan
nan
nan
nan
nan
nan
nan
nan
nan
nan
nan
nan
nan
nan
nan
nan
nan
nan
nan
nan
nan
nan
nan
nan
nan
nan
nan
nan
nan
nan
nan
nan
nan
nan
nan
nan
nan
nan
nan
nan
nan
nan
nan
nan
nan
nan
nan
nan
nan
nan
nan
nan
nan
nan
nan
nan
nan
nan
nan
nan
nan
nan
nan
nan
nan
nan
nan
nan
nan
nan
nan
nan
nan
nan
nan
nan
nan
nan
nan
nan
nan
nan
nan
nan
nan
nan
nan
nan
nan
nan
nan
nan
nan
nan
nan
nan
nan
nan
nan
nan
nan
nan
nan
nan
nan
nan
nan
nan
nan
nan
nan
nan
nan
nan
nan
nan
nan
nan
nan
nan
nan
nan
nan
nan
nan
nan
nan
nan
nan
nan
nan
nan
nan
nan
nan
nan
nan
nan
nan
nan
nan
nan
nan
nan
nan
nan
nan
nan
nan
nan
nan
nan
nan
nan
nan
nan
nan
nan
nan
nan
nan
nan
nan
nan
nan
nan
nan
nan
nan
nan
nan
nan
nan
nan
nan
nan
nan
nan
nan
nan
nan
nan
nan
nan
nan
nan
nan
nan
nan
nan
nan
nan
nan
nan
nan
nan
nan
nan
nan
nan
nan
nan
nan
nan
nan
nan
nan
nan
nan
nan
nan
nan
nan
nan
nan
nan
nan
nan
nan
nan
nan
nan
nan
nan
nan
nan
nan
nan
nan
nan
nan
nan
nan
nan
nan
nan
nan
nan
nan
nan
nan
nan
nan
nan
nan
nan
nan
nan
nan
nan
nan
nan
nan
nan
nan
nan
nan
nan
nan
nan
nan
nan
nan
nan
nan
nan
nan
nan
nan
nan
nan
nan
nan
nan
nan
nan
nan
nan
nan
nan
nan
nan
nan
nan
nan
nan
nan
nan
nan
nan
nan
nan
nan
nan
nan
nan
nan
nan
nan
nan
nan
nan
nan
nan
nan
nan
nan
nan
nan
nan
nan
nan
nan
nan
nan
nan
nan
nan
nan
nan
nan
nan
nan
nan
nan
nan
nan
nan
nan
nan
nan
nan
nan
nan
nan
nan
nan
nan
nan
nan
nan
nan
nan
nan
nan
nan
nan
nan
nan
nan
nan
nan
nan
nan
nan
nan
nan
nan
nan
nan
nan
nan
nan
nan
nan
nan
nan
nan
nan
nan
nan
nan
nan
nan
nan
nan
nan
nan
nan
nan
nan
nan
nan
nan
nan
nan
nan
nan
nan
nan
nan
nan
nan
nan
nan
nan
nan
nan
nan
nan
nan
nan
nan
nan
nan
nan
nan
nan
nan
nan
nan
nan
nan
nan
nan
nan
nan
nan
nan
nan
nan
nan
nan
nan
nan
nan
nan
nan
nan
nan
nan
nan
nan
nan
nan
nan
nan
nan
nan
nan
nan
nan
nan
nan
nan
nan
nan
nan
nan
nan
nan
nan
nan
nan
nan
nan
nan
nan
nan
nan
nan
nan
nan
nan
nan
nan
nan
nan
nan
nan
nan
nan
nan
nan
nan
nan
nan
nan
nan
nan
nan
nan
nan
nan
nan
nan
nan
nan
nan
nan
nan
nan
nan
nan
nan
nan
nan
nan
nan
