0.7078333239478144
0.7080054837952897
0.708170616654419
0.708328707472599
0.7084797417195847
0.7086237053545987
0.708760584769928
0.7088903667368849
0.709013038377785
0.709128587121579
0.709237000668974
0.7093382669510646
0.7094323741000976
0.70951931041451
0.7095990643293091
0.7096716243907617
0.7097369792258634
0.7097951175209833
0.7098460279983685
0.7098896993984247
0.7099261204603597
0.7099552799078312
0.7099771664359871
0.7099917687026001
0.7099990753166581
0.709999074837224
0.7099917557678431
0.7099771065526201
0.7099551155842798
0.7099257712045877
0.7098890617123358
0.7098449753717979
0.7097935004236253
0.709734625101239
0.7096683376438395
0.7095946263177555
0.7095134794354954
0.7094248853804962
0.7093288326319772
0.7092253097915505
0.7091143056127491
0.7089958090343322
0.7088698092073091
0.7087362955351175
0.7085952577002548
0.7084466857364182
0.708290569958354
0.7081269011559732
0.7079556705091641
0.7077768696711937
0.7078304768820877
0.7080031394799318
0.708168753411265
0.7083273036601414
0.7084787757974491
0.708623155851595
0.7087604300848818
0.7088905853938218
0.7090136089037659
0.7091294880455412
0.7092382105281974
0.709339764302649
0.7094341375292472
0.7095213185515251
0.7096012958656912
0.7096740580962289
0.7097395939713114
0.709797892300309
0.7098489419541443
0.7098927318459247
0.7099292509147836
0.7099584881122982
0.7099804323903507
0.7099950726906417
0.7100023979392698
0.7100023970388111
0.7099950588685005
0.7099803722791653
0.709958326101072
0.709928909143932
0.709892110206558
0.7098479180850432
0.7097963215842444
0.709737309534094
0.70967087080261
0.7095969943199049
0.7095156690970739
0.7094268842516757
0.7093306290347068
0.7092268928607088
0.7091156653366104
0.7089969362988335
0.708870695847233
0.7087369343836967
0.7085956426514737
0.7084468116339613
0.7082904332146791
0.7081264991523211
0.707955002029649
0.7077759349428122
0.7078316394890509
0.7080050470614547
0.7081713693094215
0.7083305917203866
0.7084827004859744
0.7086276822443561
0.7087655236155436
0.7088962121448741
0.7090197354140549
0.709136081302767
0.7092452379590981
0.7093471937614941
0.70944193729422
0.7095294573193681
0.7096097427526686
0.7096827826409624
0.7097485661408022
0.709807082497111
0.7098583210264438
0.7099022710986447
0.7099389221239379
0.7099682635377171
0.709990284792298
0.7100049753454912
0.7100123246582768
0.7100123221883818
0.7100049573809959
0.709990219682693
0.7099680985326544
0.7099385833727667
0.709901663653667
0.7098573288448139
0.7098055684470134
0.7097463720062698
0.709679729133077
0.7096056295209048
0.7095240629707502
0.7094350194160738
0.7093384889502284
0.7092344618613846
0.7091229286611642
0.7090038801253792
0.7088773073342672
0.708743201710152
0.7086015550239908
0.7084523593302868
0.7082956079521101
0.7081312936325086
0.7079594103513278
0.7077799526978023
0.7078367554096703
0.7080111544280085
0.7081784153346367
0.708338525193504
0.7084914714788537
0.70863724197593
0.7087758241548137
0.7089072068584431
0.7090313785742627
0.7091483281081824
0.7092580445054867
0.7093605170120142
0.709455735049996
0.7095436881986521
0.7096243661745074
0.7096977588091248
0.7097638560321781
0.7098226478544856
0.7098741243504209
0.7099182756451329
0.7099550919042734
0.7099845633170455
0.710006680090929
0.7100214324438495
0.7100288106013672
0.7100288047889048
0.7100214052352453
0.7100066021674312
0.7099843858187165
0.7099547464347233
0.709917674279091
0.7098731596464312
0.7098211928709239
0.7097617643458206
0.7096948645414382
0.7096204840255546
0.7095386134871108
0.70944924376488
0.7093523658756122
0.7092479710480513
0.7091360507624573
0.7090165967829205
0.7088896012096657
0.7087550565290771
0.7086129555501027
0.7084632914417953
0.7083060588488703
0.7081412516191256
0.7079688651491404
0.7077888957356411
0.7078458041261827
0.7080214442549657
0.7081898768492518
0.7083510916615618
0.7085050781307207
0.7086518259275659
0.7087913237021118
0.7089235623311955
0.7090485316916755
0.7091662220334589
0.7092766237828352
0.709379727520961
0.7094755239494936
0.7095640038894002
0.7096451582566337
0.7097189780485461
0.7097854543370097
0.7098445782401319
0.7098963409236885
0.7099407335803065
0.7099777474216028
0.7100073736797272
0.7100296035881802
0.7100444283776444
0.7100518392755086
0.7100518275078649
0.7100443842971252
0.7100295008574391
0.710007168410687
0.7099773781878342
0.7099401214373569
0.7098953894312102
0.7098431734884255
0.7097834649918602
0.7097162553961753
0.7096415362646981
0.7095592992785407
0.7094695362835562
0.7093722393062803
0.7092674005986905
0.7091550126759322
0.7090350683554604
0.7089075608051733
0.7087724836198888
0.7086298308959736
0.7084795964818799
0.7083217764724044
0.7081563661497694
0.7079833620351703
0.7078027616513459
0.7078587945841921
0.7080359270707552
0.708205767467424
0.7083683071988112
0.7085235379742608
0.708671453278718
0.7088120426242938
0.7089452996441867
0.7090712162590411
0.7091897847220436
0.7093009973582737
0.709404846570479
0.7095013248183973
0.709590424602409
0.7096721384726908
0.7097464589943215
0.7098133787552123
0.7098728903535735
0.7099249863964895
0.7099696594629349
0.710006902141217
0.7100367069869271
0.7100590665317292
0.7100739732918058
0.7100814197604701
0.7100813983967357
0.7100739016491427
0.7100589219320647
0.7100364516555697
0.7100064832212949
0.7099690090380452
0.7099240215416633
0.7098715131943154
0.7098114765027641
0.7097439040616857
0.709668788540447
0.7095861227441623
0.7094958996241749
0.7093981123228169
0.7092927542019383
0.7091798188933759
0.7090593003371815
0.7089311928342199
0.7087954911262611
0.708652190705307
0.7085012858989745
0.708342774820418
0.7081766538177623
0.7080029205630871
0.7078215728614252
0.7078757525470183
0.708054635079612
0.7082261223078432
0.7083902095921983
0.7085468904061458
0.7086961655217441
0.708838023834577
0.7089724626114546
0.7090994766525833
0.7092190608072384
0.7093312098616239
0.7094359185519311
0.7095331816077571
0.7096229936874767
0.7097053494064423
0.7097802433470161
0.7098476700113214
0.7099076238714925
0.7099600993022316
0.7100050906646923
0.7100425922296709
0.7100725981795952
0.7100951026616171
0.7101100997542227
0.7101175834639251
0.7101175477396866
0.7101099864829632
0.7100948935410617
0.710072262730556
0.7100420878383604
0.710004362625911
0.7099590808477135
0.7099062362923372
0.7098458227676606
0.7097778341140308
0.7097022642845503
0.7096191073187418
0.7095283574084769
0.709430008903513
0.7093240563872166
0.7092104947031165
0.7090893189902258
0.7089605247703983
0.7088241079889666
0.7086800651139922
0.7085283910602985
0.7083690888206078
0.708202151890144
0.7080275807527066
0.7078453757118646
0.70789671720983
0.7080776115925753
0.7082509892848396
0.7084168503267217
0.7085751905496662
0.708726019822639
0.7088693260930691
0.709005111370518
0.7091333740144302
0.709254112049184
0.7093673233537661
0.7094730055761157
0.7095711562117132
0.7096617726023101
0.7097448519291094
0.7098203912165918
0.7098883873174942
0.7099488370027418
0.7100017368194439
0.7100470832429123
0.7100848725454684
0.7101151009103157
0.7101377644151108
0.7101528589777097
0.7101603803945506
0.829286041028961
0.7101526865348007
0.7101374623724523
0.7101146473395423
0.7100842368172358
0.7100462261422094
0.71000061059154
0.7099473854092574
0.7098865458894983
0.7098180873234016
0.7097420050616828
0.7096582945374703
0.7095669512900382
0.7094679710244159
0.7093613496528021
0.7092470833287017
0.7091251684904265
0.7089956019731386
0.7088583810216084
0.7087135033987688
0.7085609648955169
0.7084007712154382
0.7082329159755614
0.7080574014032838
0.7078742291359817
0.7079217273887299
0.7081049019843951
0.7082804197394502
0.7084482857000025
0.7086085008091565
0.7087610804276715
0.7089060162778984
0.7090433151165045
0.7091729793010578
0.7092950107485492
0.709409411042736
0.7095161813973977
0.7096153226506264
0.7097068353638116
0.7097907197834057
0.7098669759022368
0.7099356033929048
0.7099966017115591
0.7100499700008611
0.7100957072752214
0.7101338121938883
0.7101642832600898
0.7101871187828895
0.7102023168339343
0.7102098753134298
0.8290754158027055
0.7102020643735477
0.7101866899849225
0.7101636660944971
0.7101329898910498
0.7100946584811834
0.7100486688973427
0.7099950180744692
0.7099337029341342
0.7098647204110693
0.709788067381133
0.7097037408469891
0.7096117378496023
0.7095120555824368
0.7094046913992269
0.709289642898651
0.709166907926794
0.7090364847307606
0.7088983719645592
0.7087525688488102
0.7085990766341524
0.708437889908642
0.7082690165295604
0.7080924559260395
0.7079082112999597
0.70795080803577
0.7081365416851789
0.7083144572662975
0.7084845666717512
0.7086468778679036
0.7088014091167925
0.7089481608939102
0.7090871439705199
0.7092183655888133
0.7093418323871317
0.7094575502793193
0.7095655247570964
0.7096657606710755
0.7097582623535719
0.7098430337406586
0.7099200782615006
0.7099893989113785
0.7100509983645249
0.7101048787938657
0.7101510421022309
0.7101894897506287
0.7102202229348787
0.7102432425854841
0.7102585492636563
0.7102661432614968
0.8288402254326774
0.7102581932768826
0.7102426487526267
0.710219390506729
0.7101884177880887
0.710149729705343
0.7101033252518495
0.7100492032613717
0.7099873624574554
0.7099178015901992
0.7098405193079756
0.7097555143257824
0.7096627853280181
0.7095623311450258
0.7094541507424597
0.7093382432787356
0.7092146081346263
0.7090832451139106
0.70894415435988
0.7087973365503859
0.7086427936559124
0.7084805248010082
0.7083105361159855
0.7081328298818219
0.7079474108405239
0.7079839572647815
0.7081725420954069
0.7083531254109929
0.7085257275864131
0.7086903642339764
0.7088470558026694
0.7089958164415718
0.7091366599503014
0.7092695995703446
0.7093946474751672
0.7095118148619611
0.7096211120679978
0.7097225487489982
0.7098161337332535
0.7099018751592882
0.709979780517041
0.7100498567584507
0.7101121101484832
0.7101665464267104
0.710213170837744
0.710251988167512
0.7102830026161219
0.7103062180712809
0.7103216379705699
0.710329265346843
0.8285814643594717
0.7103211530505537
0.710305417883927
0.7102818992064539
0.7102505985806938
0.7102115173550209
0.7101646566998444
0.7101100175775752
0.7100476007815543
0.7099774070722619
0.709899437019584
0.7098136912111497
0.7097201702063353
0.7096188746365559
0.7095098051968088
0.7093929627919545
0.7092683484772958
0.7091359637322732
0.7089958103609282
0.7088478906845048
0.7086922077246284
0.7085287638099418
0.7083575659014074
0.7081786176592504
0.7079919259394697
0.7080211284302382
0.7082128756934223
0.7083964130340383
0.7085717726446046
0.70873896902412
0.7088980472659128
0.7090490187187485
0.7091919069345226
0.7093267320728771
0.7094535127826599
0.7095722665594272
0.7096830094474167
0.709785756606075
0.7098805221474327
0.7099673191315803
0.7100461598319701
0.7101170555944507
0.7101800169380362
0.7102350537622371
0.7102821750958759
0.7103213894189802
0.7103527044848331
0.710376127496012
0.7103916651865779
0.7103993237082945
0.8283001599779782
0.7103910255315852
0.7103750789305974
0.7103512734490929
0.710319613243347
0.7102801021831087
0.7102327438663962
0.7101775415894362
0.7101144984233273
0.7100436173472529
0.7099649010994288
0.7098783523906056
0.7097839737727619
0.7096817678534071
0.709571737294965
0.7094538848785181
0.70932821349146
0.7091947264795598
0.7090534274248279
0.7089043204501754
0.7087474102138475
0.7085827017930278
0.7084102025890697
0.7082299190263919
0.7080418597066419
0.7080622112066427
0.7082574573023209
0.7084442582284156
0.7086226530655422
0.7087926753425022
0.7089543731888999
0.7091077708784069
0.7092528995528066
0.7093897876742906
0.7095184616230248
0.7096389460408592
0.7097512640151796
0.7098554369313508
0.7099514850406574
0.7100394272241952
0.7101192811221206
0.7101910632345925
0.7102547890913847
0.7103104730942242
0.7103581288076275
0.7103977687849153
0.7104294049529716
0.710453048292051
0.7104687090938538
0.8279742473680746
0.8279973659359938
0.8280151020182049
0.7104517115458897
0.7104275931263274
0.7103955418710797
0.7103555644340374
0.710307667090383
0.7102518557481581
0.7101881360710511
0.7101165134711875
0.7100369930253394
0.7099495797643045
0.7098542785014959
0.7097510940363032
0.7096400311243587
0.7095210946615236
0.7093942895488172
0.7092596211383605
0.7091170950132438
0.7089667172423386
0.7088084946287088
0.7086424269186751
0.708468545198324
0.7082868360022201
0.7080973179121463
0.708107001946378
0.7083061252245642
0.7084965287738809
0.7086783371642849
0.7088513950072494
0.7090159726431737
0.7091720299745434
0.709319610710973
0.7094587531593122
0.7095894928697821
0.7097118629083004
0.7098258945006862
0.7099316165697279
0.7100290563083843
0.710118239361285
0.7101991896435864
0.710271929627936
0.7103364803866574
0.710392861729409
0.7104410921570556
0.7104811891919773
0.7105131690835125
0.7105370472564372
0.7105528381151751
0.7105605552225208
0.8276741559876565
0.8276956022690274
0.7105353886517356
0.7105109319687963
0.7104784589319543
0.7104379792746606
0.7103895022352702
0.7103330366283132
0.7102685909360212
0.7101961732247479
0.7101157912711008
0.7100274526330379
0.7099311645633782
0.7098269342614747
0.7097147688667798
0.709594675545477
0.7094666614158652
0.7093307340554971
0.7091869012153158
0.7090351711434402
0.7088755526510214
0.7087080561132493
0.7085326919354047
0.7083494694362971
0.7081584045826874
0.7081551854943522
0.708358605597422
0.7085530005326808
0.7087383776890528
0.7089149785866424
0.7090827165355644
0.7092416916365376
0.7093919576364758
0.7095335645943545
0.709666559045835
0.7097909843777658
0.7099068809342185
0.7100142867533041
0.7101132371223642
0.7102037654623914
0.7102859029708973
0.7103596790056265
0.7104251210892163
0.7104822550433252
0.7105311052858684
0.7105716945771869
0.710604044473621
0.7106281751198829
0.710644105648604
0.8273006068828671
0.8273316186151841
0.8273570186205563
0.7106261722030742
0.7106013534707555
0.7105684292853646
0.7105274127974822
0.7104783165759032
0.710421152674062
0.7103559326085629
0.7102826673868481
0.7102013677370257
0.7101120439576851
0.71001470612027
0.7099093639903097
0.7097960272758853
0.7096747057270031
0.7095454088907438
0.7094081467155533
0.7092629294263747
0.7091097676116838
0.708948672471261
0.7087796569001565
0.7086027350521634
0.7084179156742255
0.7082252195771293
0.7082062887830175
0.7084145004838991
0.7086133307884283
0.7088027940181383
0.7089831620999577
0.7091543888045225
0.7093165730575157
0.7094697860679829
0.7096140923513078
0.7097495528419302
0.7098762231684979
0.7099941532485141
0.7101033921380382
0.7102039860212773
0.710295976209774
0.7103794020725547
0.7104543018298
0.7105207100912241
0.7105786593588926
0.7106281808998942
0.7106693037508046
0.7107020549681626
0.7107264605180851
0.7107425446684481
0.8269355368249506
0.8269708524304982
0.8270004379697242
0.827024300173378
0.7106989057155848
0.7106655033561112
0.7106239176385916
0.7105741647879094
0.7105162603365965
0.710450219177906
0.7103760557159373
0.7102937838023557
0.7102034167875116
0.7101049677498539
0.709998449408757
0.7098838742430597
0.7097612547688994
0.7096306033476221
0.7094919324280962
0.7093452549706909
0.7091905841771983
0.7090279338746672
0.7088573190033144
0.7086787224311666
0.7084922632784956
0.7082978546025909
0.7082596368504823
0.708473229846669
0.7086770552141869
0.708870978164443
0.7090555822908665
0.7092306621321315
0.7093963902753955
0.7095528501800273
0.7097001258835837
0.7098382931372776
0.709967422108609
0.7100875776917934
0.710198820625739
0.7103012078299078
0.7103947917599038
0.7104796223030072
0.7105557461445108
0.7106232061175299
0.710682043811476
0.710732297626558
0.7107740028670217
0.7108071943843992
0.7108319038988311
0.7108481611773766
0.8265531233707708
0.8265929625231387
0.826626952644135
0.8266550992181777
0.7108036170274246
0.7107697127427168
0.7107275284939627
0.7106770843673986
0.710618399700412
0.7105514933208283
0.7104763832204937
0.7103930866256478
0.7103016203991267
0.7102020008447646
0.7100942439365944
0.7099783652247121
0.7098543801835968
0.7097223043474934
0.7095821529080903
0.7094339417971139
0.7092776871009099
0.7091134055498417
0.70894111466116
0.7087608332417346
0.708572590280145
0.7083763903760392
0.7083142993713452
0.7085339975665705
0.7087433162406878
0.7089424648837895
0.7091316967085266
0.7093110784232363
0.7094807407827173
0.7096407949352114
0.7097913517260954
0.7099325044887697
0.7100643412915502
0.7101869437132683
0.7103003868221014
0.710404741458688
0.7105000727843794
0.7105864421344046
0.7106639067043032
0.7107325200193049
0.7107923322854799
0.7108433905676835
0.7108857389950003
0.7109194191799209
0.7109444701044694
0.7109609287012756
0.8261544911025268
0.8261990577850469
0.826237657530332
0.8262702939967287
0.710915490955937
0.7108810657516442
0.7108382574318268
0.7107870911997012
0.7107275906549474
0.7106597780159769
0.7105836758497077
0.7104993055609699
0.710406686783791
0.7103058397232648
0.7101967845826793
0.710079539953253
0.7099541239704552
0.7098205561332321
0.7096788550241615
0.7095290391959252
0.70937112805386
0.7092051417971532
0.7090311008100418
0.7088490248181715
0.7086589749667541
0.7084608933044134
0.7083690021382858
0.708595722850812
0.7088128684055589
0.7090162627145109
0.7092107934484142
0.7093950005404894
0.7095690636232606
0.709733114243716
0.7098873333338248
0.7100318000308585
0.7101666369082384
0.7102919459761534
0.7104078198900147
0.7105143462992686
0.7106116052349476
0.710699671815297
0.710778615918936
0.710848502762704
0.7109093933488226
0.7109613447376504
0.71100441045652
0.7110386406458999
0.7110640825112222
0.7110807803892853
0.8257407684011239
0.8257902493629927
0.8258336482194036
0.8258709662376675
0.825902221427143
0.7109995414619446
0.7109560898875229
0.710904175768583
0.7108438275251437
0.7107750725672201
0.7106979371878597
0.7106124467772533
0.7105186261934671
0.7104164990331352
0.7103060884477144
0.7101874179889602
0.7100605095006711
0.7099253845989699
0.7097820671672059
0.7096305787930697
0.7094709405420315
0.7093031782282595
0.7091273165481184
0.7089433765207467
0.7087512564668895
0.7085514133133115
0.708422000516364
0.708656957418629
0.7088786155973975
0.7090913308028612
0.7092919054026788
0.7094815865623079
0.709660612738155
0.7098291881215084
0.7099875233577911
0.7101356559499077
0.7102738413221232
0.7104021659489925
0.7105207449126294
0.7106296859611543
0.7107290872332903
0.7108190403029842
0.7108996301262747
0.7109709356695675
0.7110330305803254
0.7110859835693768
0.7111298589813961
0.711164716945023
0.7111906139312731
0.711207602958428
0.8253130873865309
0.8253676501551961
0.8254160204044967
0.8254581961979471
0.8254941928029325
0.7111250858965832
0.7110809783533475
0.7110282972773299
0.7109670763495001
0.7108973479372356
0.7108191431966722
0.7107324922696152
0.7106374242938769
0.7105339674902119
0.7104221493886329
0.7103019968451834
0.7101735364969268
0.7100367941533692
0.7098917963448964
0.7097385691257325
0.7095771390318646
0.7094075333846038
0.7092297809754726
0.7090439093336003
0.7088499266291265
0.7086480004138218
0.7084708770414541
0.708715712512435
0.7089464651800036
0.7091662711462502
0.7093738059852189
0.7095697329680569
0.7097544217313704
0.7099281211652693
0.710091040106469
0.7102434209617072
0.7103853392518079
0.7105170495685033
0.7106386631218391
0.7107503104936932
0.7108521123213977
0.7109441800053015
0.7110266165250583
0.7110995171607536
0.7111629704968057
0.7112170589558804
0.7112618594531046
0.7112974437393638
0.711323878897705
0.711341227946015
0.8248725852360935
0.8249323757361156
0.8249858702375115
0.825033062718512
0.8250739648618445
0.7112576054885411
0.7112128385864851
0.7111593797234568
0.7110972683963463
0.7110265425722457
0.7109472388196156
0.7108593923789724
0.7107630373231231
0.7106582067467363
0.710544932805002
0.7104232469318363
0.7102931799045193
0.71015476246906
0.7100080244348044
0.709852996820936
0.7096897101517368
0.7095181960368168
0.7093384868964239
0.7091506228283544
0.7089546197345398
0.7087506029119915
0.7085121985089157
0.7087698522764749
0.7090094772150712
0.7092391928493985
0.709454842441295
0.709658043575609
0.7098492574414617
0.710028792461118
0.710197014327154
0.7103541218583924
0.710500332959676
0.7106358778155866
0.7107609297506043
0.7108756359904487
0.7109801506995235
0.7110746099193017
0.7111591375162609
0.7112338485350072
0.7112988495310745
0.7113542390684378
0.7114001087310058
0.7114365437735309
0.7114636236747908
0.8243489070590992
0.8244204066772028
0.8244855463644185
0.8245442961216796
0.824596644594432
0.8246425988275314
0.8246821839686502
0.7113515430911457
0.7112973058349479
0.7112342959263204
0.711162557493172
0.7110821329772821
0.7109930633486641
0.7108953882117843
0.7107891458922095
0.7106743736792518
0.7105511080256696
0.7104193845374798
0.7102792385368486
0.7101307049022008
0.7099738186285202
0.7098086152490597
0.7096351310609232
0.7094534030958954
0.7092634645145018
0.7090653654519725
0.7088590975770184
0.7085403033890582
0.708814548976571
0.7090673505539058
0.7093076210279017
0.7095329700610162
0.7097446989292904
0.7099435009884547
0.7101298617056451
0.7103041512272836
0.7104667036331188
0.7106178513714299
0.7107577888956127
0.7108867261470663
0.711004930588933
0.7111125484494167
0.7112097036538003
0.7112966127822017
0.7113734093559065
0.7114401988824429
0.7114970952855817
0.7115442109729109
0.7115816511186076
0.7116095127735185
0.7116278819807738
0.8239577080326683
0.8240282907162133
0.8240924016396955
0.8241500230151713
0.8242011560314603
0.8242458207251844
0.711496915529025
0.7114419120179518
0.7113780068450758
0.7113052510145867
0.7112236937051116
0.7111333821454111
0.7110343619926953
0.7109266774642063
0.7108103715011406
0.7106854857989189
0.7105520616128942
0.7104101389494203
0.710259758692084
0.7101009599590371
0.7099337837505579
0.7097582720268782
0.7095744437532834
0.7093824034481262
0.7091821402754694
0.7089737058969274
0.708545624014487
0.708844969873248
0.7091145318148178
0.7093683839345429
0.7096055344303407
0.7098274969647065
0.710035306571541
0.7102296933680425
0.7104110122955244
0.7105796588677062
0.7107375087310709
0.7108806653645063
0.7110184320210706
0.7111407856546025
0.7112485883222152
0.711348132376792
0.7114381585014066
0.7115175679179415
0.7115864641327228
0.7116451089841462
0.7116936788305963
0.7117323088250623
0.7117611213450017
0.7117802150924841
0.823485666045771
0.82356175043736
0.8236313000920774
0.8236942855802364
0.8237507012269879
0.8238005604406601
0.8238438961237069
0.7115929826314357
0.7115281986723665
0.7114544325581673
0.7113717429510655
0.711280181094418
0.711179800739359
0.7110706521703531
0.7109527847719931
0.7108262465955377
0.7106910839833926
0.710547343749616
0.7103950701879111
0.7102343108469582
0.710065110063179
0.7098874832221796
0.7097015664313012
0.7095073297744483
0.7093048455035529
0.7090941636356164
0.7084230875457356
0.7088524739850935
0.709144441880037
0.7094173515214502
0.7096693652656726
0.7099046298574777
0.7101258259566091
0.7103353373837169
0.7105173572775755
0.7106928798325939
0.7108529061639353
0.7110058962321402
0.7111440685579102
0.7112713666591433
0.7113866532631499
0.7114906080820698
0.7115835337495662
0.7116655273207322
0.7117368177159815
0.7117975480709426
0.7118478707100139
0.7118879611075597
0.7119179435720235
0.7119379309467009
0.8230054699711924
0.8230870881611345
0.8231621201662043
0.8232305321472596
0.8232923071870131
0.8233474520904114
0.8233959926745451
0.711750246713075
0.7116846080573205
0.7116098484015891
0.7115260411019053
0.7114332479208976
0.711331502168977
0.7112208741597879
0.7111014269285993
0.7109732116889229
0.7108362815832902
0.7106906882454517
0.7105364848445527
0.7103737222418931
0.7102024746379303
0.7100227156153629
0.7098345871133543
0.709638113400758
0.709433349829466
0.7092203620915233
0.708401112393033
0.7088321223790282
0.7091392600887158
0.7094482704388744
0.7097322152087782
0.710009500986254
0.7102008757505318
0.7104137371198447
0.7106136814096269
0.710798919177188
0.7109703756672124
0.7111283998402609
0.7112734164464494
0.7114058359123581
0.7115260331992161
0.7116343161409494
0.7117309967352318
0.7118162758379907
0.7118904006864584
0.7119535930821079
0.7120060548132279
0.7120478599809095
0.712079276583095
0.8224241932504465
0.8225185458145297
0.8226054352765125
0.8226860343816647
0.8227598765047429
0.8228270620381851
0.8228875513859704
0.8229413746596745
0.7119133401234694
0.7118469311620346
0.7117712292368945
0.7116863178431244
0.7115924281564874
0.7114891034565923
0.7113770868035648
0.711256067164882
0.7111261562864142
0.7109874320646364
0.7108399603753263
0.7106837950680673
0.7105190003093971
0.7103455912446354
0.710163702984116
0.7099733297561046
0.7097745840889127
0.7095674823459257
0.7093521292110934
0.7083927524969622
0.7085208076160503
0.7090510152926095
0.7095344879609133
0.709739200484863
0.710006702535756
0.7102611632683036
0.7104918001771421
0.7107044518465286
0.7109007015498414
0.7110815724995017
0.711247858992518
0.7114001843644585
0.7115390782978113
0.7116650017572919
0.7117783488064403
0.7118794567439606
0.7119686414545562
0.7120461752513136
0.7121122882182789
0.7121672119612259
0.7122112269349246
0.7122444623876629
0.8219265578109133
0.822025398291663
0.8221185676596473
0.8222039175798099
0.822283466382038
0.8223562729588125
0.822421878707661
0.822480848318119
0.8225336027129537
0.71201473258158
0.7119381652186042
0.7118522373782186
0.7117570306078085
0.7116526490439452
0.7115392246811227
0.7114172073817951
0.711284347009855
0.711144169863657
0.7109948398653506
0.7108367267479708
0.7106698517737723
0.7104943368646942
0.7103102235205511
0.7101175845654065
0.7099165019082396
0.7097070200522644
0.7094892663652195
0.7085652094424565
0.7091955235087375
0.7085506617653127
0.7090215670302251
0.7097315671832309
0.7100355684988772
0.7103079717143896
0.7105560647530406
0.7107836550441258
0.7109928426760704
0.7111850130473838
0.711361218108582
0.7115222770370926
0.7116688807114472
0.7118016142387011
0.7119209669946499
0.7120273614532966
0.7121211850050191
0.7122027880829234
0.7122724270291164
0.7123304167941019
0.7123769791441905
0.7124123688239702
0.8214236181222051
0.8215292783774
0.8216261548440529
0.8217179652525438
0.8218023680715587
0.8218804980646015
0.8219516936792554
0.8220165139123851
0.8220741216042883
0.8221245208981047
0.7121102807295029
0.7120233786767771
0.7119270374462785
0.711821349811367
0.7117063985810294
0.7115822700616777
0.7114490380960085
0.7113066630238771
0.7111543214403621
0.7109946785781295
0.7108258817260081
0.7106482729271445
0.7104619678563924
0.7102670169842216
0.7100635910352462
0.7098516847458621
0.7096314840930149
0.7083482018946695
0.7089290883351763
0.7091984735458656
0.7090795385175146
0.709668230069507
0.7100241253537758
0.7103303784481861
0.7106004169881748
0.7108463183188647
0.7110713319469614
0.7112771971816366
0.7114653470765404
0.7116368897298244
0.711792717569747
0.7119335894145657
0.7120601101528262
0.7121728142638664
0.712272183996691
0.7123586304593854
0.7124325213163295
0.7124941841534483
0.712543913130831
0.7125819702253752
0.8209193442054026
0.8210286681206962
0.8211317270675622
0.8212280772443243
0.821318311234136
0.821401429043298
0.8214777159435761
0.8215483069271556
0.8216113861525236
0.8216667017578232
0.7122869480701655
0.7121991723525298
0.7121017836044218
0.7119948880639044
0.7118785768172762
0.7117529362307344
0.7116180501441505
0.7114739913475948
0.7113208825844042
0.7111596671831932
0.7109922572559064
0.710807195650234
0.7106182174313886
0.7104212028918284
0.7102154369610147
0.7100011294804571
0.7097784234590798
0.7080576677769126
0.7087158038323936
0.7097029043909152
0.7096499272959684
0.7090934151718029
0.7099493275592015
0.7103003594545549
0.71058031690706
0.710918147134111
0.7111367473810419
0.7113540639552106
0.7115569659661827
0.7117409096758356
0.7119077312175175
0.7120582816875886
0.7121933596612617
0.7123136055318794
0.7124196153004216
0.7125118938544016
0.7125908894157871
0.7126569987324103
0.7127105768521891
0.7127519392339681
0.8204133345812544
0.8205273551659258
0.8206352162269709
0.8207367322803634
0.8208317726658829
0.8209202374908402
0.821002037715906
0.8210771398986342
0.8211454758634282
0.8212073376145037
0.8212625441535997
0.7123790061687412
0.7122807295217762
0.7121727351092257
0.7120551360169374
0.7119280421684931
0.7117915688077503
0.7116457903684773
0.7114908711344846
0.7113268773688624
0.7111538583873429
0.7109722199026172
0.7107900860307528
0.7105797150669861
0.7103710754551655
0.7101547632904711
0.7099296370011436
0.707596038518224
0.7083734688298337
0.7085002211202971
0.7095510354442374
0.7095937888771344
0.7091117481379536
0.7102257488837135
0.7105828675984058
0.7108861804292737
0.7111568692587089
0.7113726062057498
0.711631151350671
0.7118282662003771
0.7120141095893417
0.7121731555890103
0.7123182158586079
0.71244731873361
0.7125612051901498
0.712660444393815
0.7127455649388755
0.7128170406193804
0.712875292949186
0.7129207006572956
0.8199079552271562
0.8200262434203669
0.8201385952609415
0.8202447982896403
0.8203446826532388
0.8204381100454202
0.820524982700612
0.8206052340891818
0.8206788310939757
0.820745758364563
0.8208060497988594
0.7125623107769731
0.7124632578765968
0.7123542864233727
0.7122355236538987
0.7121071027547918
0.7119690852409144
0.7118216483116773
0.7116648827288522
0.7114989002176386
0.7113238165723574
0.7111397879967619
0.7109468667194626
0.7107471599121189
0.7105351344028544
0.7103083939062296
0.7100842724840852
0.7068387328971231
0.7077681878976307
0.7086097313015995
0.7092600555215944
0.7094408210487669
0.7097819168863494
0.7099654669924875
0.7104966973433348
0.7108500371764617
0.7111558502012063
0.7114273888752362
0.711670753468476
0.7118879972094599
0.7120784820141787
0.7122422248166503
0.7124944476226491
0.712570177347228
0.7126957004451686
0.712802347693002
0.7128945228447272
0.7129723350199333
0.7130361876006555
0.7130864960114265
0.8194048999845587
0.8195269690254142
0.819643385402028
0.8197538999189844
0.819858305041647
0.8199564322961663
0.8200481515080702
0.8201333688426635
0.8202120234633687
0.8202840872386732
0.8203495607270125
0.8204084791044012
0.7126485763099136
0.7125388004837669
0.7124190054106933
0.7122893478571538
0.7121499437965402
0.7120009217744053
0.7118424071892169
0.7116745143303147
0.7114973750302865
0.7113111161300141
0.7111158907797827
0.7109119109052836
0.7106991200984424
0.7104793219102127
0.7102143992193009
0.705941325082011
0.7068921306602
0.7079518630706587
0.7083457804008431
0.7091777024723533
0.710338124689343
0.7099626703494004
0.7102887635716855
0.7107498456819837
0.7111050105942568
0.7114143821937019
0.7116873338582705
0.7119309477155777
0.7121487671853448
0.712343071012542
0.7125162648761278
0.7126680528967507
0.7127462589063345
0.7129587290320614
0.713047587345653
0.7131229471950993
0.7131915848177804
0.7132476502423692
0.8189054393239863
0.8190309635038608
0.8191510564884751
0.8192654970219502
0.8193740664978897
0.819476572863439
0.8195728611100894
0.8196628097281556
0.8197463327877195
0.8198233788832568
0.819893927093946
0.8199579891447786
0.7128358141661026
0.7127254483021872
0.7126048259071298
0.7124741013040686
0.7123334214532043
0.7121829288554498
0.712022760502967
0.7118530521823605
0.7116739297207513
0.7114855347602753
0.7112880043094708
0.711081508419954
0.7108662381826106
0.710642429011362
0.710410527309848
nan
nan
0.7068886062203905
0.7088854059539492
0.7084298630157492
0.708993783751618
0.710103371124747
0.7101257158707128
0.7105302157578612
0.7109896057236437
0.7113499844058341
0.7116611059931484
0.7119357456304759
0.7121797856159644
0.7123964913073029
0.7125894691490768
0.7127599054240854
0.7129096601591699
0.7130396597666793
0.713150173232756
0.7132483858127115
0.7133150075261192
0.8180975033308608
0.8184117883925177
0.8185390975746836
0.8186620046178007
0.8187803357510415
0.8188929901930455
0.8189996843038213
0.8191003002130697
0.8191947436007774
0.8192829199312411
0.8193647616139246
0.8194402305866653
0.819509319969574
0.8195720525124197
0.7129132978770453
0.7127920716929755
0.7126604837947563
0.7125187024202072
0.7123668875847803
0.7122051924939159
0.7120337692042809
0.7118527559397221
0.71166230210033
0.7114625581358606
0.7112536737527538
0.7110358361506408
0.7108092727666362
0.710574348385411
nan
nan
nan
nan
0.708235678866856
0.7082900966843603
0.7094021199571479
0.7101109505711988
0.710250153708285
0.710755976241126
0.7112147892016347
0.7115796748031695
0.7118945743507121
0.7121716525227573
0.7124162691267472
0.7126326242657989
0.7128236741094023
0.7129915030405064
0.7131378863305624
0.7132642527807868
0.7133717583718477
0.7134613463481024
0.7135338323515372
0.8179563973030766
0.8182409654442946
0.8181658116379159
0.8182724812120817
0.8184182263159374
0.8185264190651678
0.818630449568209
0.8187294813027892
0.8188224237061543
0.8189089954877915
0.8189893027239596
0.8190633242347878
0.8191310945092449
0.713101340130055
0.7129797822903792
0.7128475709634821
0.7127048979670224
0.7125519411655674
0.7123888753741225
0.7122158634125827
0.7120330751574322
0.711840652482131
0.7116387677760335
0.7114275750420919
0.711207246106553
0.7109780224702484
0.7107401465355687
nan
nan
nan
nan
nan
nan
nan
nan
0.7102027827996549
0.7103155628557732
0.7109666789914486
0.7114237180849775
0.7117943063505625
0.7121140154043137
0.712393599340599
0.7126392111840036
0.7128554515315427
0.7130449929902308
0.713210351118689
0.7133532712450754
0.7134755208909931
0.7135782589854247
0.8173508605309795
0.8174805458918115
0.8176082334012084
0.8177335912690653
0.8178574736164365
0.8179846478458991
0.8182186066785788
0.818177529217288
0.8181282122089796
0.818341543288047
0.8184503391663736
0.8185416137384735
0.8186190718159846
0.8186923701878117
0.8187593768629403
0.7131671033812145
0.7130345163379128
0.7128911604450228
0.7127372565737087
0.7125729855994238
0.7123985345672001
0.7122140798474969
0.7120197995836458
0.71181583172067
0.7116024078088031
0.7113796800953058
0.7111478604653113
0.7109071998722124
nan
nan
nan
nan
nan
nan
nan
nan
nan
0.7103072935273623
0.7102839983658215
0.7111548187321657
0.711617002355188
0.7119932143218224
0.7123178531029795
0.7126013802478993
0.7128474152630021
0.7130638017035514
0.7132522075110298
0.7134152822813052
0.7135550903496867
0.713673284276988
0.7137712357155082
0.8170280555318618
0.8171527032652164
0.8172754988228352
0.8173957393138924
0.8175128505167393
0.8176264657205684
0.817736360597078
0.8178412804636198
0.8179386855367089
0.8180319785038761
0.8182398048092301
0.8181628996201986
0.8180996471579627
0.818330834482345
0.8183856597894208
0.7132227798348078
0.7130779304410576
0.712922346924543
0.7127578090672507
0.7125812965747299
0.712395261962006
0.7121992776380025
0.7119932724155538
0.7117775903606585
0.7115524746176265
0.711318091229233
0.711074688198501
nan
nan
nan
nan
nan
nan
nan
nan
nan
nan
0.7103992677742003
0.710194027119974
0.7113135531133504
0.7117889715669392
0.7121742226518333
0.7125048106427163
0.7127905367334175
0.7130401851328579
0.7132567389419826
0.7134442039400539
0.7136053199523705
0.7137421875640384
0.8164777258170997
0.8165974337066655
0.8167175898817993
0.8168371805826209
0.8169552744723819
0.8170711236645396
0.8171840842433785
0.817293623136012
0.8173992941952535
0.8175007574525257
0.817597772353702
0.8176900168038408
0.8177788437205447
0.8178632850965415
0.817933401069066
0.818030639140026
0.7133281898231392
0.7132098894201648
0.7130929717321374
0.7129587703674273
0.712810895577677
0.7126410115987606
0.7123796844997823
0.71217542022717
0.7119618870677651
0.7117288558167809
0.7114877248265608
0.711240905457217
nan
nan
nan
nan
nan
nan
nan
nan
nan
nan
nan
nan
nan
0.7114645603211052
0.7119436654774882
0.712334644114462
0.7126737535830904
0.71296401854518
0.7132155979813298
0.7134329810725786
0.7136198520791565
0.7137791662476743
0.8160809553196806
0.816192129417711
0.8163055368946107
0.8164200127001754
0.8165343074161613
0.8166475303062247
0.8167589380453795
0.8168678200538658
0.8169735995052756
0.8170757949299035
0.8171740096755084
0.8172679218674526
0.8173572741376112
0.8174418920326004
0.817521623600004
0.8175964556296598
0.8176663969091461
0.7134262284243966
0.7132712582081184
0.7131047764224159
0.7129255458831181
0.7127407364641578
0.7125332715448522
0.7123265870452371
0.7121068384249936
0.7118252844576276
0.7115939442534208
0.711359265733645
nan
nan
nan
nan
nan
nan
nan
nan
nan
nan
nan
nan
nan
nan
nan
0.7120496242897008
0.7124808879718971
0.7128244720547309
0.713118887982622
0.7133729858242422
0.7135911905118717
0.7137779339383833
0.8157172502302954
0.8158168424142987
0.8159208148287325
0.8160277492412177
0.8161360261523403
0.8162447515133389
0.816352971111812
0.8164598211621893
0.816564511050512
0.8166665196330021
0.8167653263997577
0.8168604818820424
0.8169516525535363
0.8170385566190422
0.817120988352126
0.817198781761103
0.817271849629174
0.7135977463344767
0.7134438693650408
0.7132781112329982
0.7131007715675931
0.7129121430847176
0.712712515325352
0.7125021246939854
0.7122814463804594
0.7120502442843829
0.7118088427620275
0.7115581563777869
nan
nan
nan
nan
nan
nan
nan
nan
nan
nan
nan
nan
nan
nan
nan
nan
nan
0.7126046321561883
0.7129542121215895
0.7132543940810314
0.7135112332340361
0.7137307713248446
0.8153925931152473
0.8154769402620121
0.8155681217603105
0.8156645777952727
0.8157644549673377
0.8158665049173663
0.8159695293370239
0.8160725093932014
0.8161745803161349
0.8162750551536005
0.8163732798222362
0.816468667881318
0.8165608392241503
0.8166494417989771
0.8167341371984101
0.8168147080038387
0.8168910029304544
0.7137596104466227
0.713607180097903
0.7134423343274646
0.7132654013523272
0.7130767408831692
0.7128766535842586
0.7126654388657259
0.7124433625820525
0.7122106314367433
0.7119676750081165
0.7117147372718859
nan
nan
nan
nan
nan
nan
nan
nan
nan
nan
nan
nan
nan
nan
nan
nan
nan
nan
nan
0.7130657081078807
0.713369242501234
0.7136303233060465
0.8151147851413189
0.8151781620964986
0.8152532506449368
0.8153356704958766
0.8154243247672108
0.8155170665523358
0.8156125598952044
0.815709614733771
0.8158072051997788
0.815904451352208
0.8160005761631813
0.8160949468554879
0.8161870325616918
0.8162763135522769
0.8163623643582669
0.8164450183211405
0.816524025255823
0.8165991596437676
0.71376007097262
0.713596703084679
0.7134206989751861
0.7132325313944576
0.7130322608857342
0.7128204766214132
0.7125974065155026
0.7123633875177589
0.7121186768667539
0.7118636209281781
nan
nan
nan
nan
nan
nan
nan
nan
nan
nan
nan
nan
nan
nan
nan
nan
nan
nan
nan
nan
0.7131927495490018
0.7134570059267231
0.8148876524687713
0.8149277838468799
0.8149826384602513
0.8150471474282313
0.8151248640498712
0.8151998732048497
0.8152864818449407
0.8153751655358545
0.8154660954555739
0.8155581826336494
0.8156504961469659
0.8157422524675016
0.8158327946408228
0.8159215489825293
0.8160080603753748
0.816091859196868
0.8161727836804485
0.8162504428598825
0.8163246933778276
0.7137391996383916
0.7135647608352749
0.7133774524821827
0.7131776426775414
0.712965852103979
0.7127421786594501
0.7125073386586669
0.7122607792281992
0.7120039464898311
nan
nan
nan
nan
nan
nan
nan
nan
nan
nan
nan
nan
nan
nan
nan
nan
nan
nan
nan
nan
nan
nan
nan
0.8147319379516855
0.8147607966959909
0.8148045061969496
0.8148599991982607
0.8149246908244892
0.814996748537172
0.8150743106951678
0.8151561636767988
0.8152392858731656
0.8153266455219546
0.8154140504517542
0.8155014008714095
0.8155881665662772
0.815673707397619
0.8157575574658118
0.8158392130018233
0.815918700827619
0.8159953122043468
0.7138671789511035
0.7136951189475025
0.7135095194972781
0.7133107900012199
0.7130993041654385
0.7128762808287528
0.71263987119705
0.7123924372195458
0.7121338572753126
nan
nan
nan
nan
nan
nan
nan
nan
nan
nan
nan
nan
nan
nan
nan
nan
nan
nan
nan
nan
nan
nan
nan
nan
0.814596676358491
0.8146138536974005
0.8146462107410445
0.814692172838003
0.8147476015597872
0.8148110188939454
0.8148807261063894
0.8149552802644493
0.8150334230504532
0.8151139598003272
0.815195238022382
0.8152793141148463
0.8153626318660429
0.8154450690928965
0.8155264634093837
0.8156065043115758
0.8156846313141524
0.8157607392862171
0.7138092368362785
0.7136260507439205
0.7134289995733886
0.7132185523053702
0.7129951583631655
0.7127588972643871
0.712511135893025
0.7122515266173085
nan
nan
nan
nan
nan
nan
nan
nan
nan
nan
nan
nan
nan
nan
nan
nan
nan
nan
nan
nan
nan
nan
nan
nan
nan
nan
0.8144882017428129
0.8145097893777262
0.8145454547793792
0.8145914246057488
0.8146461268937192
0.8147078564946277
0.8147751676863885
0.8148468180222033
0.8149217362374973
0.8149989574632845
0.8150774086715451
0.8151560727350418
0.8152369426080464
0.8153167198594625
0.8153950445719723
0.8154724338970349
0.8155484004635636
0.7137240946062061
0.7135296322055439
0.7133210183276693
0.7130982164708454
0.7128631369809687
0.7126133637766526
0.7123539575883318
nan
nan
nan
nan
nan
nan
nan
nan
nan
nan
nan
nan
nan
nan
nan
nan
nan
nan
nan
nan
nan
nan
nan
nan
nan
nan
nan
0.8143851027199204
0.8143958201669506
0.8144211384790905
0.8144575675989938
0.8145034313905015
0.8145570686938951
0.8146170687017751
0.8146822088886381
0.8147514037850091
0.8148237170595699
0.8148983199199478
0.8149743442374939
0.8150515314002387
0.815135182317236
0.8152074506717832
0.815284151510095
0.7138007239556821
0.7136096521730697
0.7134037012159358
0.7131831331599942
0.7129485255981393
0.7127005114930988
0.7124448510430105
nan
nan
nan
nan
nan
nan
nan
nan
nan
nan
nan
nan
nan
nan
nan
nan
nan
nan
nan
nan
nan
nan
nan
nan
nan
nan
nan
nan
nan
0.8143063114256306
0.8143210091877022
0.8143477607965739
0.8143846556889636
0.8144300906652999
0.8144826957516021
0.8145412870157576
0.8146048156078531
0.8146723203993154
0.8147429926160973
0.8148160987653505
0.8148910296787607
0.8149663379783634
0.8150466188303893
0.8151233073136779
0.7136656447495506
0.7134632861586947
0.7132454265000758
0.7130126560990424
0.7127650305932165
0.7125041268103907
nan
nan
nan
nan
nan
nan
nan
nan
nan
nan
nan
nan
nan
nan
nan
nan
nan
nan
nan
nan
nan
nan
nan
nan
nan
nan
nan
nan
nan
nan
nan
0.8142470256543413
0.8142639264628514
0.814291689205766
0.8143287981671963
0.8143739388212052
0.814425968897737
0.8144838818738086
0.8145467440620586
0.8146137426549617
0.8146843839190416
0.814756993520659
0.8148322016703529
0.8149085342378781
0.7137049519283721
0.7134962745858232
0.7132824146528175
0.713052220430564
0.7128071386215803
0.7125466539421776
nan
nan
nan
nan
nan
nan
nan
nan
nan
nan
nan
nan
nan
nan
nan
nan
nan
nan
nan
nan
nan
nan
nan
nan
nan
nan
nan
nan
nan
nan
nan
nan
nan
0.814208245715718
0.8142266486309248
0.8142552512450456
0.81429282781462
0.8143382888646948
0.8143906841426797
0.8144490885003698
0.8145123335657874
0.8145804336157432
0.8146522983330817
0.8147272880951759
0.8148049430737301
0.7134887073248585
0.7132913803377442
0.713064028421193
0.7128208818365216
0.7125626063808804
