0.0
0.0
0.0
0.0
0.0
0.0
0.0
0.0
0.0
0.0
0.0
0.0
0.0
0.0
0.0
0.0
0.0
0.0
0.0
0.0
0.0
0.0
0.0
0.0
0.0
0.0
0.0
0.0
0.0
0.0
0.0
0.0
0.0
0.0
0.0
0.0
0.0
0.0
0.0
0.0
0.0
0.0
0.0
0.0
0.0
0.0
0.0
0.0
0.0
0.0
1.5958177064574457e-08
1.5958177064574457e-08
1.5958177064574457e-08
1.5958177064574457e-08
1.5958177064574457e-08
1.5958177064574457e-08
1.5958177064574457e-08
1.5958177064574457e-08
1.5958177064574457e-08
1.5958177064574457e-08
1.5958177064574457e-08
1.5958177064574457e-08
1.5958177064574457e-08
1.5958177064574457e-08
1.5958177064574457e-08
1.5958177064574457e-08
1.5958177064574457e-08
1.5958177064574457e-08
1.5958177064574457e-08
1.5958177064574457e-08
1.5958177064574457e-08
1.5958177064574457e-08
1.5958177064574457e-08
1.5958177064574457e-08
1.5958177064574457e-08
1.5958177064574457e-08
1.5958177064574457e-08
1.5958177064574457e-08
1.5958177064574457e-08
1.5958177064574457e-08
1.5958177064574457e-08
1.5958177064574457e-08
1.5958177064574457e-08
1.5958177064574457e-08
1.5958177064574457e-08
1.5958177064574457e-08
1.5958177064574457e-08
1.5958177064574457e-08
1.5958177064574457e-08
1.5958177064574457e-08
1.5958177064574457e-08
1.5958177064574457e-08
1.5958177064574457e-08
1.5958177064574457e-08
1.5958177064574457e-08
1.5958177064574457e-08
1.5958177064574457e-08
1.5958177064574457e-08
1.5958177064574457e-08
1.5958177064574457e-08
6.383270825829783e-08
6.383270825829783e-08
6.383270825829783e-08
6.383270825829783e-08
6.383270825829783e-08
6.383270825829783e-08
6.383270825829783e-08
6.383270825829783e-08
6.383270825829783e-08
6.383270825829783e-08
6.383270825829783e-08
6.383270825829783e-08
6.383270825829783e-08
6.383270825829783e-08
6.383270825829783e-08
6.383270825829783e-08
6.383270825829783e-08
6.383270825829783e-08
6.383270825829783e-08
6.383270825829783e-08
6.383270825829783e-08
6.383270825829783e-08
6.383270825829783e-08
6.383270825829783e-08
6.383270825829783e-08
6.383270825829783e-08
6.383270825829783e-08
6.383270825829783e-08
6.383270825829783e-08
6.383270825829783e-08
6.383270825829783e-08
6.383270825829783e-08
6.383270825829783e-08
6.383270825829783e-08
6.383270825829783e-08
6.383270825829783e-08
6.383270825829783e-08
6.383270825829783e-08
6.383270825829783e-08
6.383270825829783e-08
6.383270825829783e-08
6.383270825829783e-08
6.383270825829783e-08
6.383270825829783e-08
6.383270825829783e-08
6.383270825829783e-08
6.383270825829783e-08
6.383270825829783e-08
6.383270825829783e-08
6.383270825829783e-08
1.436235935811701e-07
1.436235935811701e-07
1.436235935811701e-07
1.436235935811701e-07
1.436235935811701e-07
1.436235935811701e-07
1.436235935811701e-07
1.436235935811701e-07
1.436235935811701e-07
1.436235935811701e-07
1.436235935811701e-07
1.436235935811701e-07
1.436235935811701e-07
1.436235935811701e-07
1.436235935811701e-07
1.436235935811701e-07
1.436235935811701e-07
1.436235935811701e-07
1.436235935811701e-07
1.436235935811701e-07
1.436235935811701e-07
1.436235935811701e-07
1.436235935811701e-07
1.436235935811701e-07
1.436235935811701e-07
1.436235935811701e-07
1.436235935811701e-07
1.436235935811701e-07
1.436235935811701e-07
1.436235935811701e-07
1.436235935811701e-07
1.436235935811701e-07
1.436235935811701e-07
1.436235935811701e-07
1.436235935811701e-07
1.436235935811701e-07
1.436235935811701e-07
1.436235935811701e-07
1.436235935811701e-07
1.436235935811701e-07
1.436235935811701e-07
1.436235935811701e-07
1.436235935811701e-07
1.436235935811701e-07
1.436235935811701e-07
1.436235935811701e-07
1.436235935811701e-07
1.436235935811701e-07
1.436235935811701e-07
1.436235935811701e-07
2.553308330331913e-07
2.553308330331913e-07
2.553308330331913e-07
2.553308330331913e-07
2.553308330331913e-07
2.553308330331913e-07
2.553308330331913e-07
2.553308330331913e-07
2.553308330331913e-07
2.553308330331913e-07
2.553308330331913e-07
2.553308330331913e-07
2.553308330331913e-07
2.553308330331913e-07
2.553308330331913e-07
2.553308330331913e-07
2.553308330331913e-07
2.553308330331913e-07
2.553308330331913e-07
2.553308330331913e-07
2.553308330331913e-07
2.553308330331913e-07
2.553308330331913e-07
2.553308330331913e-07
2.553308330331913e-07
2.553308330331913e-07
2.553308330331913e-07
2.553308330331913e-07
2.553308330331913e-07
2.553308330331913e-07
2.553308330331913e-07
2.553308330331913e-07
2.553308330331913e-07
2.553308330331913e-07
2.553308330331913e-07
2.553308330331913e-07
2.553308330331913e-07
2.553308330331913e-07
2.553308330331913e-07
2.553308330331913e-07
2.553308330331913e-07
2.553308330331913e-07
2.553308330331913e-07
2.553308330331913e-07
2.553308330331913e-07
2.553308330331913e-07
2.553308330331913e-07
2.553308330331913e-07
2.553308330331913e-07
2.553308330331913e-07
3.9895442661436133e-07
3.9895442661436133e-07
3.9895442661436133e-07
3.9895442661436133e-07
3.9895442661436133e-07
3.9895442661436133e-07
3.9895442661436133e-07
3.9895442661436133e-07
3.9895442661436133e-07
3.9895442661436133e-07
3.9895442661436133e-07
3.9895442661436133e-07
3.9895442661436133e-07
3.9895442661436133e-07
3.9895442661436133e-07
3.9895442661436133e-07
3.9895442661436133e-07
3.9895442661436133e-07
3.9895442661436133e-07
3.9895442661436133e-07
3.9895442661436133e-07
3.9895442661436133e-07
3.9895442661436133e-07
3.9895442661436133e-07
3.9895442661436133e-07
3.9895442661436133e-07
3.9895442661436133e-07
3.9895442661436133e-07
3.9895442661436133e-07
3.9895442661436133e-07
3.9895442661436133e-07
3.9895442661436133e-07
3.9895442661436133e-07
3.9895442661436133e-07
3.9895442661436133e-07
3.9895442661436133e-07
3.9895442661436133e-07
3.9895442661436133e-07
3.9895442661436133e-07
3.9895442661436133e-07
3.9895442661436133e-07
3.9895442661436133e-07
3.9895442661436133e-07
3.9895442661436133e-07
3.9895442661436133e-07
3.9895442661436133e-07
3.9895442661436133e-07
3.9895442661436133e-07
3.9895442661436133e-07
3.9895442661436133e-07
5.744943743246804e-07
5.744943743246804e-07
5.744943743246804e-07
5.744943743246804e-07
5.744943743246804e-07
5.744943743246804e-07
5.744943743246804e-07
5.744943743246804e-07
5.744943743246804e-07
5.744943743246804e-07
5.744943743246804e-07
5.744943743246804e-07
5.744943743246804e-07
5.744943743246804e-07
5.744943743246804e-07
5.744943743246804e-07
5.744943743246804e-07
5.744943743246804e-07
5.744943743246804e-07
5.744943743246804e-07
5.744943743246804e-07
5.744943743246804e-07
5.744943743246804e-07
5.744943743246804e-07
5.744943743246804e-07
5.744943743246804e-07
5.744943743246804e-07
5.744943743246804e-07
5.744943743246804e-07
5.744943743246804e-07
5.744943743246804e-07
5.744943743246804e-07
5.744943743246804e-07
5.744943743246804e-07
5.744943743246804e-07
5.744943743246804e-07
5.744943743246804e-07
5.744943743246804e-07
5.744943743246804e-07
5.744943743246804e-07
5.744943743246804e-07
5.744943743246804e-07
5.744943743246804e-07
5.744943743246804e-07
5.744943743246804e-07
5.744943743246804e-07
5.744943743246804e-07
5.744943743246804e-07
5.744943743246804e-07
5.744943743246804e-07
7.819506761641482e-07
7.819506761641482e-07
7.819506761641482e-07
7.819506761641482e-07
7.819506761641482e-07
7.819506761641482e-07
7.819506761641482e-07
7.819506761641482e-07
7.819506761641482e-07
7.819506761641482e-07
7.819506761641482e-07
7.819506761641482e-07
7.819506761641482e-07
7.819506761641482e-07
7.819506761641482e-07
7.819506761641482e-07
7.819506761641482e-07
7.819506761641482e-07
7.819506761641482e-07
7.819506761641482e-07
7.819506761641482e-07
7.819506761641482e-07
7.819506761641482e-07
7.819506761641482e-07
7.819506761641482e-07
7.819506761641482e-07
7.819506761641482e-07
7.819506761641482e-07
7.819506761641482e-07
7.819506761641482e-07
7.819506761641482e-07
7.819506761641482e-07
7.819506761641482e-07
7.819506761641482e-07
7.819506761641482e-07
7.819506761641482e-07
7.819506761641482e-07
7.819506761641482e-07
7.819506761641482e-07
7.819506761641482e-07
7.819506761641482e-07
7.819506761641482e-07
7.819506761641482e-07
7.819506761641482e-07
7.819506761641482e-07
7.819506761641482e-07
7.819506761641482e-07
7.819506761641482e-07
7.819506761641482e-07
7.819506761641482e-07
1.0213233321327652e-06
1.0213233321327652e-06
1.0213233321327652e-06
1.0213233321327652e-06
1.0213233321327652e-06
1.0213233321327652e-06
1.0213233321327652e-06
1.0213233321327652e-06
1.0213233321327652e-06
1.0213233321327652e-06
1.0213233321327652e-06
1.0213233321327652e-06
1.0213233321327652e-06
1.0213233321327652e-06
1.0213233321327652e-06
1.0213233321327652e-06
1.0213233321327652e-06
1.0213233321327652e-06
1.0213233321327652e-06
1.0213233321327652e-06
1.0213233321327652e-06
1.0213233321327652e-06
1.0213233321327652e-06
1.0213233321327652e-06
1.0213233321327652e-06
1.0213233321327652e-06
1.0213233321327652e-06
1.0213233321327652e-06
1.0213233321327652e-06
1.0213233321327652e-06
1.0213233321327652e-06
1.0213233321327652e-06
1.0213233321327652e-06
1.0213233321327652e-06
1.0213233321327652e-06
1.0213233321327652e-06
1.0213233321327652e-06
1.0213233321327652e-06
1.0213233321327652e-06
1.0213233321327652e-06
1.0213233321327652e-06
1.0213233321327652e-06
1.0213233321327652e-06
1.0213233321327652e-06
1.0213233321327652e-06
1.0213233321327652e-06
1.0213233321327652e-06
1.0213233321327652e-06
1.0213233321327652e-06
1.0213233321327652e-06
1.2926123422305308e-06
1.2926123422305308e-06
1.2926123422305308e-06
1.2926123422305308e-06
1.2926123422305308e-06
1.2926123422305308e-06
1.2926123422305308e-06
1.2926123422305308e-06
1.2926123422305308e-06
1.2926123422305308e-06
1.2926123422305308e-06
1.2926123422305308e-06
1.2926123422305308e-06
1.2926123422305308e-06
1.2926123422305308e-06
1.2926123422305308e-06
1.2926123422305308e-06
1.2926123422305308e-06
1.2926123422305308e-06
1.2926123422305308e-06
1.2926123422305308e-06
1.2926123422305308e-06
1.2926123422305308e-06
1.2926123422305308e-06
1.2926123422305308e-06
1.2926123422305308e-06
1.2926123422305308e-06
1.2926123422305308e-06
1.2926123422305308e-06
1.2926123422305308e-06
1.2926123422305308e-06
1.2926123422305308e-06
1.2926123422305308e-06
1.2926123422305308e-06
1.2926123422305308e-06
1.2926123422305308e-06
1.2926123422305308e-06
1.2926123422305308e-06
1.2926123422305308e-06
1.2926123422305308e-06
1.2926123422305308e-06
1.2926123422305308e-06
1.2926123422305308e-06
1.2926123422305308e-06
1.2926123422305308e-06
1.2926123422305308e-06
1.2926123422305308e-06
1.2926123422305308e-06
1.2926123422305308e-06
1.2926123422305308e-06
1.5958177064574453e-06
1.5958177064574453e-06
1.5958177064574453e-06
1.5958177064574453e-06
1.5958177064574453e-06
1.5958177064574453e-06
1.5958177064574453e-06
1.5958177064574453e-06
1.5958177064574453e-06
1.5958177064574453e-06
1.5958177064574453e-06
1.5958177064574453e-06
1.5958177064574453e-06
1.5958177064574453e-06
1.5958177064574453e-06
1.5958177064574453e-06
1.5958177064574453e-06
1.5958177064574453e-06
1.5958177064574453e-06
1.5958177064574453e-06
1.5958177064574453e-06
1.5958177064574453e-06
1.5958177064574453e-06
1.5958177064574453e-06
1.5958177064574453e-06
1.5958177064574453e-06
1.5958177064574453e-06
1.5958177064574453e-06
1.5958177064574453e-06
1.5958177064574453e-06
1.5958177064574453e-06
1.5958177064574453e-06
1.5958177064574453e-06
1.5958177064574453e-06
1.5958177064574453e-06
1.5958177064574453e-06
1.5958177064574453e-06
1.5958177064574453e-06
1.5958177064574453e-06
1.5958177064574453e-06
1.5958177064574453e-06
1.5958177064574453e-06
1.5958177064574453e-06
1.5958177064574453e-06
1.5958177064574453e-06
1.5958177064574453e-06
1.5958177064574453e-06
1.5958177064574453e-06
1.5958177064574453e-06
1.5958177064574453e-06
1.9309394248135085e-06
1.9309394248135085e-06
1.9309394248135085e-06
1.9309394248135085e-06
1.9309394248135085e-06
1.9309394248135085e-06
1.9309394248135085e-06
1.9309394248135085e-06
1.9309394248135085e-06
1.9309394248135085e-06
1.9309394248135085e-06
1.9309394248135085e-06
1.9309394248135085e-06
1.9309394248135085e-06
1.9309394248135085e-06
1.9309394248135085e-06
1.9309394248135085e-06
1.9309394248135085e-06
1.9309394248135085e-06
1.9309394248135085e-06
1.9309394248135085e-06
1.9309394248135085e-06
1.9309394248135085e-06
1.9309394248135085e-06
1.9309394248135085e-06
1.9309394248135085e-06
1.9309394248135085e-06
1.9309394248135085e-06
1.9309394248135085e-06
1.9309394248135085e-06
1.9309394248135085e-06
1.9309394248135085e-06
1.9309394248135085e-06
1.9309394248135085e-06
1.9309394248135085e-06
1.9309394248135085e-06
1.9309394248135085e-06
1.9309394248135085e-06
1.9309394248135085e-06
1.9309394248135085e-06
1.9309394248135085e-06
1.9309394248135085e-06
1.9309394248135085e-06
1.9309394248135085e-06
1.9309394248135085e-06
1.9309394248135085e-06
1.9309394248135085e-06
1.9309394248135085e-06
1.9309394248135085e-06
1.9309394248135085e-06
2.2979774972987217e-06
2.2979774972987217e-06
2.2979774972987217e-06
2.2979774972987217e-06
2.2979774972987217e-06
2.2979774972987217e-06
2.2979774972987217e-06
2.2979774972987217e-06
2.2979774972987217e-06
2.2979774972987217e-06
2.2979774972987217e-06
2.2979774972987217e-06
2.2979774972987217e-06
2.2979774972987217e-06
2.2979774972987217e-06
2.2979774972987217e-06
2.2979774972987217e-06
2.2979774972987217e-06
2.2979774972987217e-06
2.2979774972987217e-06
2.2979774972987217e-06
2.2979774972987217e-06
2.2979774972987217e-06
2.2979774972987217e-06
2.2979774972987217e-06
2.2979774972987217e-06
2.2979774972987217e-06
2.2979774972987217e-06
2.2979774972987217e-06
2.2979774972987217e-06
2.2979774972987217e-06
2.2979774972987217e-06
2.2979774972987217e-06
2.2979774972987217e-06
2.2979774972987217e-06
2.2979774972987217e-06
2.2979774972987217e-06
2.2979774972987217e-06
2.2979774972987217e-06
2.2979774972987217e-06
2.2979774972987217e-06
2.2979774972987217e-06
2.2979774972987217e-06
2.2979774972987217e-06
2.2979774972987217e-06
2.2979774972987217e-06
2.2979774972987217e-06
2.2979774972987217e-06
2.2979774972987217e-06
2.2979774972987217e-06
2.696931923913083e-06
2.696931923913083e-06
2.696931923913083e-06
2.696931923913083e-06
2.696931923913083e-06
2.696931923913083e-06
2.696931923913083e-06
2.696931923913083e-06
2.696931923913083e-06
2.696931923913083e-06
2.696931923913083e-06
2.696931923913083e-06
2.696931923913083e-06
2.696931923913083e-06
2.696931923913083e-06
2.696931923913083e-06
2.696931923913083e-06
2.696931923913083e-06
2.696931923913083e-06
2.696931923913083e-06
2.696931923913083e-06
2.696931923913083e-06
2.696931923913083e-06
2.696931923913083e-06
2.696931923913083e-06
2.696931923913083e-06
2.696931923913083e-06
2.696931923913083e-06
2.696931923913083e-06
2.696931923913083e-06
2.696931923913083e-06
2.696931923913083e-06
2.696931923913083e-06
2.696931923913083e-06
2.696931923913083e-06
2.696931923913083e-06
2.696931923913083e-06
2.696931923913083e-06
2.696931923913083e-06
2.696931923913083e-06
2.696931923913083e-06
2.696931923913083e-06
2.696931923913083e-06
2.696931923913083e-06
2.696931923913083e-06
2.696931923913083e-06
2.696931923913083e-06
2.696931923913083e-06
2.696931923913083e-06
2.696931923913083e-06
3.127802704656593e-06
3.127802704656593e-06
3.127802704656593e-06
3.127802704656593e-06
3.127802704656593e-06
3.127802704656593e-06
3.127802704656593e-06
3.127802704656593e-06
3.127802704656593e-06
3.127802704656593e-06
3.127802704656593e-06
3.127802704656593e-06
3.127802704656593e-06
3.127802704656593e-06
3.127802704656593e-06
3.127802704656593e-06
3.127802704656593e-06
3.127802704656593e-06
3.127802704656593e-06
3.127802704656593e-06
3.127802704656593e-06
3.127802704656593e-06
3.127802704656593e-06
3.127802704656593e-06
3.127802704656593e-06
3.127802704656593e-06
3.127802704656593e-06
3.127802704656593e-06
3.127802704656593e-06
3.127802704656593e-06
3.127802704656593e-06
3.127802704656593e-06
3.127802704656593e-06
3.127802704656593e-06
3.127802704656593e-06
3.127802704656593e-06
3.127802704656593e-06
3.127802704656593e-06
3.127802704656593e-06
3.127802704656593e-06
3.127802704656593e-06
3.127802704656593e-06
3.127802704656593e-06
3.127802704656593e-06
3.127802704656593e-06
3.127802704656593e-06
3.127802704656593e-06
3.127802704656593e-06
3.127802704656593e-06
3.127802704656593e-06
3.590589839529252e-06
3.590589839529252e-06
3.590589839529252e-06
3.590589839529252e-06
3.590589839529252e-06
3.590589839529252e-06
3.590589839529252e-06
3.590589839529252e-06
3.590589839529252e-06
3.590589839529252e-06
3.590589839529252e-06
3.590589839529252e-06
3.590589839529252e-06
3.590589839529252e-06
3.590589839529252e-06
3.590589839529252e-06
3.590589839529252e-06
3.590589839529252e-06
3.590589839529252e-06
3.590589839529252e-06
3.590589839529252e-06
3.590589839529252e-06
3.590589839529252e-06
3.590589839529252e-06
3.590589839529252e-06
3.590589839529252e-06
3.590589839529252e-06
3.590589839529252e-06
3.590589839529252e-06
3.590589839529252e-06
3.590589839529252e-06
3.590589839529252e-06
3.590589839529252e-06
3.590589839529252e-06
3.590589839529252e-06
3.590589839529252e-06
3.590589839529252e-06
3.590589839529252e-06
3.590589839529252e-06
3.590589839529252e-06
3.590589839529252e-06
3.590589839529252e-06
3.590589839529252e-06
3.590589839529252e-06
3.590589839529252e-06
3.590589839529252e-06
3.590589839529252e-06
3.590589839529252e-06
3.590589839529252e-06
3.590589839529252e-06
4.085293328531061e-06
4.085293328531061e-06
4.085293328531061e-06
4.085293328531061e-06
4.085293328531061e-06
4.085293328531061e-06
4.085293328531061e-06
4.085293328531061e-06
4.085293328531061e-06
4.085293328531061e-06
4.085293328531061e-06
4.085293328531061e-06
4.085293328531061e-06
4.085293328531061e-06
4.085293328531061e-06
4.085293328531061e-06
4.085293328531061e-06
4.085293328531061e-06
4.085293328531061e-06
4.085293328531061e-06
4.085293328531061e-06
4.085293328531061e-06
4.085293328531061e-06
4.085293328531061e-06
4.085293328531061e-06
4.085293328531061e-06
4.085293328531061e-06
4.085293328531061e-06
4.085293328531061e-06
4.085293328531061e-06
4.085293328531061e-06
4.085293328531061e-06
4.085293328531061e-06
4.085293328531061e-06
4.085293328531061e-06
4.085293328531061e-06
4.085293328531061e-06
4.085293328531061e-06
4.085293328531061e-06
4.085293328531061e-06
4.085293328531061e-06
4.085293328531061e-06
4.085293328531061e-06
4.085293328531061e-06
4.085293328531061e-06
4.085293328531061e-06
4.085293328531061e-06
4.085293328531061e-06
4.085293328531061e-06
4.085293328531061e-06
4.6119131716620175e-06
4.6119131716620175e-06
4.6119131716620175e-06
4.6119131716620175e-06
4.6119131716620175e-06
4.6119131716620175e-06
4.6119131716620175e-06
4.6119131716620175e-06
4.6119131716620175e-06
4.6119131716620175e-06
4.6119131716620175e-06
4.6119131716620175e-06
4.6119131716620175e-06
4.6119131716620175e-06
4.6119131716620175e-06
4.6119131716620175e-06
4.6119131716620175e-06
4.6119131716620175e-06
4.6119131716620175e-06
4.6119131716620175e-06
4.6119131716620175e-06
4.6119131716620175e-06
4.6119131716620175e-06
4.6119131716620175e-06
4.6119131716620175e-06
4.6119131716620175e-06
4.6119131716620175e-06
4.6119131716620175e-06
4.6119131716620175e-06
4.6119131716620175e-06
4.6119131716620175e-06
4.6119131716620175e-06
4.6119131716620175e-06
4.6119131716620175e-06
4.6119131716620175e-06
4.6119131716620175e-06
4.6119131716620175e-06
4.6119131716620175e-06
4.6119131716620175e-06
4.6119131716620175e-06
4.6119131716620175e-06
4.6119131716620175e-06
4.6119131716620175e-06
4.6119131716620175e-06
4.6119131716620175e-06
4.6119131716620175e-06
4.6119131716620175e-06
4.6119131716620175e-06
4.6119131716620175e-06
4.6119131716620175e-06
5.170449368922123e-06
5.170449368922123e-06
5.170449368922123e-06
5.170449368922123e-06
5.170449368922123e-06
5.170449368922123e-06
5.170449368922123e-06
5.170449368922123e-06
5.170449368922123e-06
5.170449368922123e-06
5.170449368922123e-06
5.170449368922123e-06
5.170449368922123e-06
5.170449368922123e-06
5.170449368922123e-06
5.170449368922123e-06
5.170449368922123e-06
5.170449368922123e-06
5.170449368922123e-06
5.170449368922123e-06
5.170449368922123e-06
5.170449368922123e-06
5.170449368922123e-06
5.170449368922123e-06
5.170449368922123e-06
5.170449368922123e-06
5.170449368922123e-06
5.170449368922123e-06
5.170449368922123e-06
5.170449368922123e-06
5.170449368922123e-06
5.170449368922123e-06
5.170449368922123e-06
5.170449368922123e-06
5.170449368922123e-06
5.170449368922123e-06
5.170449368922123e-06
5.170449368922123e-06
5.170449368922123e-06
5.170449368922123e-06
5.170449368922123e-06
5.170449368922123e-06
5.170449368922123e-06
5.170449368922123e-06
5.170449368922123e-06
5.170449368922123e-06
5.170449368922123e-06
5.170449368922123e-06
5.170449368922123e-06
5.170449368922123e-06
5.760901920311378e-06
5.760901920311378e-06
5.760901920311378e-06
5.760901920311378e-06
5.760901920311378e-06
5.760901920311378e-06
5.760901920311378e-06
5.760901920311378e-06
5.760901920311378e-06
5.760901920311378e-06
5.760901920311378e-06
5.760901920311378e-06
5.760901920311378e-06
5.760901920311378e-06
5.760901920311378e-06
5.760901920311378e-06
5.760901920311378e-06
5.760901920311378e-06
5.760901920311378e-06
5.760901920311378e-06
5.760901920311378e-06
5.760901920311378e-06
5.760901920311378e-06
5.760901920311378e-06
5.760901920311378e-06
5.760901920311378e-06
5.760901920311378e-06
5.760901920311378e-06
5.760901920311378e-06
5.760901920311378e-06
5.760901920311378e-06
5.760901920311378e-06
5.760901920311378e-06
5.760901920311378e-06
5.760901920311378e-06
5.760901920311378e-06
5.760901920311378e-06
5.760901920311378e-06
5.760901920311378e-06
5.760901920311378e-06
5.760901920311378e-06
5.760901920311378e-06
5.760901920311378e-06
5.760901920311378e-06
5.760901920311378e-06
5.760901920311378e-06
5.760901920311378e-06
5.760901920311378e-06
5.760901920311378e-06
5.760901920311378e-06
6.383270825829781e-06
6.383270825829781e-06
6.383270825829781e-06
6.383270825829781e-06
6.383270825829781e-06
6.383270825829781e-06
6.383270825829781e-06
6.383270825829781e-06
6.383270825829781e-06
6.383270825829781e-06
6.383270825829781e-06
6.383270825829781e-06
6.383270825829781e-06
6.383270825829781e-06
6.383270825829781e-06
6.383270825829781e-06
6.383270825829781e-06
6.383270825829781e-06
6.383270825829781e-06
6.383270825829781e-06
6.383270825829781e-06
6.383270825829781e-06
6.383270825829781e-06
6.383270825829781e-06
6.383270825829781e-06
6.383270825829781e-06
6.383270825829781e-06
6.383270825829781e-06
6.383270825829781e-06
6.383270825829781e-06
6.383270825829781e-06
6.383270825829781e-06
6.383270825829781e-06
6.383270825829781e-06
6.383270825829781e-06
6.383270825829781e-06
6.383270825829781e-06
6.383270825829781e-06
6.383270825829781e-06
6.383270825829781e-06
6.383270825829781e-06
6.383270825829781e-06
6.383270825829781e-06
6.383270825829781e-06
6.383270825829781e-06
6.383270825829781e-06
6.383270825829781e-06
6.383270825829781e-06
6.383270825829781e-06
6.383270825829781e-06
7.037556085477334e-06
7.037556085477334e-06
7.037556085477334e-06
7.037556085477334e-06
7.037556085477334e-06
7.037556085477334e-06
7.037556085477334e-06
7.037556085477334e-06
7.037556085477334e-06
7.037556085477334e-06
7.037556085477334e-06
7.037556085477334e-06
7.037556085477334e-06
7.037556085477334e-06
7.037556085477334e-06
7.037556085477334e-06
7.037556085477334e-06
7.037556085477334e-06
7.037556085477334e-06
7.037556085477334e-06
7.037556085477334e-06
7.037556085477334e-06
7.037556085477334e-06
7.037556085477334e-06
7.037556085477334e-06
7.037556085477334e-06
7.037556085477334e-06
7.037556085477334e-06
7.037556085477334e-06
7.037556085477334e-06
7.037556085477334e-06
7.037556085477334e-06
7.037556085477334e-06
7.037556085477334e-06
7.037556085477334e-06
7.037556085477334e-06
7.037556085477334e-06
7.037556085477334e-06
7.037556085477334e-06
7.037556085477334e-06
7.037556085477334e-06
7.037556085477334e-06
7.037556085477334e-06
7.037556085477334e-06
7.037556085477334e-06
7.037556085477334e-06
7.037556085477334e-06
7.037556085477334e-06
7.037556085477334e-06
7.037556085477334e-06
7.723757699254034e-06
7.723757699254034e-06
7.723757699254034e-06
7.723757699254034e-06
7.723757699254034e-06
7.723757699254034e-06
7.723757699254034e-06
7.723757699254034e-06
7.723757699254034e-06
7.723757699254034e-06
7.723757699254034e-06
7.723757699254034e-06
7.723757699254034e-06
7.723757699254034e-06
7.723757699254034e-06
7.723757699254034e-06
7.723757699254034e-06
7.723757699254034e-06
7.723757699254034e-06
7.723757699254034e-06
7.723757699254034e-06
7.723757699254034e-06
7.723757699254034e-06
7.723757699254034e-06
7.723757699254034e-06
7.723757699254034e-06
7.723757699254034e-06
7.723757699254034e-06
7.723757699254034e-06
7.723757699254034e-06
7.723757699254034e-06
7.723757699254034e-06
7.723757699254034e-06
7.723757699254034e-06
7.723757699254034e-06
7.723757699254034e-06
7.723757699254034e-06
7.723757699254034e-06
7.723757699254034e-06
7.723757699254034e-06
7.723757699254034e-06
7.723757699254034e-06
7.723757699254034e-06
7.723757699254034e-06
7.723757699254034e-06
7.723757699254034e-06
7.723757699254034e-06
7.723757699254034e-06
7.723757699254034e-06
7.723757699254034e-06
8.441875667159885e-06
8.441875667159885e-06
8.441875667159885e-06
8.441875667159885e-06
8.441875667159885e-06
8.441875667159885e-06
8.441875667159885e-06
8.441875667159885e-06
8.441875667159885e-06
8.441875667159885e-06
8.441875667159885e-06
8.441875667159885e-06
8.441875667159885e-06
8.441875667159885e-06
8.441875667159885e-06
8.441875667159885e-06
8.441875667159885e-06
8.441875667159885e-06
8.441875667159885e-06
8.441875667159885e-06
8.441875667159885e-06
8.441875667159885e-06
8.441875667159885e-06
8.441875667159885e-06
8.441875667159885e-06
8.441875667159885e-06
8.441875667159885e-06
8.441875667159885e-06
8.441875667159885e-06
8.441875667159885e-06
8.441875667159885e-06
8.441875667159885e-06
8.441875667159885e-06
8.441875667159885e-06
8.441875667159885e-06
8.441875667159885e-06
8.441875667159885e-06
8.441875667159885e-06
8.441875667159885e-06
8.441875667159885e-06
8.441875667159885e-06
8.441875667159885e-06
8.441875667159885e-06
8.441875667159885e-06
8.441875667159885e-06
8.441875667159885e-06
8.441875667159885e-06
8.441875667159885e-06
8.441875667159885e-06
8.441875667159885e-06
9.191909989194887e-06
9.191909989194887e-06
9.191909989194887e-06
9.191909989194887e-06
9.191909989194887e-06
9.191909989194887e-06
9.191909989194887e-06
9.191909989194887e-06
9.191909989194887e-06
9.191909989194887e-06
9.191909989194887e-06
9.191909989194887e-06
9.191909989194887e-06
9.191909989194887e-06
9.191909989194887e-06
9.191909989194887e-06
9.191909989194887e-06
9.191909989194887e-06
9.191909989194887e-06
9.191909989194887e-06
9.191909989194887e-06
9.191909989194887e-06
9.191909989194887e-06
9.191909989194887e-06
9.191909989194887e-06
9.191909989194887e-06
9.191909989194887e-06
9.191909989194887e-06
9.191909989194887e-06
9.191909989194887e-06
9.191909989194887e-06
9.191909989194887e-06
9.191909989194887e-06
9.191909989194887e-06
9.191909989194887e-06
9.191909989194887e-06
9.191909989194887e-06
9.191909989194887e-06
9.191909989194887e-06
9.191909989194887e-06
9.191909989194887e-06
9.191909989194887e-06
9.191909989194887e-06
9.191909989194887e-06
9.191909989194887e-06
9.191909989194887e-06
9.191909989194887e-06
9.191909989194887e-06
9.191909989194887e-06
9.191909989194887e-06
9.973860665359034e-06
9.973860665359034e-06
9.973860665359034e-06
9.973860665359034e-06
9.973860665359034e-06
9.973860665359034e-06
9.973860665359034e-06
9.973860665359034e-06
9.973860665359034e-06
9.973860665359034e-06
9.973860665359034e-06
9.973860665359034e-06
9.973860665359034e-06
9.973860665359034e-06
9.973860665359034e-06
9.973860665359034e-06
9.973860665359034e-06
9.973860665359034e-06
9.973860665359034e-06
9.973860665359034e-06
9.973860665359034e-06
9.973860665359034e-06
9.973860665359034e-06
9.973860665359034e-06
9.973860665359034e-06
9.973860665359034e-06
9.973860665359034e-06
9.973860665359034e-06
9.973860665359034e-06
9.973860665359034e-06
9.973860665359034e-06
9.973860665359034e-06
9.973860665359034e-06
9.973860665359034e-06
9.973860665359034e-06
9.973860665359034e-06
9.973860665359034e-06
9.973860665359034e-06
9.973860665359034e-06
9.973860665359034e-06
9.973860665359034e-06
9.973860665359034e-06
9.973860665359034e-06
9.973860665359034e-06
9.973860665359034e-06
9.973860665359034e-06
9.973860665359034e-06
9.973860665359034e-06
9.973860665359034e-06
9.973860665359034e-06
1.0787727695652333e-05
1.0787727695652333e-05
1.0787727695652333e-05
1.0787727695652333e-05
1.0787727695652333e-05
1.0787727695652333e-05
1.0787727695652333e-05
1.0787727695652333e-05
1.0787727695652333e-05
1.0787727695652333e-05
1.0787727695652333e-05
1.0787727695652333e-05
1.0787727695652333e-05
1.0787727695652333e-05
1.0787727695652333e-05
1.0787727695652333e-05
1.0787727695652333e-05
1.0787727695652333e-05
1.0787727695652333e-05
1.0787727695652333e-05
1.0787727695652333e-05
1.0787727695652333e-05
1.0787727695652333e-05
1.0787727695652333e-05
1.0787727695652333e-05
1.0787727695652333e-05
1.0787727695652333e-05
1.0787727695652333e-05
1.0787727695652333e-05
1.0787727695652333e-05
1.0787727695652333e-05
1.0787727695652333e-05
1.0787727695652333e-05
1.0787727695652333e-05
1.0787727695652333e-05
1.0787727695652333e-05
1.0787727695652333e-05
1.0787727695652333e-05
1.0787727695652333e-05
1.0787727695652333e-05
1.0787727695652333e-05
1.0787727695652333e-05
1.0787727695652333e-05
1.0787727695652333e-05
1.0787727695652333e-05
1.0787727695652333e-05
1.0787727695652333e-05
1.0787727695652333e-05
1.0787727695652333e-05
1.0787727695652333e-05
1.1633511080074776e-05
1.1633511080074776e-05
1.1633511080074776e-05
1.1633511080074776e-05
1.1633511080074776e-05
1.1633511080074776e-05
1.1633511080074776e-05
1.1633511080074776e-05
1.1633511080074776e-05
1.1633511080074776e-05
1.1633511080074776e-05
1.1633511080074776e-05
1.1633511080074776e-05
1.1633511080074776e-05
1.1633511080074776e-05
1.1633511080074776e-05
1.1633511080074776e-05
1.1633511080074776e-05
1.1633511080074776e-05
1.1633511080074776e-05
1.1633511080074776e-05
1.1633511080074776e-05
1.1633511080074776e-05
1.1633511080074776e-05
1.1633511080074776e-05
1.1633511080074776e-05
1.1633511080074776e-05
1.1633511080074776e-05
1.1633511080074776e-05
1.1633511080074776e-05
1.1633511080074776e-05
1.1633511080074776e-05
1.1633511080074776e-05
1.1633511080074776e-05
1.1633511080074776e-05
1.1633511080074776e-05
1.1633511080074776e-05
1.1633511080074776e-05
1.1633511080074776e-05
1.1633511080074776e-05
1.1633511080074776e-05
1.1633511080074776e-05
1.1633511080074776e-05
1.1633511080074776e-05
1.1633511080074776e-05
1.1633511080074776e-05
1.1633511080074776e-05
1.1633511080074776e-05
1.1633511080074776e-05
1.1633511080074776e-05
1.2511210818626371e-05
1.2511210818626371e-05
1.2511210818626371e-05
1.2511210818626371e-05
1.2511210818626371e-05
1.2511210818626371e-05
1.2511210818626371e-05
1.2511210818626371e-05
1.2511210818626371e-05
1.2511210818626371e-05
1.2511210818626371e-05
1.2511210818626371e-05
1.2511210818626371e-05
1.2511210818626371e-05
1.2511210818626371e-05
1.2511210818626371e-05
1.2511210818626371e-05
1.2511210818626371e-05
1.2511210818626371e-05
1.2511210818626371e-05
1.2511210818626371e-05
1.2511210818626371e-05
1.2511210818626371e-05
1.2511210818626371e-05
1.2511210818626371e-05
1.2511210818626371e-05
1.2511210818626371e-05
1.2511210818626371e-05
1.2511210818626371e-05
1.2511210818626371e-05
1.2511210818626371e-05
1.2511210818626371e-05
1.2511210818626371e-05
1.2511210818626371e-05
1.2511210818626371e-05
1.2511210818626371e-05
1.2511210818626371e-05
1.2511210818626371e-05
1.2511210818626371e-05
1.2511210818626371e-05
1.2511210818626371e-05
1.2511210818626371e-05
1.2511210818626371e-05
1.2511210818626371e-05
1.2511210818626371e-05
1.2511210818626371e-05
1.2511210818626371e-05
1.2511210818626371e-05
1.2511210818626371e-05
1.2511210818626371e-05
1.3420826911307118e-05
1.3420826911307118e-05
1.3420826911307118e-05
1.3420826911307118e-05
1.3420826911307118e-05
1.3420826911307118e-05
1.3420826911307118e-05
1.3420826911307118e-05
1.3420826911307118e-05
1.3420826911307118e-05
1.3420826911307118e-05
1.3420826911307118e-05
1.3420826911307118e-05
1.3420826911307118e-05
1.3420826911307118e-05
1.3420826911307118e-05
1.3420826911307118e-05
1.3420826911307118e-05
1.3420826911307118e-05
1.3420826911307118e-05
1.3420826911307118e-05
1.3420826911307118e-05
1.3420826911307118e-05
1.3420826911307118e-05
1.3420826911307118e-05
1.3420826911307118e-05
1.3420826911307118e-05
1.3420826911307118e-05
1.3420826911307118e-05
1.3420826911307118e-05
1.3420826911307118e-05
1.3420826911307118e-05
1.3420826911307118e-05
1.3420826911307118e-05
1.3420826911307118e-05
1.3420826911307118e-05
1.3420826911307118e-05
1.3420826911307118e-05
1.3420826911307118e-05
1.3420826911307118e-05
1.3420826911307118e-05
1.3420826911307118e-05
1.3420826911307118e-05
1.3420826911307118e-05
1.3420826911307118e-05
1.3420826911307118e-05
1.3420826911307118e-05
1.3420826911307118e-05
1.3420826911307118e-05
1.3420826911307118e-05
1.4362359358117008e-05
1.4362359358117008e-05
1.4362359358117008e-05
1.4362359358117008e-05
1.4362359358117008e-05
1.4362359358117008e-05
1.4362359358117008e-05
1.4362359358117008e-05
1.4362359358117008e-05
1.4362359358117008e-05
1.4362359358117008e-05
1.4362359358117008e-05
1.4362359358117008e-05
1.4362359358117008e-05
1.4362359358117008e-05
1.4362359358117008e-05
1.4362359358117008e-05
1.4362359358117008e-05
1.4362359358117008e-05
1.4362359358117008e-05
1.4362359358117008e-05
1.4362359358117008e-05
1.4362359358117008e-05
1.4362359358117008e-05
1.4362359358117008e-05
1.4362359358117008e-05
1.4362359358117008e-05
1.4362359358117008e-05
1.4362359358117008e-05
1.4362359358117008e-05
1.4362359358117008e-05
1.4362359358117008e-05
1.4362359358117008e-05
1.4362359358117008e-05
1.4362359358117008e-05
1.4362359358117008e-05
1.4362359358117008e-05
1.4362359358117008e-05
1.4362359358117008e-05
1.4362359358117008e-05
1.4362359358117008e-05
1.4362359358117008e-05
1.4362359358117008e-05
1.4362359358117008e-05
1.4362359358117008e-05
1.4362359358117008e-05
1.4362359358117008e-05
1.4362359358117008e-05
1.4362359358117008e-05
1.4362359358117008e-05
1.5335808159056052e-05
1.5335808159056052e-05
1.5335808159056052e-05
1.5335808159056052e-05
1.5335808159056052e-05
1.5335808159056052e-05
1.5335808159056052e-05
1.5335808159056052e-05
1.5335808159056052e-05
1.5335808159056052e-05
1.5335808159056052e-05
1.5335808159056052e-05
1.5335808159056052e-05
1.5335808159056052e-05
1.5335808159056052e-05
1.5335808159056052e-05
1.5335808159056052e-05
1.5335808159056052e-05
1.5335808159056052e-05
1.5335808159056052e-05
1.5335808159056052e-05
1.5335808159056052e-05
1.5335808159056052e-05
1.5335808159056052e-05
1.5335808159056052e-05
1.5335808159056052e-05
1.5335808159056052e-05
1.5335808159056052e-05
1.5335808159056052e-05
1.5335808159056052e-05
1.5335808159056052e-05
1.5335808159056052e-05
1.5335808159056052e-05
1.5335808159056052e-05
1.5335808159056052e-05
1.5335808159056052e-05
1.5335808159056052e-05
1.5335808159056052e-05
1.5335808159056052e-05
1.5335808159056052e-05
1.5335808159056052e-05
1.5335808159056052e-05
1.5335808159056052e-05
1.5335808159056052e-05
1.5335808159056052e-05
1.5335808159056052e-05
1.5335808159056052e-05
1.5335808159056052e-05
1.5335808159056052e-05
1.5335808159056052e-05
1.6341173314124244e-05
1.6341173314124244e-05
1.6341173314124244e-05
1.6341173314124244e-05
1.6341173314124244e-05
1.6341173314124244e-05
1.6341173314124244e-05
1.6341173314124244e-05
1.6341173314124244e-05
1.6341173314124244e-05
1.6341173314124244e-05
1.6341173314124244e-05
1.6341173314124244e-05
1.6341173314124244e-05
1.6341173314124244e-05
1.6341173314124244e-05
1.6341173314124244e-05
1.6341173314124244e-05
1.6341173314124244e-05
1.6341173314124244e-05
1.6341173314124244e-05
1.6341173314124244e-05
1.6341173314124244e-05
1.6341173314124244e-05
1.6341173314124244e-05
1.6341173314124244e-05
1.6341173314124244e-05
1.6341173314124244e-05
1.6341173314124244e-05
1.6341173314124244e-05
1.6341173314124244e-05
1.6341173314124244e-05
1.6341173314124244e-05
1.6341173314124244e-05
1.6341173314124244e-05
1.6341173314124244e-05
1.6341173314124244e-05
1.6341173314124244e-05
1.6341173314124244e-05
1.6341173314124244e-05
1.6341173314124244e-05
1.6341173314124244e-05
1.6341173314124244e-05
1.6341173314124244e-05
1.6341173314124244e-05
1.6341173314124244e-05
1.6341173314124244e-05
1.6341173314124244e-05
1.6341173314124244e-05
1.6341173314124244e-05
1.737845482332158e-05
1.737845482332158e-05
1.737845482332158e-05
1.737845482332158e-05
1.737845482332158e-05
1.737845482332158e-05
1.737845482332158e-05
1.737845482332158e-05
1.737845482332158e-05
1.737845482332158e-05
1.737845482332158e-05
1.737845482332158e-05
1.737845482332158e-05
1.737845482332158e-05
1.737845482332158e-05
1.737845482332158e-05
1.737845482332158e-05
1.737845482332158e-05
1.737845482332158e-05
1.737845482332158e-05
1.737845482332158e-05
1.737845482332158e-05
1.737845482332158e-05
1.737845482332158e-05
1.737845482332158e-05
1.737845482332158e-05
1.737845482332158e-05
1.737845482332158e-05
1.737845482332158e-05
1.737845482332158e-05
1.737845482332158e-05
1.737845482332158e-05
1.737845482332158e-05
1.737845482332158e-05
1.737845482332158e-05
1.737845482332158e-05
1.737845482332158e-05
1.737845482332158e-05
1.737845482332158e-05
1.737845482332158e-05
1.737845482332158e-05
1.737845482332158e-05
1.737845482332158e-05
1.737845482332158e-05
1.737845482332158e-05
1.737845482332158e-05
1.737845482332158e-05
1.737845482332158e-05
1.737845482332158e-05
1.737845482332158e-05
1.844765268664807e-05
1.844765268664807e-05
1.844765268664807e-05
1.844765268664807e-05
1.844765268664807e-05
1.844765268664807e-05
1.844765268664807e-05
1.844765268664807e-05
1.844765268664807e-05
1.844765268664807e-05
1.844765268664807e-05
1.844765268664807e-05
1.844765268664807e-05
1.844765268664807e-05
1.844765268664807e-05
1.844765268664807e-05
1.844765268664807e-05
1.844765268664807e-05
1.844765268664807e-05
1.844765268664807e-05
1.844765268664807e-05
1.844765268664807e-05
1.844765268664807e-05
1.844765268664807e-05
1.844765268664807e-05
1.844765268664807e-05
1.844765268664807e-05
1.844765268664807e-05
1.844765268664807e-05
1.844765268664807e-05
1.844765268664807e-05
1.844765268664807e-05
1.844765268664807e-05
1.844765268664807e-05
1.844765268664807e-05
1.844765268664807e-05
1.844765268664807e-05
1.844765268664807e-05
1.844765268664807e-05
1.844765268664807e-05
1.844765268664807e-05
1.844765268664807e-05
1.844765268664807e-05
1.844765268664807e-05
1.844765268664807e-05
1.844765268664807e-05
1.844765268664807e-05
1.844765268664807e-05
1.844765268664807e-05
1.844765268664807e-05
1.9548766904103705e-05
1.9548766904103705e-05
1.9548766904103705e-05
1.9548766904103705e-05
1.9548766904103705e-05
1.9548766904103705e-05
1.9548766904103705e-05
1.9548766904103705e-05
1.9548766904103705e-05
1.9548766904103705e-05
1.9548766904103705e-05
1.9548766904103705e-05
1.9548766904103705e-05
1.9548766904103705e-05
1.9548766904103705e-05
1.9548766904103705e-05
1.9548766904103705e-05
1.9548766904103705e-05
1.9548766904103705e-05
1.9548766904103705e-05
1.9548766904103705e-05
1.9548766904103705e-05
1.9548766904103705e-05
1.9548766904103705e-05
1.9548766904103705e-05
1.9548766904103705e-05
1.9548766904103705e-05
1.9548766904103705e-05
1.9548766904103705e-05
1.9548766904103705e-05
1.9548766904103705e-05
1.9548766904103705e-05
1.9548766904103705e-05
1.9548766904103705e-05
1.9548766904103705e-05
1.9548766904103705e-05
1.9548766904103705e-05
1.9548766904103705e-05
1.9548766904103705e-05
1.9548766904103705e-05
1.9548766904103705e-05
1.9548766904103705e-05
1.9548766904103705e-05
1.9548766904103705e-05
1.9548766904103705e-05
1.9548766904103705e-05
1.9548766904103705e-05
1.9548766904103705e-05
1.9548766904103705e-05
1.9548766904103705e-05
2.0681797475688493e-05
2.0681797475688493e-05
2.0681797475688493e-05
2.0681797475688493e-05
2.0681797475688493e-05
2.0681797475688493e-05
2.0681797475688493e-05
2.0681797475688493e-05
2.0681797475688493e-05
2.0681797475688493e-05
2.0681797475688493e-05
2.0681797475688493e-05
2.0681797475688493e-05
2.0681797475688493e-05
2.0681797475688493e-05
2.0681797475688493e-05
2.0681797475688493e-05
2.0681797475688493e-05
2.0681797475688493e-05
2.0681797475688493e-05
2.0681797475688493e-05
2.0681797475688493e-05
2.0681797475688493e-05
2.0681797475688493e-05
2.0681797475688493e-05
2.0681797475688493e-05
2.0681797475688493e-05
2.0681797475688493e-05
2.0681797475688493e-05
2.0681797475688493e-05
2.0681797475688493e-05
2.0681797475688493e-05
2.0681797475688493e-05
2.0681797475688493e-05
2.0681797475688493e-05
2.0681797475688493e-05
2.0681797475688493e-05
2.0681797475688493e-05
2.0681797475688493e-05
2.0681797475688493e-05
2.0681797475688493e-05
2.0681797475688493e-05
2.0681797475688493e-05
2.0681797475688493e-05
2.0681797475688493e-05
2.0681797475688493e-05
2.0681797475688493e-05
2.0681797475688493e-05
2.0681797475688493e-05
2.0681797475688493e-05
2.1846744401402428e-05
2.1846744401402428e-05
2.1846744401402428e-05
2.1846744401402428e-05
2.1846744401402428e-05
2.1846744401402428e-05
2.1846744401402428e-05
2.1846744401402428e-05
2.1846744401402428e-05
2.1846744401402428e-05
2.1846744401402428e-05
2.1846744401402428e-05
2.1846744401402428e-05
2.1846744401402428e-05
2.1846744401402428e-05
2.1846744401402428e-05
2.1846744401402428e-05
2.1846744401402428e-05
2.1846744401402428e-05
2.1846744401402428e-05
2.1846744401402428e-05
2.1846744401402428e-05
2.1846744401402428e-05
2.1846744401402428e-05
2.1846744401402428e-05
2.1846744401402428e-05
2.1846744401402428e-05
2.1846744401402428e-05
2.1846744401402428e-05
2.1846744401402428e-05
2.1846744401402428e-05
2.1846744401402428e-05
2.1846744401402428e-05
2.1846744401402428e-05
2.1846744401402428e-05
2.1846744401402428e-05
2.1846744401402428e-05
2.1846744401402428e-05
2.1846744401402428e-05
2.1846744401402428e-05
2.1846744401402428e-05
2.1846744401402428e-05
2.1846744401402428e-05
2.1846744401402428e-05
2.1846744401402428e-05
2.1846744401402428e-05
2.1846744401402428e-05
2.1846744401402428e-05
2.1846744401402428e-05
2.1846744401402428e-05
2.3043607681245513e-05
2.3043607681245513e-05
2.3043607681245513e-05
2.3043607681245513e-05
2.3043607681245513e-05
2.3043607681245513e-05
2.3043607681245513e-05
2.3043607681245513e-05
2.3043607681245513e-05
2.3043607681245513e-05
2.3043607681245513e-05
2.3043607681245513e-05
2.3043607681245513e-05
2.3043607681245513e-05
2.3043607681245513e-05
2.3043607681245513e-05
2.3043607681245513e-05
2.3043607681245513e-05
2.3043607681245513e-05
2.3043607681245513e-05
2.3043607681245513e-05
2.3043607681245513e-05
2.3043607681245513e-05
2.3043607681245513e-05
2.3043607681245513e-05
2.3043607681245513e-05
2.3043607681245513e-05
2.3043607681245513e-05
2.3043607681245513e-05
2.3043607681245513e-05
2.3043607681245513e-05
2.3043607681245513e-05
2.3043607681245513e-05
2.3043607681245513e-05
2.3043607681245513e-05
2.3043607681245513e-05
2.3043607681245513e-05
2.3043607681245513e-05
2.3043607681245513e-05
2.3043607681245513e-05
2.3043607681245513e-05
2.3043607681245513e-05
2.3043607681245513e-05
2.3043607681245513e-05
2.3043607681245513e-05
2.3043607681245513e-05
2.3043607681245513e-05
2.3043607681245513e-05
2.3043607681245513e-05
2.3043607681245513e-05
2.4272387315217747e-05
2.4272387315217747e-05
2.4272387315217747e-05
2.4272387315217747e-05
2.4272387315217747e-05
2.4272387315217747e-05
2.4272387315217747e-05
2.4272387315217747e-05
2.4272387315217747e-05
2.4272387315217747e-05
2.4272387315217747e-05
2.4272387315217747e-05
2.4272387315217747e-05
2.4272387315217747e-05
2.4272387315217747e-05
2.4272387315217747e-05
2.4272387315217747e-05
2.4272387315217747e-05
2.4272387315217747e-05
2.4272387315217747e-05
2.4272387315217747e-05
2.4272387315217747e-05
2.4272387315217747e-05
2.4272387315217747e-05
2.4272387315217747e-05
2.4272387315217747e-05
2.4272387315217747e-05
2.4272387315217747e-05
2.4272387315217747e-05
2.4272387315217747e-05
2.4272387315217747e-05
2.4272387315217747e-05
2.4272387315217747e-05
2.4272387315217747e-05
2.4272387315217747e-05
2.4272387315217747e-05
2.4272387315217747e-05
2.4272387315217747e-05
2.4272387315217747e-05
2.4272387315217747e-05
2.4272387315217747e-05
2.4272387315217747e-05
2.4272387315217747e-05
2.4272387315217747e-05
2.4272387315217747e-05
2.4272387315217747e-05
2.4272387315217747e-05
2.4272387315217747e-05
2.4272387315217747e-05
2.4272387315217747e-05
2.5533083303319125e-05
2.5533083303319125e-05
2.5533083303319125e-05
2.5533083303319125e-05
2.5533083303319125e-05
2.5533083303319125e-05
2.5533083303319125e-05
2.5533083303319125e-05
2.5533083303319125e-05
2.5533083303319125e-05
2.5533083303319125e-05
2.5533083303319125e-05
2.5533083303319125e-05
2.5533083303319125e-05
2.5533083303319125e-05
2.5533083303319125e-05
2.5533083303319125e-05
2.5533083303319125e-05
2.5533083303319125e-05
2.5533083303319125e-05
2.5533083303319125e-05
2.5533083303319125e-05
2.5533083303319125e-05
2.5533083303319125e-05
2.5533083303319125e-05
2.5533083303319125e-05
2.5533083303319125e-05
2.5533083303319125e-05
2.5533083303319125e-05
2.5533083303319125e-05
2.5533083303319125e-05
2.5533083303319125e-05
2.5533083303319125e-05
2.5533083303319125e-05
2.5533083303319125e-05
2.5533083303319125e-05
2.5533083303319125e-05
2.5533083303319125e-05
2.5533083303319125e-05
2.5533083303319125e-05
2.5533083303319125e-05
2.5533083303319125e-05
2.5533083303319125e-05
2.5533083303319125e-05
2.5533083303319125e-05
2.5533083303319125e-05
2.5533083303319125e-05
2.5533083303319125e-05
2.5533083303319125e-05
2.5533083303319125e-05
2.6825695645549653e-05
2.6825695645549653e-05
2.6825695645549653e-05
2.6825695645549653e-05
2.6825695645549653e-05
2.6825695645549653e-05
2.6825695645549653e-05
2.6825695645549653e-05
2.6825695645549653e-05
2.6825695645549653e-05
2.6825695645549653e-05
2.6825695645549653e-05
2.6825695645549653e-05
2.6825695645549653e-05
2.6825695645549653e-05
2.6825695645549653e-05
2.6825695645549653e-05
2.6825695645549653e-05
2.6825695645549653e-05
2.6825695645549653e-05
2.6825695645549653e-05
2.6825695645549653e-05
2.6825695645549653e-05
2.6825695645549653e-05
2.6825695645549653e-05
2.6825695645549653e-05
2.6825695645549653e-05
2.6825695645549653e-05
2.6825695645549653e-05
2.6825695645549653e-05
2.6825695645549653e-05
2.6825695645549653e-05
2.6825695645549653e-05
2.6825695645549653e-05
2.6825695645549653e-05
2.6825695645549653e-05
2.6825695645549653e-05
2.6825695645549653e-05
2.6825695645549653e-05
2.6825695645549653e-05
2.6825695645549653e-05
2.6825695645549653e-05
2.6825695645549653e-05
2.6825695645549653e-05
2.6825695645549653e-05
2.6825695645549653e-05
2.6825695645549653e-05
2.6825695645549653e-05
2.6825695645549653e-05
2.6825695645549653e-05
2.8150224341909338e-05
2.8150224341909338e-05
2.8150224341909338e-05
2.8150224341909338e-05
2.8150224341909338e-05
2.8150224341909338e-05
2.8150224341909338e-05
2.8150224341909338e-05
2.8150224341909338e-05
2.8150224341909338e-05
2.8150224341909338e-05
2.8150224341909338e-05
2.8150224341909338e-05
2.8150224341909338e-05
2.8150224341909338e-05
2.8150224341909338e-05
2.8150224341909338e-05
2.8150224341909338e-05
2.8150224341909338e-05
2.8150224341909338e-05
2.8150224341909338e-05
2.8150224341909338e-05
2.8150224341909338e-05
2.8150224341909338e-05
2.8150224341909338e-05
2.8150224341909338e-05
2.8150224341909338e-05
2.8150224341909338e-05
2.8150224341909338e-05
2.8150224341909338e-05
2.8150224341909338e-05
2.8150224341909338e-05
2.8150224341909338e-05
2.8150224341909338e-05
2.8150224341909338e-05
2.8150224341909338e-05
2.8150224341909338e-05
2.8150224341909338e-05
2.8150224341909338e-05
2.8150224341909338e-05
2.8150224341909338e-05
2.8150224341909338e-05
2.8150224341909338e-05
2.8150224341909338e-05
2.8150224341909338e-05
2.8150224341909338e-05
2.8150224341909338e-05
2.8150224341909338e-05
2.8150224341909338e-05
2.8150224341909338e-05
2.9506669392398162e-05
2.9506669392398162e-05
2.9506669392398162e-05
2.9506669392398162e-05
2.9506669392398162e-05
2.9506669392398162e-05
2.9506669392398162e-05
2.9506669392398162e-05
2.9506669392398162e-05
2.9506669392398162e-05
2.9506669392398162e-05
2.9506669392398162e-05
2.9506669392398162e-05
2.9506669392398162e-05
2.9506669392398162e-05
2.9506669392398162e-05
2.9506669392398162e-05
2.9506669392398162e-05
2.9506669392398162e-05
2.9506669392398162e-05
2.9506669392398162e-05
2.9506669392398162e-05
2.9506669392398162e-05
2.9506669392398162e-05
2.9506669392398162e-05
2.9506669392398162e-05
2.9506669392398162e-05
2.9506669392398162e-05
2.9506669392398162e-05
2.9506669392398162e-05
2.9506669392398162e-05
2.9506669392398162e-05
2.9506669392398162e-05
2.9506669392398162e-05
2.9506669392398162e-05
2.9506669392398162e-05
2.9506669392398162e-05
2.9506669392398162e-05
2.9506669392398162e-05
2.9506669392398162e-05
2.9506669392398162e-05
2.9506669392398162e-05
2.9506669392398162e-05
2.9506669392398162e-05
2.9506669392398162e-05
2.9506669392398162e-05
2.9506669392398162e-05
2.9506669392398162e-05
2.9506669392398162e-05
2.9506669392398162e-05
3.0895030797016136e-05
3.0895030797016136e-05
3.0895030797016136e-05
3.0895030797016136e-05
3.0895030797016136e-05
3.0895030797016136e-05
3.0895030797016136e-05
3.0895030797016136e-05
3.0895030797016136e-05
3.0895030797016136e-05
3.0895030797016136e-05
3.0895030797016136e-05
3.0895030797016136e-05
3.0895030797016136e-05
3.0895030797016136e-05
3.0895030797016136e-05
3.0895030797016136e-05
3.0895030797016136e-05
3.0895030797016136e-05
3.0895030797016136e-05
3.0895030797016136e-05
3.0895030797016136e-05
3.0895030797016136e-05
3.0895030797016136e-05
3.0895030797016136e-05
3.0895030797016136e-05
3.0895030797016136e-05
3.0895030797016136e-05
3.0895030797016136e-05
3.0895030797016136e-05
3.0895030797016136e-05
3.0895030797016136e-05
3.0895030797016136e-05
3.0895030797016136e-05
3.0895030797016136e-05
3.0895030797016136e-05
3.0895030797016136e-05
3.0895030797016136e-05
3.0895030797016136e-05
3.0895030797016136e-05
3.0895030797016136e-05
3.0895030797016136e-05
3.0895030797016136e-05
3.0895030797016136e-05
3.0895030797016136e-05
3.0895030797016136e-05
3.0895030797016136e-05
3.0895030797016136e-05
3.0895030797016136e-05
3.0895030797016136e-05
3.2315308555763254e-05
3.2315308555763254e-05
3.2315308555763254e-05
3.2315308555763254e-05
3.2315308555763254e-05
3.2315308555763254e-05
3.2315308555763254e-05
3.2315308555763254e-05
3.2315308555763254e-05
3.2315308555763254e-05
3.2315308555763254e-05
3.2315308555763254e-05
3.2315308555763254e-05
3.2315308555763254e-05
3.2315308555763254e-05
3.2315308555763254e-05
3.2315308555763254e-05
3.2315308555763254e-05
3.2315308555763254e-05
3.2315308555763254e-05
3.2315308555763254e-05
3.2315308555763254e-05
3.2315308555763254e-05
3.2315308555763254e-05
3.2315308555763254e-05
3.2315308555763254e-05
3.2315308555763254e-05
3.2315308555763254e-05
3.2315308555763254e-05
3.2315308555763254e-05
3.2315308555763254e-05
3.2315308555763254e-05
3.2315308555763254e-05
3.2315308555763254e-05
3.2315308555763254e-05
3.2315308555763254e-05
3.2315308555763254e-05
3.2315308555763254e-05
3.2315308555763254e-05
3.2315308555763254e-05
3.2315308555763254e-05
3.2315308555763254e-05
3.2315308555763254e-05
3.2315308555763254e-05
3.2315308555763254e-05
3.2315308555763254e-05
3.2315308555763254e-05
3.2315308555763254e-05
3.2315308555763254e-05
3.2315308555763254e-05
3.376750266863954e-05
3.376750266863954e-05
3.376750266863954e-05
3.376750266863954e-05
3.376750266863954e-05
3.376750266863954e-05
3.376750266863954e-05
3.376750266863954e-05
3.376750266863954e-05
3.376750266863954e-05
3.376750266863954e-05
3.376750266863954e-05
3.376750266863954e-05
3.376750266863954e-05
3.376750266863954e-05
3.376750266863954e-05
3.376750266863954e-05
3.376750266863954e-05
3.376750266863954e-05
3.376750266863954e-05
3.376750266863954e-05
3.376750266863954e-05
3.376750266863954e-05
3.376750266863954e-05
3.376750266863954e-05
3.376750266863954e-05
3.376750266863954e-05
3.376750266863954e-05
3.376750266863954e-05
3.376750266863954e-05
3.376750266863954e-05
3.376750266863954e-05
3.376750266863954e-05
3.376750266863954e-05
3.376750266863954e-05
3.376750266863954e-05
3.376750266863954e-05
3.376750266863954e-05
3.376750266863954e-05
3.376750266863954e-05
3.376750266863954e-05
3.376750266863954e-05
3.376750266863954e-05
3.376750266863954e-05
3.376750266863954e-05
3.376750266863954e-05
3.376750266863954e-05
3.376750266863954e-05
3.376750266863954e-05
3.376750266863954e-05
3.525161313564496e-05
3.525161313564496e-05
3.525161313564496e-05
3.525161313564496e-05
3.525161313564496e-05
3.525161313564496e-05
3.525161313564496e-05
3.525161313564496e-05
3.525161313564496e-05
3.525161313564496e-05
3.525161313564496e-05
3.525161313564496e-05
3.525161313564496e-05
3.525161313564496e-05
3.525161313564496e-05
3.525161313564496e-05
3.525161313564496e-05
3.525161313564496e-05
3.525161313564496e-05
3.525161313564496e-05
3.525161313564496e-05
3.525161313564496e-05
3.525161313564496e-05
3.525161313564496e-05
3.525161313564496e-05
3.525161313564496e-05
3.525161313564496e-05
3.525161313564496e-05
3.525161313564496e-05
3.525161313564496e-05
3.525161313564496e-05
3.525161313564496e-05
3.525161313564496e-05
3.525161313564496e-05
3.525161313564496e-05
3.525161313564496e-05
3.525161313564496e-05
3.525161313564496e-05
3.525161313564496e-05
3.525161313564496e-05
3.525161313564496e-05
3.525161313564496e-05
3.525161313564496e-05
3.525161313564496e-05
3.525161313564496e-05
3.525161313564496e-05
3.525161313564496e-05
3.525161313564496e-05
3.525161313564496e-05
3.525161313564496e-05
3.676763995677955e-05
3.676763995677955e-05
3.676763995677955e-05
3.676763995677955e-05
3.676763995677955e-05
3.676763995677955e-05
3.676763995677955e-05
3.676763995677955e-05
3.676763995677955e-05
3.676763995677955e-05
3.676763995677955e-05
3.676763995677955e-05
3.676763995677955e-05
3.676763995677955e-05
3.676763995677955e-05
3.676763995677955e-05
3.676763995677955e-05
3.676763995677955e-05
3.676763995677955e-05
3.676763995677955e-05
3.676763995677955e-05
3.676763995677955e-05
3.676763995677955e-05
3.676763995677955e-05
3.676763995677955e-05
3.676763995677955e-05
3.676763995677955e-05
3.676763995677955e-05
3.676763995677955e-05
3.676763995677955e-05
3.676763995677955e-05
3.676763995677955e-05
3.676763995677955e-05
3.676763995677955e-05
3.676763995677955e-05
3.676763995677955e-05
3.676763995677955e-05
3.676763995677955e-05
3.676763995677955e-05
3.676763995677955e-05
3.676763995677955e-05
3.676763995677955e-05
3.676763995677955e-05
3.676763995677955e-05
3.676763995677955e-05
3.676763995677955e-05
3.676763995677955e-05
3.676763995677955e-05
3.676763995677955e-05
3.676763995677955e-05
3.8315583132043265e-05
3.8315583132043265e-05
3.8315583132043265e-05
3.8315583132043265e-05
3.8315583132043265e-05
3.8315583132043265e-05
3.8315583132043265e-05
3.8315583132043265e-05
3.8315583132043265e-05
3.8315583132043265e-05
3.8315583132043265e-05
3.8315583132043265e-05
3.8315583132043265e-05
3.8315583132043265e-05
3.8315583132043265e-05
3.8315583132043265e-05
3.8315583132043265e-05
3.8315583132043265e-05
3.8315583132043265e-05
3.8315583132043265e-05
3.8315583132043265e-05
3.8315583132043265e-05
3.8315583132043265e-05
3.8315583132043265e-05
3.8315583132043265e-05
3.8315583132043265e-05
3.8315583132043265e-05
3.8315583132043265e-05
3.8315583132043265e-05
3.8315583132043265e-05
3.8315583132043265e-05
3.8315583132043265e-05
3.8315583132043265e-05
3.8315583132043265e-05
3.8315583132043265e-05
3.8315583132043265e-05
3.8315583132043265e-05
3.8315583132043265e-05
3.8315583132043265e-05
3.8315583132043265e-05
3.8315583132043265e-05
3.8315583132043265e-05
3.8315583132043265e-05
3.8315583132043265e-05
3.8315583132043265e-05
3.8315583132043265e-05
3.8315583132043265e-05
3.8315583132043265e-05
3.8315583132043265e-05
3.8315583132043265e-05
