nan
nan
nan
nan
nan
nan
nan
nan
nan
nan
nan
nan
nan
nan
nan
nan
nan
nan
nan
nan
nan
nan
nan
nan
nan
nan
nan
nan
nan
nan
nan
nan
nan
nan
nan
nan
nan
nan
nan
nan
nan
nan
nan
nan
nan
nan
nan
nan
nan
nan
0.08559017506213096
0.0855521090106206
0.08551422109464236
0.08547671777562318
0.08543976801897293
0.08540353444200816
0.08536817131455388
0.08533382411053327
0.08530062969881214
0.08526871701135827
0.08523820694154181
0.08520921252959265
0.08518183907391517
0.0851561842377959
0.08513233817616535
0.08511038360193832
0.08509039586987335
0.08507244304718456
0.08505658596791185
0.08504287827856455
0.0850313664737675
0.08502208992170074
0.0850150808789187
0.08501036449540303
0.08500795880923641
0.08500787473133053
0.0850101160202272
0.08501467924666416
0.08502155374733138
0.08503072156883229
0.08504215740060733
0.0850558284970638
0.085071694588499
0.08508970778043727
0.08510981244094146
0.08513194507573664
0.08515603419324702
0.08518200015066874
0.08520975498370795
0.08523920224873274
0.08527023681162918
0.08530274462874003
0.08533660256527184
0.08537167803612654
0.08540782917345176
0.08544490377739794
0.08548273928793423
nan
nan
nan
0.08561997872085712
0.08558166805816733
0.08554352477111525
0.08550575236918459
0.08546852267519599
0.0854319998085612
0.08539633982700937
0.08536168948716591
0.08532818725348454
0.08529596333849594
0.08526513990223653
0.08523583113023214
0.0852081433855813
0.08518217530707567
0.08515801794992303
0.0851357548490478
0.08511546209919862
0.08509720843335195
0.08508105527868316
0.08506705680276802
0.0850552599500922
0.08504570446925738
0.08503842293028561
0.08503344073088644
0.08503077609296117
0.08503044004905702
0.08503243641906946
0.08503676177677458
0.08504340540582335
0.08505234924570462
0.0850635678274536
0.08507702819782076
0.08509268983269457
0.08511050453843765
0.0851304163425601
0.08515236137265554
0.08517626772419434
0.08520205530531422
0.08522963567258257
0.08525891188307458
0.08528977827464185
0.08532212026399957
0.08535581412994384
0.08539072677476671
0.08542671556218986
0.08546362792523166
0.0855013007452531
0.08553956015684472
0.08557822593104375
0.08561706362191021
0.08567064112559405
0.08563174756112805
0.08559302395795512
0.08555466480491383
0.08551684583611954
0.08547973199571587
0.08544348120227638
0.08540824139046642
0.08537415244694525
0.08534134574843051
0.08530994460798041
0.08528006425098797
0.08525181200171741
0.08522528738628454
0.08520058225843638
0.08517778089087102
0.08515696003974355
0.08513818902271228
0.08512152978225102
0.08510703693642677
0.0850947578134164
0.08508473247882606
0.08507699375547578
0.08507156723218895
0.08506847126214107
0.08506771695082342
0.08506930813467498
0.08507324134973304
0.08507950578978955
0.08508808325500755
0.08509894808982582
0.08511206710955296
0.0851273995151447
0.08514489679831967
0.08516450263810728
0.08518615278104072
0.08520977490777198
0.08523528848180081
0.08526260459831657
0.08529162583167868
0.0853222460144989
0.08535435006446943
0.08538781370427567
0.08542250337609683
0.08545827578559248
0.08549497808276138
0.08553244630286122
0.08557050690647056
0.08560897743545848
0.085647632789872
0.0857417207047389
0.08570191836622797
0.08566229709496416
0.08562304185252381
0.0855843314942433
0.08554633215507054
0.08550920323094671
0.08547309389214008
0.08543814524855367
0.0854044897941498
0.08537225185948105
0.08534154765266784
0.08531248534840821
0.08528516529164258
0.08525968005848641
0.08523611457136954
0.08521454617740001
0.08519504471954811
0.08517767258739223
0.0851624847807041
0.08514952895101535
0.08513884542644479
0.0851304672301792
0.08512442009175106
0.08512072244829708
0.08511938543478798
0.08512041286464053
0.08512380120046723
0.08512953951466369
0.08513760944034016
0.08514798511095628
0.08516063308895183
0.08517551228437098
0.08519257386661974
0.08521176116293437
0.08523300953326753
0.08525624624284617
0.08528139032595494
0.08530835243387751
0.08533703467281387
0.08536733040063305
0.08539912407366354
0.08543229090166327
0.0854666969029087
0.08550219824127053
0.08553864176659491
0.08557586281288748
0.08561368833256848
0.08565193258603085
0.08569038696814914
0.08583269829084912
0.08579168007067914
0.08575085363946074
0.08571040391035918
0.0856705099177194
0.08563133993085734
0.0855930543356969
0.08555580368824875
0.08551973009642724
0.08548496722432816
0.08545164025164376
0.08541986635835046
0.08538975450718542
0.08536140576651657
0.08533491339523874
0.08531036292554967
0.08528783220983759
0.08526739155927238
0.08524910377520015
0.08523302419081225
0.08521920072456737
0.08520767391691242
0.08519847694870737
0.08519163565064078
0.08518716850587323
0.08518508664325153
0.0851853938206761
0.08518808639861905
0.08519315330237719
0.08520057597511166
0.08521032831982811
0.08522237663262364
0.08523667952751951
0.08525318784887354
0.08527184456223072
0.08529258463528097
0.08531533493868654
0.08534001409839465
0.08536653231848068
0.0853947912704123
0.08542468388151508
0.08545609414918298
0.0854888968676071
0.08552295760606317
0.08555813218522113
0.08559426696823216
0.08563119715288296
0.08566874933685392
0.08570673611876492
0.08574496313192735
0.0859429892248589
0.08590046272539531
0.08585813887151329
0.08581620884839773
0.08577485176421099
0.08573423744505107
0.08569452765553362
0.0856558740734864
0.08561841992660829
0.08558229991808179
0.08554764010630302
0.0855145585808636
0.08548316504701374
0.08545356132296753
0.08542584124338826
0.08540009093369297
0.08537638875970181
0.08535480543535127
0.08533540411756835
0.08531824045349307
0.08530336260762195
0.085290811297259
0.08528061982384394
0.08527281408760806
0.08526741259071363
0.08526442643121489
0.08526385928868058
0.08526570740051004
0.08526995952666068
0.08527659690606794
0.08528559320310694
0.08529691444494514
0.08531051894495621
0.08532635721019555
0.0853443718421103
0.08536449744396339
0.08538666051453003
0.08541077925854718
0.08543676345674853
0.08546451439918765
0.08549392459632643
0.08552487761283847
0.08555724791262762
0.08559090062185552
0.08562569133875589
0.0856614658901717
0.08569805971699412
0.08573529824592996
0.08577299559500055
0.08581095916388486
0.08607194848343602
0.08602763163741042
0.08598353711880775
0.08593985661923383
0.08589677191878138
0.08585445359592916
0.08581306507655584
0.08577275915687663
0.08573368022163849
0.08569596403750061
0.08565973752644608
0.08562511974719439
0.08559222111880417
0.08556114418539476
0.08553198344047132
0.08550482553215849
0.08547974930528279
0.0854568259258984
0.08543611889873748
0.08541768413788792
0.08540157003193125
0.08538781747216175
0.08537645987152613
0.08536752318358734
0.08536102591229133
0.08535697911004637
0.0853553863660736
0.08535624378516103
0.08535953995572265
0.08536525590969259
0.08537336507092597
0.08538383319159237
0.08539661827757591
0.08541167050993903
0.08542893216199199
0.08544833748641256
0.08546981258351288
0.08549327526807053
0.08551863497541978
0.08554579258816694
0.0855746402382348
0.08560506115193714
0.08563692941778556
0.0856701098974936
0.08570445785546245
0.08573981889225595
0.08577602836818843
0.08581291132797128
0.08585028320329047
0.08588794632538552
0.08621886074455457
0.08617249474588301
0.08612637476364254
0.08608069324344489
0.08603563356323143
0.0859913680044733
0.08594806135887713
0.08590586788639779
0.0858649331558397
0.08582539404402048
0.08578737853142984
0.08575100656066062
0.08571638942237705
0.0856836304336703
0.08565282469129887
0.08562405948620054
0.08559741418357933
0.08557296034491924
0.08555076185161875
0.08553087493840182
0.0855133482241981
0.085498222761272
0.08548553207338422
0.08547530217356794
0.08546755157224424
0.08546229127849726
0.08545952479242433
0.08545924808840949
0.0854614495860222
0.08546611011212732
0.0854732028521956
0.08548269329348643
0.08549453916003391
0.08550869033394051
0.08552508875404494
0.08554366830735652
0.08556435475576402
0.08558706559134227
0.0856117098619866
0.0856381880889932
0.08566639211389757
0.08569620480214446
0.08572749995824507
0.08576014221066289
0.08579398655971482
0.08582887841665955
0.08586465313570014
0.08590113599518455
0.08593814150175387
0.08597547265458019
0.08638294782915937
0.0863343020511273
0.08628592541256672
0.08623801353785764
0.08619075208494412
0.0861443146280737
0.0860988679658406
0.08605456790575608
0.08601156143047137
0.08596998669900242
0.08592997289575044
0.08589164097128688
0.08585510323141357
0.08582046378643955
0.08578781855464981
0.08575725545187542
0.08572885440887039
0.08570268752308528
0.0856788190891049
0.0856573056595796
0.08563819612529072
0.08562153175217999
0.08560734620549633
0.08559566557584206
0.08558650839728123
0.08557988565334271
0.08557580077222421
0.08557424961365842
0.08557522044404303
0.08557869390325658
0.08558464296137999
0.08559303286378658
0.08560382106291911
0.08561695713985232
0.08563238272682132
0.08565003142076855
0.08566982867001632
0.08569169159992127
0.08571552894541609
0.08574124095805888
0.08576871913768278
0.08579784607604077
0.08582849537625463
0.0858605313836791
0.08589380904120539
0.0859281734120844
0.08596346038336097
0.08599949460286382
0.08603609096518974
0.08607305445922232
0.086563377921859
0.08651224826430588
0.08646141133299129
0.08641106467528831
0.08636139771801889
0.08631258516649998
0.08626479632972212
0.08621818899897588
0.08617291184367383
0.08612910457049025
0.08608689786623547
0.08604641383363959
0.08600776599911672
0.08597105949383874
0.08593639112204361
0.08590384958082276
0.08587351554992179
0.08584546169049359
0.0858197527923335
0.08579644585248125
0.0857755901075623
0.08575722707868488
0.0857413906214764
0.08572810695708184
0.08571739468985445
0.085709264816789
0.08570372072895982
0.08570075820408034
0.08570036538652624
0.08570252275774695
0.08570720309611718
0.08571437142680988
0.08572398496382522
0.0857359930417039
0.0857503370274855
0.08576695021380179
0.08578575774403438
0.08580667649272786
0.08582961491517692
0.0858544729384021
0.0858811418542677
0.08590950402153202
0.08593943279908425
0.08597079245569757
0.08600343772732047
0.08603721376065125
0.08607195647649214
0.0861074903465101
0.08614363117304105
0.08618018302378709
0.08675925766000722
0.08670547556945231
0.08665200523148678
0.08659904765961421
0.08654679807137357
0.08649543136524393
0.08644512058651879
0.08639602590599797
0.08634829823698893
0.08630207916686597
0.08625750130980321
0.08621468813936987
0.0861737547950524
0.08613480758077745
0.08609794445295885
0.08606325512292301
0.08603082111862742
0.08600071585369957
0.08597300479314071
0.08594774547026054
0.08592498755974065
0.08590477294990045
0.08588713578345208
0.08587210248803426
0.08585969180373355
0.08584991480212856
0.08584277489343155
0.0858382678240657
0.0858363816629184
0.08583709677767366
0.08584038580076991
0.08584621358431394
0.08585453714137195
0.08586530557775057
0.08587846001977492
0.0858939335348406
0.0859116510354127
0.08593152911521616
0.0859534759721838
0.08597739136112684
0.08600316631952479
0.0860306830159078
0.08605981470507884
0.08609042548151713
0.08612237011511134
0.08615549378210796
0.08618963253641945
0.08622461054236435
0.08626024430824616
0.08629633870686634
0.08696963635985072
0.08691307140790536
0.08685683058070698
0.0868011187868415
0.08674613910559936
0.0866920666532117
0.08663907929055516
0.0865873404137577
0.08653700374814387
0.0864882133863282
0.08644110428699432
0.08639580180322556
0.08635242304799286
0.08631107582746933
0.08627185962356262
0.08623486536705291
0.08620017571332075
0.08616786508114205
0.08613799976355634
0.08611063800575336
0.08608583010269824
0.08606361845106911
0.08604403759617199
0.08602711428135296
0.08601286748493371
0.08600130844429948
0.08599244066960016
0.08598625994937945
0.08598275434347671
0.08598190416612661
0.08598368195758091
0.08598805244512672
0.08599497249468167
0.08600439105033626
0.08601624905609981
0.08603047936543348
0.08604700667692944
0.08606574741750145
0.0860866095849259
0.08610949271159851
0.08613428770043005
0.08616087659877059
0.08618913249553953
0.08621891950614502
0.08625009232488234
0.08628249632006232
0.08631596760431762
0.08635033016881451
0.0863854018499526
0.08642098729836337
0.08719349902755438
0.08713406758954506
0.08707496012219715
0.08701638969564049
0.08695856508426483
0.08690166626058768
0.08684587618337009
0.08679136236632232
0.08673828221211288
0.08668678310125402
0.08663700293690221
0.08658906965839529
0.08654310276920665
0.08649921212436985
0.0864574991116572
0.08641805625403517
0.08638096770266886
0.08634630914188808
0.08631414796182779
0.08628454338416178
0.08625754652896069
0.08623320047949365
0.08621154035683247
0.08619259337747565
0.08617637889425114
0.08616290843102246
0.0861521857065286
0.08614420664933115
0.08613895939926286
0.08613642429939743
0.08613657387414217
0.08613937279762747
0.08614477784808466
0.0861527378539845
0.08616319363273481
0.08617607791168265
0.08619131524118454
0.08620882187393515
0.08622850565973918
0.08625026604266937
0.08627399374640757
0.08629957076803972
0.0863268701329875
0.08635575591008972
0.08638608289741166
0.08641769647388464
0.0864504327136264
0.08648411635895734
0.08651856607770239
0.08655358606299005
0.08742976469914665
0.0873674350081292
0.08730541503485725
0.08724392598581851
0.08718317776863671
0.08712336706512858
0.08706468009169357
0.08700728979937566
0.08695135846503432
0.08689703776889743
0.08684446937140829
0.08679378463897355
0.08674510600925159
0.08669854608130884
0.08665420864622807
0.08661218835086709
0.0865725712635857
0.08653543471817446
0.08650084757529353
0.08646887033615491
0.0864395552128698
0.0864129462319053
0.08638907931915882
0.08636798236168003
0.08634967526371856
0.08633416999498894
0.08632147062627638
0.08631157335439826
0.08630446651480303
0.08630013058173003
0.08629853815746023
0.08629965394892561
0.08630343473182195
0.08630982930159545
0.08631877841065067
0.08633021469925442
0.08634406263620352
0.0863602384097593
0.08637864974351524
0.08639919599933932
0.08642176784598707
0.08644624725627319
0.08647250718056361
0.08650041178780261
0.08652981589416193
0.08656056508928966
0.0865924954355842
0.08662543314662652
0.08665919496621163
0.08669358772215904
0.08767726536696471
0.08761206973909796
0.08754714102795758
0.08748273067910764
0.08741902440455111
0.08735625812539843
0.08729461715364528
0.08723428217791096
0.08717542208460714
0.08711819453241593
0.08706274637032477
0.08700921358174032
0.08695772217261982
0.08690838797285524
0.08686131749878029
0.08681660798879598
0.08677434800317793
0.08673461720158182
0.08669748652785818
0.08666301824755754
0.08663126605585988
0.08660227523942046
0.0865760827968087
0.08655271753054583
0.08653220012321204
0.08651454319541041
0.08649975135282378
0.08648782122389694
0.08647874148575194
0.08647249287609926
0.08646904819366838
0.08646837228389448
0.08647042201342812
0.08647514623177946
0.08648248572058284
0.086492373122059
0.08650473287127003
0.08651948113250593
0.08653652561110085
0.08655576564917523
0.08657709183966411
0.08660038626499808
0.08662552179921296
0.08665236272888363
0.08668076399735843
0.08671057133083687
0.08674162120227824
0.08677374239848284
0.08680674452490314
0.08684044284381273
0.08793474181151438
0.08786679035608183
0.08779901582424637
0.08773174143145765
0.08766510993715057
0.08759939018152196
0.08753478390761066
0.08747147756912893
0.08740964883282651
0.08734946245768087
0.08729107152978449
0.08723461794533899
0.08718023285171461
0.08712803719599713
0.087078141805873
0.08703064766358391
0.08698564639768278
0.08694322029800661
0.08690344263982161
0.08686637783082082
0.08683208150657262
0.08680060063670325
0.0867719736387014
0.08674623052818028
0.08672339304761272
0.08670347474285771
0.08668648100346743
0.08667240910058754
0.08666124823035101
0.08665297955239742
0.08664757621179553
0.08664500333454025
0.08664521800495067
0.08664816923186966
0.08665379790911877
0.08666203676557696
0.08667281030147793
0.08668603472862077
0.08670161776842748
0.08671945883120402
0.08673944851914224
0.08676146901854824
0.08678539320768228
0.08681108551601363
0.086838401015164
0.08686718564312687
0.08689727604123554
0.08692850098242322
0.08696066959901788
0.0869936031992006
0.08820082374188797
0.08813031954233577
0.08805983747397697
0.0879898332871496
0.08792036407569631
0.0878517532692259
0.08778421402728034
0.08771795060660297
0.08765315041228297
0.08758998778485208
0.08752862426323352
0.08746920937114394
0.08741188058667546
0.0873567648957338
0.08730397821109459
0.08725362612848803
0.087205804400864
0.08716059895833539
0.08711808625553616
0.08707833344942371
0.08704139861431223
0.08700733089229389
0.08697617064303782
0.086947949579806
0.08692269088633697
0.08690040932002853
0.08688111130073581
0.08686479498524433
0.08685145032506114
0.08684105911757564
0.08683359504743933
0.08682902370699233
0.08682730257838961
0.08682838098463799
0.08683220002626701
0.08683869253346235
0.08684778304114629
0.08685938780828914
0.08687341463715545
0.08688976307104532
0.08690832394260392
0.08692897978398476
0.08695160354828341
0.08697605996472427
0.08700220411446545
0.08702988204772226
0.08705893055060998
0.0870891773934999
0.08712043813896313
0.08715252452735783
0.0884739862448958
0.08840125032317897
0.08832835253980056
0.08825579261103467
0.08818364643492543
0.08811226738295444
0.08804189161278311
0.08797274134478772
0.08790501198694939
0.08783889833931839
0.08777457021595678
0.08771218687890525
0.08765189405532904
0.08759382648078069
0.08753810659004044
0.08748484586893962
0.08743414527610166
0.08738609537510159
0.08734077669072016
0.08729826000010851
0.08725860656646642
0.08722186833432288
0.08718808812569634
0.08715729980425141
0.08712952842713564
0.08710479037561303
0.0870830934707927
0.08706443707423178
0.0870488121706125
0.08703620143396659
0.08702657927556232
0.08701991187693522
0.08701615720495806
0.08701526501051075
0.08701717680781254
0.08702182583042631
0.08702913696923101
0.08703902677250802
0.08705140328209773
0.08706616614793952
0.087083206432325
0.08710240703310701
0.0871236412418614
0.0871467742130923
0.08717166108150179
0.08719814739252083
0.08722606906363327
0.08725525313686747
0.08728552659831931
0.08731666863252094
0.08875252730356219
0.08867805494468371
0.08860317829368781
0.08852826501509357
0.08845374043743713
0.08837977373236597
0.08830672712048265
0.08823481494748153
0.0881642681200466
0.08809527137730658
0.08802803079043026
0.08796271150210233
0.08789946997773568
0.08783845082121075
0.08777978481959742
0.08772359096667018
0.08766997685634159
0.08761903893744544
0.08757086292622904
0.08752552420724391
0.0874830881087578
0.08744361016080801
0.0874071363375252
0.08737370327063508
0.08734333843664566
0.08731606032593578
0.08729187859329876
0.08727079418887768
0.08725279946956621
0.08723787829137697
0.0872260060817463
0.08721714989320806
0.08721126843769123
0.0872083121014435
0.08720822294353192
0.0872109346787434
0.08721637263236984
0.08722445371627495
0.08723508632721469
0.08724817026606106
0.08726359671755732
0.08728124839753351
0.08730099845728853
0.08732271202200961
0.0873462446151698
0.08737144271037428
0.08739814338552337
0.08742617461060433
0.08745535591419507
0.08748548161601902
0.08903448288867213
0.08895891601651645
0.08888266420001642
0.08880590261389842
0.08872921548076507
0.08865302437615283
0.08857751840027792
0.08850309985756591
0.08842985788511507
0.08835813540448659
0.08828807757783759
0.08821990192865858
0.08815376869795079
0.08808983559581224
0.08802824414735458
0.08796912290081169
0.08791258785876754
0.0878587429410348
0.08780768044026968
0.08775948158915511
0.08771421686765793
0.08767194636108536
0.08763272005252058
0.08759657809841437
0.08756355106651398
0.08753366015179134
0.08750691737036345
0.08748332572983436
0.08746287937601363
0.08744556371724937
0.08743135552565609
0.08742022301752868
0.08741212590991654
0.08740701545712118
0.08740483446646768
0.08740551729662951
0.08740898983385506
0.08741516946019764
0.08742396504046011
0.08743527664350047
0.08744899589951069
0.08746500564100396
0.08748317944715757
0.0875033825267971
0.08752547065896817
0.0875492906748245
0.08757468015117398
0.08760146703762242
0.08762947207698915
0.0876585146222088
0.08931748977746536
0.08924181651539746
0.08916496902902574
0.0890868675299448
0.08900866145420322
0.08893057717951425
0.08885310069580696
0.0887763101192133
0.08870067091158129
0.08862641541309747
0.08855374351883022
0.08848281819092299
0.0884139042223525
0.08834713889084703
0.08828268195480596
0.08822067444582657
0.08816124276283117
0.08810450032618214
0.08805054771120205
0.08799947357826465
0.08795135493392961
0.0879062576421695
0.08786423675507743
0.08782533689643954
0.08778959254728189
0.08775702833306824
0.08772765927602963
0.08770149101125177
0.08767851997976933
0.08765873359284118
0.08764211036836583
0.08762862004090516
0.08761822364752087
0.0876108735882378
0.08760651366379621
0.08760507909158691
0.0876064965036951
0.08761068391313688
0.08761755077319533
0.08762699759684947
0.08763891647438682
0.08765319040896957
0.08766969366083041
0.08768829130887987
0.08770883958325486
0.08773118545558992
0.0877551677500076
0.08778060935044377
0.08780734035572593
0.08783517946270944
0.08959856812635923
0.08952426360124463
0.08944790373059863
0.08936940604204048
0.08929030496056786
0.08921096783379032
0.08913181601088468
0.08905320414952386
0.08897552528702604
0.08889899821336561
0.08882388455178868
0.08875039977750068
0.08867892644731087
0.0886094883982721
0.08854228053578889
0.0884774779844372
0.08841520322092655
0.08835559611725397
0.08829877207634157
0.08824482939278125
0.08819385245383433
0.08814591373059757
0.0881010743914635
0.08805938448346817
0.08802088313418219
0.08798559908146808
0.08795355105071545
0.08792474798780242
0.08789918924438744
0.08787686478419686
0.08785775535852666
0.0878418326557878
0.08782905941536122
0.08781938951649491
0.08781276805196907
0.0878091313499838
0.08780840701345687
0.08781051387939798
0.08781536210193977
0.08782285290360184
0.08783287877260021
0.08784532308767529
0.0878600608864438
0.0878769570072197
0.08789586831805452
0.08791664304919256
0.08793911000685156
0.08796311674835251
0.08798846822999407
0.08801498086512145
0.08987320265222996
0.08980327091502671
0.08972903480516461
0.08965126531707687
0.08957216975981686
0.08949228021800804
0.08941211054543344
0.08933212200086307
0.08925329610419344
0.08917482174022123
0.08909639014017567
0.08901991615823618
0.08894604243791701
0.0888747163794823
0.08880539602284225
0.08873830625992052
0.08867347279096041
0.08861114588481882
0.08855155802944284
0.0884948096790313
0.08844101319185042
0.08839025321764765
0.08834260056921608
0.08829811229857557
0.08825683381709613
0.08821879982959699
0.0881840344990035
0.08815255133205377
0.0881243533224216
0.08809943371458845
0.08807777610159476
0.08805935436526706
0.0880441337704447
0.0880320702909578
0.08802311004424129
0.08801719105933489
0.08801424217822829
0.08801418328586948
0.0880169253798691
0.08802237063054963
0.08803041190699998
0.08804093336062971
0.088053810574985
0.08806890840772695
0.08808608487529893
0.08810517958126601
0.08812604764468371
0.08814850383373948
0.08817237219718127
0.08819746399498125
0.09012974468864855
0.09007467728153808
0.09000524473268362
0.08992970056727144
0.08985147644014155
0.08977346934176189
0.08968944320195787
0.08960226012307973
0.08952621889265368
0.0894519163555396
0.0893742060040171
0.08929616606645385
0.08921980684351632
0.08914543009075056
0.08907330120306414
0.08900321881861953
0.08893564383115263
0.08887056702849687
0.08880825969562825
0.08874879050663406
0.08869218726359829
0.08863863080165767
0.0885881843925028
0.08854090338413523
0.0884968442769144
0.08845604784789346
0.08841854351811906
0.08838434979776742
0.08835347429536058
0.08832591413368625
0.08830165579474869
0.08828067656681947
0.08826294917528182
0.08824843368409606
0.08823706340346213
0.08822877873075521
0.08822352943543064
0.0882212251345941
0.08822177585599436
0.0882250881741132
0.08823105494276166
0.08823956120541522
0.08825048267334495
0.08826368521850583
0.08827902316330483
0.08829634964748431
0.08831550077991705
0.08833630582389729
0.08835858267252486
0.08838212994718789
0.09038450020705752
0.09033166071796739
0.09027221752985656
0.0902025525240469
0.09011484808102248
0.09003482842133086
0.08997436525047628
0.08989321541103627
0.08981083527312694
0.08973011067656278
0.0896500026947287
0.08957089402488014
0.08949311269218341
0.08941693483899943
0.08934260827488483
0.08927035909558173
0.08920035357187767
0.08913293543720899
0.08906799297348761
0.08900584391244588
0.08894659566724461
0.08889029778345947
0.08883714456470126
0.08878712822429541
0.0887403006660579
0.08869674544420159
0.08865649983814905
0.08861958283286944
0.08858600710240512
0.08855577508390577
0.08852887810424254
0.08850529701405865
0.08848500239234405
0.08846795095887205
0.08845408576235625
0.08844339015564945
0.08843585751391782
0.08843125420979374
0.08842945454801374
0.08843055623823998
0.08843436413919657
0.08844076061325912
0.08844963120244873
0.08846084294660496
0.08847424292306191
0.08848968420557266
0.0885069979261297
0.0885260497936092
0.08854666098298321
0.088568575996225
0.09076151197489363
0.09053286618837812
0.09052287633157469
0.09043356736011944
0.09040235158951906
0.09032620825575954
0.09024678622076457
0.09016725414963238
0.09008685287264642
0.09000616060932318
0.08992564462318609
0.0898457254998239
0.08976677857383779
0.08968914006370596
0.08961310567692837
0.08953893928223805
0.08946687767175442
0.08939713049414251
0.0893298758502285
0.08926524555720694
0.08920350611573927
0.08914466223367565
0.08908877570353681
0.08903606571055005
0.08898654838541578
0.08894026708164932
0.08889729979448643
0.08885767032242249
0.08882138980789539
0.08878847047985344
0.08875891160588326
0.08873269751031895
0.08870980153531374
0.08869018749664472
0.0886738090538191
0.08866061050975055
0.08865051556214998
0.08864338463431015
0.08863934112819989
0.08863859662105504
0.08864008374738325
0.08864403849034226
0.08865082193621338
0.08865994159634152
0.08867134595378773
0.08868481402490937
0.08870018302945631
0.08871733413381494
0.08873609952954678
0.0887562308625509
0.09091056208997106
0.09085182357125401
0.09066854676026573
0.09071163486520212
0.09065790522834652
0.0905877175633846
0.09051368050739914
0.09043696973276935
0.09035844960187334
0.09027885034661307
0.09019878520615725
0.09011878274425811
0.09003930633706897
0.08996076063886718
0.08988349789394195
0.08980782913434801
0.08973403270641855
0.08966235120647648
0.08959300355751951
0.08952617353497275
0.08946203005939932
0.08940072342586941
0.0893423533843493
0.08928704601921403
0.08923493301015767
0.08918602588949673
0.08914037001029984
0.08909804100462956
0.08905906940902172
0.08902346598164107
0.08899123704288942
0.08896237394994537
0.08893685265316792
0.08891463926049306
0.0888956917154121
0.08887995833186975
0.08886737593724454
0.08885786766876683
0.08885134785905677
0.08884766788734186
0.08884652015657707
0.08884918338517868
0.088854548804681
0.08886058418341347
0.08886988169741203
0.08888119529888827
0.08889450026663656
0.08890967200399494
0.08892653516362176
0.08894481610282542
0.0910733018641865
0.09106577878977813
0.09109097267859985
0.09089455045920494
0.09090646341514973
0.09085779813280562
0.09077298429691004
0.09069962435245432
0.0906239538988101
0.09054636149230715
0.09046764683608984
0.09038839653823091
0.09030914253920783
0.09023035318594189
0.09015244541389351
0.09007578488544034
0.0900006988994812
0.08992747312449703
0.08985636115655854
0.0897875848952408
0.08972133990058641
0.08965779435539196
0.08959709662221521
0.08953937239274948
0.08948472626296229
0.08943324969954367
0.08938500652887524
0.08934005196519648
0.08929843023811353
0.08926016148719607
0.08922525718191793
0.08919372335280557
0.08916554980710531
0.08914070798532683
0.0891191561983245
0.08910084314003452
0.08908570791178506
0.08907367880930397
0.08906467258539334
0.08905859460481688
0.0890553375457176
0.08905479894918554
0.0890563414178831
0.08906157846701883
0.08907141777204255
0.08907864242373348
0.08908987736447224
0.08910283416782498
0.08911755052705221
0.08913377786596954
0.09121357842053944
0.09120199592212383
0.09123531246025146
0.09123397466453317
0.09096961890777197
0.09105293940982123
0.09098674925286969
0.09092770498124074
0.09089561456477388
0.09081922525451518
0.09073069250229587
0.09065365933984648
0.09057500223093362
0.09049655975201354
0.09041860897565712
0.09034152150500063
0.09026565951720021
0.09019134723909941
0.09011887688452058
0.09004850738388423
0.08998046634290444
0.08991495423953236
0.08985214294838421
0.08979218213429001
0.08973519880672132
0.08968129890233126
0.08963056918450796
0.08958307897843659
0.08953888001777222
0.0894980085623718
0.08946048586312227
0.08942632022485791
0.0893955074889255
0.08936802916060943
0.08934385247764287
0.08932293236503698
0.08930521274419947
0.0892906265316948
0.08927909561477237
0.08927053005217409
0.08926482137957659
0.08926187239072278
0.08926153302623291
0.08926368637722043
0.08926735057285083
0.08927495793161337
0.08928899487758842
0.08929618278999754
0.08930895806455028
0.08932289183567271
0.09128223991334822
0.09133764842386947
0.09138610704097849
0.09138320349761424
0.09133710782288085
0.09113010087208218
0.0912192216606315
0.09116868923135431
0.09110775615733492
0.09103680835687526
0.09094964880519707
0.09091074251876796
0.0908591811296128
0.09075903235624619
0.09068180008109858
0.09060420130211988
0.0905278886397867
0.09045289613435001
0.09037947993598001
0.0903079061207443
0.09023842441719077
0.09017126055019739
0.09010661425469993
0.0900446602003811
0.08998554812129361
0.08992940538441285
0.08987633792482282
0.08982643157678963
0.0897797535203602
0.08973635354334061
0.08969626497817229
0.08965950562057239
0.0896260784845681
0.08959597276590839
0.08956916450744236
0.08954561692529944
0.08952528075039583
0.08950809507171621
0.08949398524588933
0.08948286381912599
0.08947464244740055
0.08946920330686148
0.08946642442604692
0.08946616182230989
0.08946824108233437
0.08947251735839526
0.08947706390220295
0.0894896275160629
0.08950397752706166
0.08951173768672133
0.09122827678309776
0.09137879982669428
0.09146951889033367
0.09149784121107926
0.09161239247184286
0.09145365829270935
0.09135638899572249
0.09137698808810199
0.0913297899944017
0.09127303484446822
0.09120961772018592
0.09114115142742846
0.09106969805394383
0.09097759497767458
0.09091991304144915
0.09088708530920342
0.09079306339475988
0.090711916583646
0.09063779988851192
0.09056505523887479
0.09049436091680788
0.09042582797456397
0.09035963178799797
0.09029595179625964
0.0902349536886615
0.09017678324290226
0.0901215650580082
0.09006940293959217
0.09002038078580868
0.08997456345912411
0.08993199789514914
0.0898927140648412
0.08985672598712585
0.08982403253649224
0.08979461813206883
0.08976845350600765
0.08974549605533275
0.08972568903311456
0.08970896509556975
0.08969524651671934
0.08968443731930473
0.08967643318259119
0.08967111655489418
0.0896683526021539
0.08966799144404325
0.08966985821143239
0.08967371613986894
0.08967941277350099
0.0896829186454918
0.08970735441257686
0.09103152518916387
0.09126954207702048
0.09146359392005643
0.09156380277182957
0.09160919259503035
0.09173384801198943
0.0915640228503139
0.09154651953661812
0.09152457886051432
0.09148259370003332
0.09143052421005807
0.09137137469785583
0.0913071074315496
0.09123902704804239
0.09116801244663665
0.09109577487325948
0.09101196782275477
0.09093266475132349
0.09090378714275953
0.0908376174598789
0.090747846196425
0.09067881462603498
0.09061075313815904
0.09054542163790309
0.09048270099795477
0.09042269544281972
0.09036551947915993
0.09031128075890363
0.09026007451142294
0.09021197870270323
0.09016705351420068
0.09012534179680816
0.09008686937259208
0.09005164593660603
0.09001966567222373
0.08999090777242702
0.08996533706367431
0.08994290565403544
0.08992355166099203
0.08990719980064188
0.08989376267637669
0.08988313883777654
0.08987521521401724
0.08986986410333364
0.08986694275621251
0.08986629390517223
0.0898677283167043
0.08987102321993976
0.08987584472452553
0.08988080102173279
nan
nan
0.0912865929453853
0.091631610098206
0.09162623660284984
0.09169090562342158
0.09181385014153762
0.09166536290689689
0.091678333011732
0.09166386909569701
0.09162767866079508
0.09158044501764459
0.091525789772364
0.09146555177232177
0.0914012107378287
0.09133391283867018
0.09126454633149317
0.09119380096312679
0.09112234604346131
0.09104929069001298
0.09096087703921138
0.09091646431633893
0.09088043750166043
0.09079943970502835
0.09072840409619082
0.09066720218716723
0.09060782359677486
0.09055155193396291
0.0904982593621973
0.0904480049952942
0.09040083881934945
0.09035680725222672
0.09031594365939627
0.09027826683654275
0.09024378007568168
0.09021247187583384
0.0901843157412339
0.09015927065886387
0.09013728175251685
0.09011828037429873
0.09010218428357925
0.09008889786308469
0.09007831145759429
0.09007030467938906
0.0900647396059789
0.09006145794172973
0.09006029574916231
0.09006105754264072
0.09006351080965222
0.09006733435873232
nan
nan
nan
nan
0.09162095862699213
0.09165835781046194
0.09175438841209246
0.09189128469734206
0.09175614461487071
0.0918038418066324
0.09179449180554947
0.09176440846141769
0.09172277266625414
0.0916729624392493
0.09161703428671758
0.09155657973880044
0.09149281741814766
0.09142677068174153
0.09135926361762849
0.09129098276255943
0.09122247789012601
0.09115405147930221
0.0910872726145534
0.09101256900037699
0.09094135370230887
0.09090798011091146
0.0908660850524689
0.09079500014883245
0.09073453585523096
0.09068280495127715
0.09063320304671349
0.0905867996816147
0.09054356906196531
0.09050348049830255
0.09046653490113465
0.09043271616216603
0.09040200442379054
0.09037436350938143
0.09034974433578216
0.09032808464424885
0.09030930795876849
0.09029332385586478
0.09028002816275277
0.09026930262380177
0.09026101369805986
0.09025501358952331
0.0902511410235817
0.09024921968224135
0.09024903018632091
0.09025033535937768
nan
nan
nan
nan
nan
nan
nan
nan
0.09196358703476562
0.09183606896180727
0.09191940353840668
0.09191627831069016
0.09189296069869671
0.09185731023458682
0.09181274136130918
0.09176145287703297
0.0917051353172766
0.09164514206669926
0.0915825357365381
0.09151818963613406
0.09145287075904746
0.09138722096409119
0.09132177604486787
0.09125697518370322
0.09119316709500164
0.0911306429927891
0.09107033871955585
0.09100237957411075
0.0909417919870007
0.09090980253381897
0.09087844068244695
0.09082657344418008
0.09077114875633449
0.09072707990057274
0.09068827457302671
0.09065185292110191
0.09061839843151584
0.09058809240357707
0.0905607970232628
0.09053642977144755
0.09051492385762687
0.09049619078027064
0.09048012632507155
0.09046661364637681
0.0904555268820004
0.09044671788956904
0.09044003088809122
0.09043528436372686
0.09043228835841732
0.09043082100922495
nan
nan
nan
nan
nan
nan
nan
nan
nan
0.0920293098227194
0.09190471850526127
0.09202461894337463
0.09202918310193087
0.09201311370138401
0.09198384502234572
0.09194491041562006
0.09189867838738902
0.09184675778865024
0.09179076137073869
0.09173178052841693
0.09167076031397256
0.09160850437745245
0.09154569095580137
0.09148289851331165
0.09142061948810085
0.09135927205257513
0.09129920692618633
0.0912407025619398
0.091183959266887
0.09112920961330787
0.09107730590903322
0.09102193504758252
0.09096400736113174
0.0909260095027434
0.09090487711462199
0.0908836505873656
0.09085124881544576
0.0908102074009437
0.09077284023199099
0.09074331374037573
0.09071913388894812
0.09069802583622129
0.09067925999615248
0.09066280570432639
0.0906486959254825
0.09063686130764938
0.09062716107148018
0.09061941961966369
0.09061343550136465
0.09060899541020948
nan
nan
nan
nan
nan
nan
nan
nan
nan
nan
0.0920877796162626
0.09196420031919131
0.09211976171324443
0.09213303619999974
0.09212460052041731
0.0921023993136168
0.09206915844798906
0.09202818937035441
0.09198106160325957
0.09192934607414568
0.09187424156527002
0.0918167619637594
0.09175774341923151
0.09169790644267682
0.09163785449897915
0.09157810677193623
0.09151910995121013
0.0914612437664283
0.09140482841333708
0.091350130572935
0.09129737010159711
0.09124671202920542
0.09119828780576564
0.09115208521000451
0.0911087810304166
0.09106794177957837
0.09102421937654773
0.0909773365022741
0.09094055374044438
0.090919640469831
0.09090810670476945
0.09089942250609845
0.090889692672695
0.0908771029885187
0.0908615756504689
0.09084448324414165
0.0908277760644067
0.09081292381842661
0.0908004876067714
0.09079041537150803
nan
nan
nan
nan
nan
nan
nan
nan
nan
nan
nan
nan
0.09201755200162447
0.09220578909005453
0.09222786900326527
0.09222768127018618
0.0922121595869216
0.09218534845770955
0.09214983240596566
0.09210778787695054
0.0920605807244319
0.09200958502698811
0.0919558532010526
0.09190027823368571
0.09184356711143685
0.09178638672305625
0.09172928410012743
0.09167271353435792
0.0916170714535326
0.09156269979291833
0.09150988546297537
0.09145886862273364
0.09140984741273722
0.09136298159869059
0.09131839705343968
0.09127618375065978
0.09123640511731981
0.0911990949953332
0.09116417974622962
0.0911318670741083
0.09110262033196942
0.09107581008091202
0.09104939756742772
0.09102196356867698
0.09099462282276574
0.0909704409015419
0.09095173406880958
0.09093854719461333
0.0909295892995514
0.09092348101308159
nan
nan
nan
nan
nan
nan
nan
nan
nan
nan
nan
nan
nan
nan
nan
0.09231348258960681
0.09232166693889884
0.09231348372940976
0.09229313549105068
0.09226346568566071
0.09222654403566864
0.09218412399235412
0.09213744883687
0.09208767203053381
0.09203565856294887
0.09198227555097224
0.09192813721560769
0.09187379475238094
0.09181973941473218
0.09176638854215813
0.0917141023017547
0.09166317364518278
0.09161386080155293
0.09156637369132707
0.09152088548497297
0.09147753231856265
0.09143642178624231
0.09139762806752702
0.09136120083312355
0.09132716258928897
0.09129551508709272
0.0912662288490714
0.09123926626876609
0.09121456496164859
0.09119201162143047
0.09117147755202791
0.09115288196090321
0.09113616508064593
0.09112122649076612
0.09110784173008864
nan
nan
nan
nan
nan
nan
nan
nan
nan
nan
nan
nan
nan
nan
nan
nan
nan
0.09240677827135907
0.09240597494737599
0.09239230502092505
0.09236859756136213
0.09233711247070331
0.09229959865733164
0.09225744668000825
0.09221174047305543
0.0921635793026386
0.09211364677699696
0.09206264656159382
0.09201117516918199
0.09195972970389066
0.09190874793520445
0.09185858530257732
0.09180956476440885
0.09176194716355418
0.0917159564623275
0.0916717694317015
0.0916295293068298
0.09158935516404265
0.09155131688744417
0.09151546958722118
0.09148183436600185
0.0914504038484497
0.09142115575482815
0.09139403069958037
0.09136895278714044
0.09134581900365196
0.09132451350107207
0.09130487344123922
0.09128675032417749
0.09126993398875555
nan
nan
nan
nan
nan
nan
nan
nan
nan
nan
nan
nan
nan
nan
nan
nan
nan
nan
nan
0.09248984522885624
0.09248252074880906
0.09246460283600566
0.09243884052135791
0.09240673553389245
0.09236929000180027
0.09232780948697024
0.09228350908390925
0.09223715720910747
0.09218942737178536
0.0921409298511103
0.09209217824188413
0.09204361478455955
0.09199561879188389
0.09194851661551637
0.09190258053059988
0.0918580398105989
0.09181509014739776
0.09177385952383108
0.09173449185277488
0.09169704135841397
0.09166157347811837
0.09162810000196692
0.09159661366522209
0.09156705762008083
0.09153941642488006
0.09151355809540428
0.09148938477607374
0.09146675012164356
0.09144549757715785
0.09142544981089626
nan
nan
nan
nan
nan
nan
nan
nan
nan
nan
nan
nan
nan
nan
nan
nan
nan
nan
nan
nan
0.09256179398582093
0.092563336471702
0.09255238847332439
0.09253204021661557
0.09250453844502074
0.09247141824963735
0.09243426673586133
0.09239465324040207
0.09235248520973594
0.09230798249856112
0.0922625202877016
0.09221652080108236
0.09217041972464865
0.09212460694685856
0.09207941596871033
0.09203513012588371
0.0919919866789721
0.09195019351469871
0.09190983994660959
0.09187114249128947
0.09183410616601456
0.09179881429795558
0.09176526721798839
0.09173344896041569
0.09170332650092043
0.0916747683626993
0.0916477761171604
0.09162214801784255
0.09159774856684444
0.09157440675692985
nan
nan
nan
nan
nan
nan
nan
nan
nan
nan
nan
nan
nan
nan
nan
nan
nan
nan
nan
nan
nan
nan
0.092635569106199
0.09263027990929326
0.09261564248659515
0.09259368267388693
0.09256575198969788
0.09253328141341141
0.09249721950444764
0.09245828587204954
0.09241743421583624
0.09237547486376538
0.0923321517315362
0.0922885248607602
0.0922448951183948
0.09220159209461987
0.09215890427649936
0.09211707963370533
0.09207632180196917
0.09203670791952862
0.09199852114193384
0.09196170258918333
0.09192634290145649
0.09189245610640473
0.09186000789814963
0.0918289563713035
0.09179910683487864
0.09177061658315465
0.09174308312310303
0.09171645019341282
nan
nan
nan
nan
nan
nan
nan
nan
nan
nan
nan
nan
nan
nan
nan
nan
nan
nan
nan
nan
nan
nan
nan
nan
0.09269820459238393
0.09268931317960949
0.09267272160284941
0.09264974619681322
0.09262189166933826
0.09259007079041198
0.09255513702923808
0.09251781797820738
0.09247872294610611
0.09243846428455188
0.09239742951198653
0.09235559311827024
0.09231430692540865
0.09227313049875217
0.0922325253362364
0.09219265265060933
0.09215363402691915
0.09211572991330617
0.09207889367419582
0.0920432066501284
0.09200867446495078
0.0919752504399077
0.09194288714273055
0.09191139384548039
0.0918808406362373
0.09185097124658051
nan
nan
nan
nan
nan
nan
nan
nan
nan
nan
nan
nan
nan
nan
nan
nan
nan
nan
nan
nan
nan
nan
nan
nan
nan
nan
0.09275254486868065
0.09274130616831673
0.09272337168425998
0.09270018311690104
0.09267267367487142
0.09264169029152555
0.09260795031582252
0.09257207190074275
0.09253459570958686
0.0924959896105201
0.09245680609624587
0.09241676402196047
0.09237654847458901
0.09233749199652845
0.09229825076805781
0.09225970908346853
0.09222180477952119
0.09218467292643126
0.09214832338131501
0.09211275248246784
0.09207797377548012
0.09204393629855379
0.0920102487035214
0.0919771918462567
nan
nan
nan
nan
nan
nan
nan
nan
nan
nan
nan
nan
nan
nan
nan
nan
nan
nan
nan
nan
nan
nan
nan
nan
nan
nan
nan
0.09280463873189505
0.09279878032128124
0.0927859218544836
0.09276744526771621
0.09274429946160072
0.09271731150817714
0.09268718481992516
0.09265452772784616
0.09261987378665268
0.09258369434947089
0.09254640668600578
0.0925083989159218
0.09247008141882433
0.0924302285979525
0.09239201506800725
0.09235381447534644
0.09231567734232178
0.09227793971285603
0.09224058428682683
0.09220360369683483
0.09216697127923756
0.09213055862616722
0.09209402295610941
nan
nan
nan
nan
nan
nan
nan
nan
nan
nan
nan
nan
nan
nan
nan
nan
nan
nan
nan
nan
nan
nan
nan
nan
nan
nan
nan
nan
nan
0.09284430211541947
0.09283656535991154
0.09282285306936694
0.09280412354978423
0.09278117447696917
0.09275468668883023
0.09272525235670556
0.09269339440998436
0.0926595785721365
0.09262422039353443
0.09258767526689143
0.09255029368302148
0.0925126098365899
0.09247303506356816
0.09243438579133736
0.09239619560223082
0.09235737598154908
0.09231855988598561
0.09227967626059917
0.09224061306497858
0.09220144505080755
nan
nan
nan
nan
nan
nan
nan
nan
nan
nan
nan
nan
nan
nan
nan
nan
nan
nan
nan
nan
nan
nan
nan
nan
nan
nan
nan
nan
nan
nan
nan
0.09287433613710236
0.09286546366094092
0.09285121681784828
0.09283235737853288
0.09280953443496594
0.09278331646377139
0.09275421102845101
0.0927226756892425
0.09268909781688563
0.09265388902739101
0.09261747908477662
0.09257984337034963
0.09254172933073443
0.09250069044997791
0.09246177772302869
0.0924216840928958
0.09238090883666564
0.0923394794317895
0.09229753837096516
nan
nan
nan
nan
nan
nan
nan
nan
nan
nan
nan
nan
nan
nan
nan
nan
nan
nan
nan
nan
nan
nan
nan
nan
nan
nan
nan
nan
nan
nan
nan
nan
nan
0.09289422210174456
0.09288455444254473
0.0928698546043791
0.09285073071097354
0.0928277216191822
0.09280130879604469
0.09277190482229192
0.09274004343686873
0.09270607148672763
0.09267007371551284
0.09263257548014062
0.09259377157855825
0.09255318038471241
0.09251052359333173
0.09246954828303339
0.09242605357285509
0.09238158930705442
