nan
nan
nan
nan
nan
nan
nan
nan
nan
nan
nan
nan
nan
nan
nan
nan
nan
nan
nan
nan
nan
nan
nan
nan
nan
nan
nan
nan
nan
nan
nan
nan
nan
nan
nan
nan
nan
nan
nan
nan
nan
nan
nan
nan
nan
nan
nan
nan
nan
nan
0.08559021758758786
0.08555210983107647
0.08551422096860306
0.08547671784852111
0.0854397673568095
0.08540353427672612
0.08536817130856411
0.0853338240949736
0.08530062968367413
0.08526871700389857
0.08523820693461845
0.08520921252463681
0.0851818390679134
0.08515618423348494
0.08513233817206983
0.08511038359850878
0.08509039586703998
0.08507244304485151
0.08505658596603287
0.08504287827708526
0.08503136647253114
0.08502208992075556
0.08501508087825427
0.0850103644950032
0.0850079588091032
0.08500787473119266
0.08501011601983503
0.08501467924601389
0.08502155374640387
0.0850307215676382
0.08504215739914142
0.0850558284952109
0.08507169458628547
0.08508970777764827
0.08510981243775569
0.085131945071777
0.0851560341892853
0.08518200014501706
0.08520975497835737
0.08523920224348264
0.08527023680915272
0.0853027446153691
0.08533660254693258
0.08537167799940029
0.08540782886637296
0.08544490366429086
0.08548273921461373
nan
nan
nan
0.08562000656884224
0.08558166800506549
0.08554352425067865
0.08550575241138964
0.0854685222455904
0.08543199971550614
0.08539633976873037
0.08536168943546124
0.08532818720410974
0.08529596330663071
0.0852651398728912
0.08523583111229703
0.08520814336687685
0.0851821752932263
0.08515801793937465
0.0851357548412995
0.08511546209338614
0.0850972084293469
0.08508105527514222
0.08506705680118348
0.08505525994918352
0.0850457044683873
0.08503842292970988
0.08503344073066424
0.08503077609304051
0.08503044004914649
0.08503243641885191
0.08503676177620327
0.08504340540495758
0.08505234924472582
0.0850635678258874
0.08507702819457089
0.08509268982886631
0.08511050453331623
0.08513041633569166
0.08515236136377868
0.08517626771287146
0.08520205528958544
0.08522963565761424
0.08525891186144724
0.0852897782550942
0.08532212022115432
0.0853558140822645
0.08539072670546893
0.08542671537114602
0.08546362771889648
0.08550130056941319
0.0855395602225188
0.08557822693262851
0.08561712268312448
0.08567064367276939
0.08563174773423014
0.08559302362151786
0.08555466485930358
0.08551684539174927
0.08547973184005311
0.08544348105891073
0.08540824126918535
0.08537415234013007
0.08534134567882604
0.0853099445405822
0.08528006420120546
0.08525181196200825
0.08522528735400889
0.08520058223487056
0.08517778087696457
0.08515696002918113
0.08513818901682521
0.08512152977864669
0.08510703693357169
0.0850947578138766
0.0850847324808044
0.08507699375752427
0.0850715672343602
0.08506847126453698
0.08506771695317078
0.08506930813661445
0.08507324135136979
0.08507950579129378
0.08508808325536016
0.08509894808710579
0.08511206710522595
0.085127399509946
0.08514489678842174
0.08516450262644713
0.08518615276141231
0.0852097748832209
0.08523528844954495
0.08526260456139953
0.08529162577984833
0.08532224596463003
0.08535434997833463
0.08538781361381559
0.08542250326772027
0.08545827562728858
0.08549497781085988
0.08553244615611087
0.08557050603125617
0.08560897758148286
0.08564768057482161
0.08574171755911938
0.08570191986906468
0.08566229671343459
0.08562304140488763
0.08558433081273875
0.08554633177709872
0.08550920292776806
0.08547309363885347
0.08543814503571939
0.08540448965428679
0.08537225175090282
0.0853415475602774
0.08531248527158239
0.08528516523679286
0.0852596800248521
0.08523611454677085
0.08521454616946529
0.0851950447169311
0.08517767258977199
0.08516248478910848
0.08514952895951217
0.08513884543703584
0.08513046724324852
0.085124420105732
0.08512072246232588
0.08511938544848227
0.08512041287756222
0.08512380121210689
0.08512953952359084
0.08513760944572929
0.0851479851151265
0.08516063309049769
0.08517551227804421
0.08519257385866645
0.08521176114102422
0.08523300950491136
0.08525624619857168
0.08528139027109122
0.08530835236451481
0.0853370345796921
0.08536733030839694
0.08539912392726498
0.0854322907324043
0.08546669670353405
0.08550219800234415
0.0855386413426783
0.08557586274680036
0.08561368769426331
0.0856519320600698
0.08569039555921204
0.08583269839196683
0.08579167877905161
0.08575085282926748
0.08571040314320703
0.08567050915640002
0.08563133938718326
0.08559305388280591
0.08555580330556266
0.08551972976598818
0.08548496697190736
0.08545164009250733
0.0854198662242176
0.08538975440770731
0.08536140569314463
0.08533491336762034
0.08531036291782143
0.08528783221858165
0.08526739158239112
0.08524910381510267
0.085233024231799
0.0852192007720651
0.0852076739689575
0.08519847700151997
0.0851916357036869
0.08518716855876082
0.08518508669482952
0.08518539386943072
0.08518808644395245
0.08519315334441237
0.08520057601287172
0.08521032834870418
0.08522237665392889
0.08523667954433439
0.08525318784407179
0.08527184454759504
0.08529258459957562
0.08531533488651522
0.08534001401209015
0.08536653221510988
0.08539479113814649
0.08542468372566546
0.08545609390833785
0.08548889657884684
0.08552295727067033
0.08555813176136744
0.08559426633467758
0.08563119658779386
0.08566874887532533
0.08570673735039805
0.08574495474196334
0.08594298937724926
0.08590046157776288
0.0858581377079721
0.08581620772326512
0.08577485087379284
0.08573423669255409
0.08569452700124512
0.08565587355439507
0.08561841951475879
0.08558229955642006
0.08554763992441028
0.08551455843685654
0.08548316497062723
0.08545356129244469
0.08542584126427838
0.0854000910053451
0.08537638884895304
0.08535480555418092
0.08533540424498201
0.08531824059666296
0.08530336276366532
0.08529081145460932
0.08528061998151831
0.085272814245228
0.08526741274632782
0.08526442658277898
0.08526385943392144
0.08526570753767512
0.08526995965395182
0.08527659702387473
0.08528559331167765
0.08529691453284506
0.08531051900865491
0.08532635726029003
0.08534437185883181
0.08536449744044858
0.08538666046072013
0.08541077917088884
0.08543676333206524
0.0854645142210929
0.08549392438179812
0.08552487728869757
0.08555724752830374
0.08559090016486587
0.08562569081092539
0.08566146551582544
0.08569805896253316
0.08573529740822519
0.08577299421087686
0.08581095937932516
0.08607194614210997
0.08602762997840513
0.08598353556256517
0.08593985526131775
0.08589677116094016
0.08585445268082298
0.085813064322111
0.08577275858368903
0.08573367984329217
0.08569596368471964
0.08565973739149578
0.08562511971349518
0.08559222118491264
0.08556114432216333
0.08553198364953646
0.08550482580268734
0.08547974960738819
0.0854568262738151
0.08543611926036393
0.08541768452158602
0.08540157042360456
0.08538781786581859
0.08537646026723524
0.08536752357653808
0.0853610262979582
0.0853569794852107
0.08535538672769638
0.0853562441307403
0.08535954028111356
0.0853652562094622
0.08537336534476195
0.08538383344193848
0.08539661848938268
0.0854116706864328
0.08542893229555897
0.08544833756316758
0.0854698126033516
0.08549327522934959
0.08551863486365856
0.0855457924147651
0.08557463999609438
0.08560506074786056
0.08563692893067895
0.08567010928672747
0.08570445711246977
0.08573981835144524
0.08577602736421239
0.08581291029590384
0.08585028202629376
0.0858879452179778
0.08621885850381715
0.08617249251851114
0.08612637300477016
0.08608069169602106
0.08603563280007655
0.08599136703786787
0.08594806068752017
0.08590586745633585
0.08586493297517206
0.08582539398447342
0.085787378672524
0.08575100685877354
0.0857163898816211
0.08568363097778467
0.08565282532750734
0.08562406020960978
0.08559741495100395
0.0855729611633117
0.08555076269215434
0.08553087580937263
0.08551334910245707
0.08549822363810501
0.08548553294598878
0.08547530303442717
0.08546755241517533
0.08546229209832806
0.08545952558378345
0.08545924884719124
0.08546145030787247
0.08546611079050669
0.08547320348108645
0.08548269387530322
0.08549453968514822
0.08550869078172316
0.08552508914066555
0.08554366860567766
0.08556435497245579
0.08558706569663108
0.08561170987457253
0.08563818801030829
0.08566639191120752
0.08569620439282138
0.0857274994243934
0.0857601415181965
0.08579398568231017
0.08582887702302533
0.08586465204657052
0.08590113458359387
0.0859381398472056
0.08597547148144755
0.08638294583559397
0.08633430000917779
0.08628592374671284
0.08623801247325263
0.08619075110594865
0.08614431406827422
0.08609886774400874
0.08605456799639266
0.0860115618043718
0.08596998733839772
0.08592997377092303
0.08589164202633025
0.08585510448218578
0.0858204651529276
0.08578782004827104
0.08575725704069748
0.08572885605821243
0.08570268923934427
0.0856788208311693
0.08565730742525718
0.08563819789386057
0.0856215335103016
0.08560734794689172
0.08559566728896645
0.08558651007224621
0.08557988728213363
0.08557580234687129
0.08557425112759007
0.08557522189092881
0.0855786952743288
0.08558464424549833
0.08559303405811826
0.08560382216656887
0.08561695812978032
0.08563238361037392
0.085650032169749
0.08566982928483904
0.08569169205936372
0.08571552926524315
0.08574124113003809
0.08576871912912831
0.0857978458010645
0.08582849493238465
0.08586053072451183
0.08589380814823365
0.08592817234764684
0.08596345896576182
0.08599949296826817
0.08603608911082342
0.08607305249589292
0.0865633763645443
0.08651224697967295
0.0864614105087485
0.08641106466753845
0.0863613974570254
0.08631258562674352
0.08626479721950048
0.08621819026979646
0.08617291346871443
0.08612910649424502
0.08608690014134689
0.08604641632603116
0.08600776869270625
0.08597106235908375
0.0859363941330964
0.08590385270003467
0.0858735187588269
0.08584546495449213
0.08581975608655638
0.08579644915589456
0.08577559340547769
0.08575723034363446
0.08574139384090776
0.08572811011732825
0.08571739777702346
0.08570926781855774
0.0857037236335153
0.0857007610011232
0.08570036806650602
0.08570252530990319
0.08570720550840236
0.08571437369320611
0.08572398707899728
0.08573599497795756
0.08575033878770344
0.08576695178129998
0.08578575910844885
0.08580667762683095
0.08582961584038917
0.08585447364513224
0.08588114229950662
0.08590950412387452
0.08593943266223183
0.08597079202289393
0.08600343700236118
0.0860372127300528
0.08607195517292696
0.08610748861407995
0.08614362923900118
0.08618018088764762
0.08675925788305335
0.0867054761239343
0.08665200632507342
0.08659904944758257
0.08654680014888622
0.08649543389225156
0.08644512360058955
0.08639602937455271
0.0863483021302224
0.08630208340570864
0.08625750589856473
0.08621469310901946
0.08617375996730572
0.08613481294753553
0.08609794997527886
0.08606326078676896
0.08603082687074506
0.0860007216475428
0.08597301061200877
0.08594775126842044
0.08592499331731512
0.0859047786390697
0.0858871413794432
0.08587210797256195
0.08585969715764666
0.08584992000769423
0.08584277993399798
0.08583827268500097
0.08583638633013424
0.08583710123626204
0.08584039003594626
0.08584621758743391
0.08585454090217709
0.08586530907188239
0.08587846324739623
0.08589393646816373
0.08591165366663661
0.08593153142096346
0.08595347796801056
0.0859773930315377
0.086003167633842
0.0860306838749251
0.08605981522406438
0.08609042560558561
0.08612236983187266
0.08615549315890772
0.08618963083915776
0.08622460902267483
0.08626024249539935
0.08629633624368593
0.08696964047433742
0.08691307536193092
0.08685683509702924
0.08680112696868875
0.08674614462289157
0.08669207276349548
0.08663908594743344
0.08658734759371234
0.08653701141458162
0.08648822152603285
0.08644111265683838
0.08639581068607846
0.08635243216071628
0.08631108515349445
0.08627186912415163
0.08623487500565027
0.08620018541771826
0.08616787481698449
0.08613800947149619
0.0861106476551968
0.08608583964752903
0.08606362786411849
0.0860440468430094
0.08602712333196161
0.08601287631415844
0.08600131702832808
0.0859924489856112
0.08598626797681068
0.08598276206303335
0.0859819115595328
0.08598368900879622
0.08598805914089819
0.08599497881396825
0.08600439697078201
0.08601625457643208
0.08603048445696111
0.08604701133603813
0.08606575160548878
0.08608661332309109
0.0861094959861482
0.08613429048623074
0.08616087877889533
0.08618913420065225
0.08621892067881651
0.08625009296432364
0.08628249639671684
0.0863159678377594
0.08635032910429824
0.08638540041392709
0.08642098533830916
0.0871935084034012
0.08713407789931113
0.08707496967985062
0.08701638839695919
0.08695857641802868
0.08690167810703395
0.08684588862547654
0.08679137538522652
0.08673829576702086
0.08668679719299847
0.08663701729405218
0.08658908448000083
0.08654311788334276
0.08649922745912783
0.08645751458353357
0.08641807184280674
0.08638098332599484
0.08634632472505041
0.0863141634581366
0.08628455873315329
0.08625756168778903
0.08623321539514123
0.08621155499084104
0.0861926076910212
0.08617639285127868
0.08616292199963257
0.0861521988565203
0.08614421935330194
0.08613897163188465
0.0861364360378474
0.08613658509809685
0.08613938348604612
0.08614478797659687
0.08615274740886093
0.08616320259599416
0.08617608625748326
0.08619132296593372
0.08620882894510366
0.0862285120836659
0.08625027180415701
0.08627399885813924
0.08629957506929155
0.08632687377411315
0.08635575884187807
0.08638608512106602
0.08641769798892834
0.08645043349244383
0.08648411669334535
0.08651856563455848
0.08655358493465053
0.08742978272995128
0.08736745266169385
0.08730543033757976
0.08724395253030795
0.08718319505293856
0.08712338592605101
0.08706470085009341
0.08700731177196828
0.08695138086215004
0.0868970605060889
0.08684449261136094
0.08679380828941047
0.08674512988873022
0.08669857014310263
0.08665423278655107
0.08661221253762935
0.08657259539785758
0.08653545872294861
0.08650087137108875
0.08646889386260784
0.08643957839791852
0.08641296902084614
0.08638910165350888
0.08636800419205001
0.08634969654396733
0.0863341906825228
0.08632149068191639
0.08631159274272268
0.08630448520382929
0.08630014854216365
0.08629855536147246
0.08629967036873142
0.0863034503452994
0.08630984409199788
0.08631879234837674
0.08633022777704186
0.0863440748285342
0.08636024969815306
0.08637866012970162
0.08639920544983345
0.08642177642659317
0.08644625477688675
0.08647251378717209
0.08650041745018354
0.08652982062172099
0.08656056890036098
0.08659249846056093
0.08662543495401961
0.08665919613833409
0.08669358821566725
0.08767729232060739
0.08761209777355543
0.08754716993006596
0.08748276216301086
0.08741905870164951
0.08735629192274288
0.08729464982351741
0.08723431690949537
0.08717546263224984
0.08711823610243699
0.08706277954765104
0.08700924097835819
0.08695775531847247
0.08690842777998704
0.08686135610341267
0.08681664397349126
0.08677438385439404
0.0867346529925124
0.08669752177790663
0.08666305308940844
0.08663130042512243
0.08660230897336475
0.08657611583141435
0.0865527498041294
0.08653223157384209
0.0865145737695851
0.0864997810006401
0.08648784989984934
0.08647876914933814
0.08647251948992113
0.08646907372411342
0.08646839670211418
0.08647044529406406
0.08647516834441663
0.0864825066427243
0.08649239284441941
0.08650475136918213
0.086519498383829
0.0865365416329805
0.08655578037260153
0.08657710538735301
0.08660039844983407
0.08662553274052873
0.08665237241868745
0.08668077245641634
0.08671057859055896
0.08674162727918813
0.08677375168446141
0.08680674830185778
0.0868404458477976
0.0879347922270942
0.08786684030248748
0.0877990687319981
0.08773179122244065
0.08766516016975978
0.08759944060663152
0.08753483496619255
0.08747152912391751
0.08740970085405511
0.08734951488743548
0.08729112421258499
0.08723467101715164
0.08718028597837266
0.08712809025353177
0.08707819471309916
0.08703070028384455
0.0869856984362653
0.08694327204357948
0.08690349383554555
0.08686642817641849
0.0868321312412586
0.08680064932151106
0.08677202104903994
0.08674627691206004
0.08672343829637327
0.08670351871711565
0.08668652365492283
0.08667245037057442
0.08666128807067558
0.08665301790846516
0.0866476130792618
0.08664503867779744
0.08664525172738356
0.0866482013205604
0.0866538283922487
0.08666206558493422
0.08667283742252295
0.08668606014450184
0.08670164155832966
0.08671948088339226
0.08673946894609537
0.08676148771994532
0.08678541023817515
0.08681110090711529
0.08683841479780667
0.08686719786362296
0.08689728678581679
0.08692850921995189
0.08696067954557755
0.08699361000379963
0.08820090315817353
0.08813039507246392
0.08805998013990085
0.08798990534689244
0.0879204381945686
0.08785182722280047
0.08778428967451879
0.08771802556602858
0.08765322571090964
0.08759006334130856
0.08752869993137077
0.08746928514867788
0.08741195633083368
0.08735684038722741
0.08730405328801918
0.08725370067371221
0.08720587825249337
0.08716067196712532
0.08711815828024025
0.08707840435609465
0.0870414682683977
0.08700739917445974
0.08697623744021887
0.08694801478826505
0.0869227544108811
0.08690047107526444
0.08688117120846583
0.08686485297597424
0.08685150633940147
0.08684111308996498
0.08683364696849864
0.08682907340793183
0.08682734962658112
0.086828426096589
0.08683224480023283
0.0868387357359954
0.08684782132912185
0.08685942169447165
0.08687344774047506
0.086889795365629
0.0869083532859595
0.08692900702487737
0.08695162984804318
0.08697608376911517
0.08700222515545433
0.08702990133871918
0.08705894769163153
0.08708919272761678
0.08712044729838483
0.08715253658111652
0.08847412189944238
0.08840137709328424
0.0883282255963618
0.08825589926850474
0.08818375261102546
0.08811237328707941
0.08804199802219972
0.08797283917609065
0.08790511785298072
0.08783900432539701
0.08777467616988877
0.08771229239995632
0.0876519994914204
0.08759393128089253
0.08753821064604744
0.08748494901607567
0.08743424732296463
0.08738619613568649
0.08734087599118123
0.08729835767123476
0.08725870245049619
0.0872219622794615
0.08718817999354733
0.08715738946437901
0.08712961576261719
0.08710487528047381
0.08708317584953086
0.08706451684146047
0.08704888925105164
0.08703627576250161
0.08702665079638158
0.08701998054337598
0.08701622297702263
0.08701532784448168
0.0870172366907802
0.08702188276947523
0.08702919088227415
0.08703907777476802
0.08705145177900314
0.08706621142590225
0.08708324840776259
0.08710244743047871
0.08712367507022284
0.08714679757852242
0.08717169476636875
0.08719819515910256
0.08722609414032659
0.08725526565976593
0.08728556283941696
0.08731668389396034
0.0887527211188308
0.0886781555200551
0.08860354970295999
0.08852842354272938
0.08845384618610934
0.08837992533196866
0.08830687347607283
0.08823496083521687
0.08816442168648171
0.0880954165206351
0.08802817573062005
0.08796285534993548
0.087899613570185
0.08783859328484708
0.08777992608428947
0.08772373081592648
0.08767011505771138
0.08761917526633303
0.08757099717441218
0.08752565616545793
0.0874832175826101
0.08744373696327773
0.08740726029747185
0.08737382422987836
0.08734345625237319
0.08731617486776325
0.08729198974436314
0.08727090184638889
0.08725290354352414
0.08723797870466962
0.0872261027684223
0.08721724279906276
0.08721135752095663
0.08720839733082793
0.087208304295016
0.08721101214470754
0.08721644621388
0.08722452340920853
0.08723515213389152
0.08724823226987662
0.08726365501812425
0.08728130271160142
0.08730104937859001
0.08732275920666244
0.08734628834636965
0.08737148317289697
0.08739818031366092
0.0874262115594086
0.0874553837577937
0.0874855156733342
0.0890346965685956
0.08895910952189702
0.0888828740195482
0.08880603105425273
0.08872943923828977
0.08865320086997949
0.08857775236650622
0.08850329663334368
0.0884300624136703
0.08835833436313331
0.08828827298101538
0.08822009443117938
0.08815396051613919
0.08809002566321406
0.08802843240943238
0.08796930908509142
0.08791277168445574
0.08785892414213259
0.08780785876494993
0.0877596567817086
0.08771438868863489
0.08767211458476365
0.0876328844686449
0.08759673851602423
0.08756370730912834
0.08753381206155825
0.08750706480668294
0.08748346856914978
0.087463017510828
0.0874456970565024
0.08743148399419218
0.08742034655532972
0.08741224447039042
0.08740712900701236
0.08740494298875756
0.0874056207870077
0.0874090883028123
0.08741526294761248
0.08742405353962915
0.08743536025038405
0.08744907474433017
0.08746507949906158
0.08748324878000022
0.08750344729969878
0.08752553103620583
0.08754934682458959
0.08757473225650367
0.08760151911852887
0.08762951709546765
0.08765853573899048
0.0893177779416485
0.08924195254799265
0.08916522296304774
0.0890871370102005
0.08900891484930727
0.08893088065939675
0.08885336240401505
0.08877657298295166
0.08870098407228005
0.08862670392392177
0.08855397832937961
0.0884830733367537
0.08841415656424143
0.08834738831582131
0.08828292874604808
0.08822091845121978
0.08816148343515255
0.08810473735039417
0.08805078083346685
0.08799970251522048
0.08795157939459472
0.08790647735742876
0.08786445146847498
0.08782554636979764
0.08778979656904903
0.0877572267141042
0.08772785184630677
0.08770167762235714
0.08767870050437235
0.0876589079249264
0.08764227842133801
0.08762878174619354
0.08761837895619054
0.08761102247042901
0.08760665610594118
0.08760521509717138
0.08760662609374292
0.08761080712791561
0.08761766762740675
0.08762710829342198
0.0876390209619719
0.08765328903558306
0.08766978612765805
0.08768837814625394
0.08770892087856555
0.08773126153471708
0.08775523775166041
0.08778067642300186
0.08780740199651554
0.08783522949087583
0.089598956537963
0.08952467323303592
0.0894481905111743
0.08936975904624841
0.089290651192618
0.08921131152382628
0.08913215595012614
0.08905358293746818
0.0889758470434283
0.08889926812655044
0.08882422029499781
0.08875082669136236
0.08867920414597942
0.08860979439444275
0.08854259607442452
0.08847772579899316
0.08841545512605226
0.08835587448226126
0.08829906198188353
0.0882451191724216
0.08819413800407881
0.08814619442468491
0.08810135000806812
0.0880596541095732
0.08802114583873677
0.08798585452871699
0.0879537990582745
0.08792498837840239
0.0878994218674844
0.08787708951424156
0.08785797209651611
0.08784204132530679
0.087829259967052
0.08781958191989916
0.08781295230016255
0.08780930745815753
0.08780857501623852
0.0878106738538389
0.08781551406608679
0.0878229969983803
0.08783301516599494
0.08784545202097728
0.08786018231140891
0.08787707129911804
0.08789597564890742
0.0879167429126578
0.08793920191966323
0.08796320510545308
0.08798855101998258
0.08801505923305454
0.08987373966770346
0.08980393101059178
0.08972941291758141
0.08965171957325269
0.08957261838439018
0.08949272878648326
0.08941253892992085
0.08933244303461606
0.08925337848583784
0.08917552985280053
0.08909642663146836
0.08902343627315931
0.08894448302688537
0.08887299804964953
0.08880633328173484
0.08873940219010248
0.0886741405073512
0.08861162036220646
0.08855195947066846
0.08849519490250377
0.08844139073424911
0.08839062254113075
0.08834295760327832
0.08829845573050624
0.08825716701524472
0.08821912455337255
0.08818434980585277
0.08815285703361136
0.08812464924733315
0.0880997197021783
0.08807805183398551
0.088059620396814
0.08804438958661412
0.088032315477022
0.0880233452017134
0.088017416015878
0.08801445703031596
0.08801438809560302
0.0880171203194879
0.0880225556989656
0.08803058738791986
0.08804109949843819
0.0880539673532059
0.08806905636590245
0.08808622352703735
0.08810530420490803
0.08812617023116685
0.08814861966814615
0.08817248108333606
0.08819756617070398
0.0901152100494868
0.09007462561988372
0.09000574678723808
0.0899302797402318
0.08985247815203275
0.08977197066449666
0.0896891033628596
0.08960405022011816
0.08953088491957746
0.08945198799664508
0.08937493979277417
0.08929622497178126
0.08922037305250886
0.08914594155528446
0.08907376070634894
0.08900374098463634
0.08893614410242257
0.08887111840565798
0.08880879397122535
0.08874924672205547
0.08869263759129425
0.08863908406684627
0.08858862570241707
0.08854133424521546
0.08849726357020629
0.08845645570404992
0.08841893968638215
0.0883847339717112
0.08835384626786064
0.08832627374213087
0.08830200359009382
0.08828100585698495
0.08826328488879503
0.08824873225592039
0.08823735202662449
0.08822906997929827
0.0882238045586253
0.0882214837007903
0.0882220225609231
0.08822532267801535
0.08823127771569175
0.08823977251667378
0.08825068201545512
0.08826387464437185
0.08827921338449463
0.08829651794187696
0.08831565938035897
0.08833645505452392
0.08835871533432825
0.08838227873650775
0.0903838095363855
0.09032951251609755
0.09027287354915567
0.09020264389156576
0.09011904405475038
0.09002559014194525
0.08997158436849564
0.0898923179537473
0.08981145787746378
0.08973078377225194
0.08965066334098358
0.0895715488870319
0.08949375874380006
0.08941757459373363
0.08934324000298488
0.08927097303760623
0.08920098751432042
0.08913344598598578
0.08906853880446419
0.08900642404800235
0.08894716641720704
0.08889085862099391
0.08883770753094733
0.08878765131126652
0.08874081041985887
0.08869725507452575
0.08865699233203886
0.08862006034619077
0.08858646948214483
0.08855622209267837
0.08852930995568004
0.0885057134137428
0.08848540253583168
0.08846833940026047
0.08845447536401331
0.08844363004004094
0.0884362971571888
0.08843157887704514
0.08842980794551522
0.08843086490433036
0.088434642660382
0.08844102524184874
0.08844988239319278
0.08846108257333204
0.08847445719615689
0.08848991821324736
0.08850719923208353
0.088526280730544
0.08854679351789557
0.08856871527192155
0.09057726091641691
0.09053231101465029
0.09052356379200527
0.0904200179993653
0.09040194251378927
0.09032738230999043
0.0902477862113231
0.09016809331623732
0.09008768064327774
0.09000697950433056
0.08992645502673968
0.08984652710096178
0.08976757198833221
0.08968992502016021
0.0896138812134
0.08953970434210187
0.08946763192367481
0.08939786996932339
0.08933059321603345
0.08926596289858832
0.08920417325085316
0.08914534665214736
0.08908946730654793
0.0890367198077852
0.0889871764529798
0.08894090945283965
0.08889790890938845
0.08885827157571
0.08882196381939789
0.08878901906249709
0.0887594497186289
0.08873321947680611
0.08871029677310328
0.08869065633499665
0.08867425554057809
0.08866103599923873
0.08865092231585112
0.08864379600306871
0.08863915162350641
0.0886392899089847
0.08864035188622287
0.08864441084977497
0.08865117480135382
0.08866022434652017
0.08867158828069702
0.08868505375380875
0.0887004143263513
0.08871758782978827
0.088736307535888
0.08875646897805048
0.09091747845304979
0.090864193578715
0.09062052468568398
0.09074972743392157
0.09065900634893398
0.0905890072346609
0.09051470473928121
0.09043798132544081
0.0903594865091093
0.09027985707117457
0.0901997674490563
0.09011975461843796
0.09004026980211742
0.08996171332688518
0.0898844391095939
0.08980875815559172
0.08973494881141306
0.08966325382334417
0.08959389226844211
0.08952704470896453
0.0894628854114115
0.08940155754367979
0.0893431984145113
0.08928785641727996
0.08923569112439103
0.08918678111743891
0.08914108646275958
0.08909875788151292
0.08905976370676275
0.08902414021378664
0.08899188195177793
0.08896296890213111
0.08893741984444584
0.08891520046776397
0.08889624341395447
0.08888049164933932
0.08886788476401027
0.08885834281749808
0.08885176529970898
0.08884805970763252
0.0888472213491924
0.08885008087205976
0.08885427747791316
0.08886126223366134
0.08887017877074044
0.08888155801562084
0.08889482993735301
0.08891004271326482
0.08892676980841897
0.08894507909262227
0.09107410213922987
0.0910742732716193
0.09104831932047028
0.09088859094859375
0.09092752972204732
0.09083619757667741
0.09077587906559592
0.0907015726796162
0.09062514933992805
0.0905475546857567
0.09046882786756202
0.09038956610224388
0.09031030003908208
0.09023149709886097
0.09015357564861268
0.09007690076123176
0.09000179970117735
0.08992855705416243
0.0898574283332412
0.08978863327557643
0.089722367737642
0.08965880188992241
0.08959808230153243
0.08954033451876717
0.08948566563313655
0.089434163645362
0.08938589325187885
0.08934092301994578
0.08929926536448914
0.08926099105010354
0.08922607642297836
0.08919448328538204
0.08916628181493874
0.08914144152446042
0.0891198782246028
0.08910154031395306
0.08908638109332388
0.08907433407380771
0.08906530575844951
0.08905917906614902
0.08905585801342839
0.08905530474094175
0.08905698181226301
0.08905811313157747
0.08906922533240841
0.08907955303361678
0.08909016846103048
0.0891032102684623
0.08911789273832779
0.08913410270521234
0.09121520796045368
0.09120911046478469
0.09133222397989459
0.09125715467085048
0.09096587188787664
0.09105224055269892
0.09098905349571618
0.09087819747552792
0.09094389427057525
0.09081858851921934
0.09073204485339319
0.09065499829068949
0.09057636195778387
0.09049791594883119
0.09041995236292029
0.09034284841153939
0.09026696899139519
0.09019263803920392
0.09012014766930629
0.09004975664610504
0.0899816928632848
0.08991615641353001
0.08985331967049867
0.08979333216496224
0.08973632114587216
0.08968239244195314
0.08963163336603927
0.08958411292405194
0.08953988269290832
0.08949898019823357
0.08946142555070309
0.0894272306281601
0.08939638750454665
0.08936886284466505
0.08934463565348673
0.08932367381444009
0.0893059186894918
0.08929129808684741
0.08927973485413321
0.0892711494714758
0.08926543759829206
0.08926248174151052
0.08926210772075582
0.08926420371569105
0.08926840141944276
0.08926811809636631
0.08928546224883424
0.08929749991684219
0.08930930743763674
0.08932328606020162
0.09128591223931093
0.09133553578055029
0.09138472772799149
0.09142119922518777
0.09133174475040776
0.09111621410027013
0.09122005538175446
0.0911704112604112
0.09110861989893787
0.09104145264369262
0.09092055367156208
0.09091310446490578
0.0908330515803167
0.09076545088999982
0.09068305769820097
0.09060576909375069
0.09052942984059739
0.09045441738495927
0.0903809789398544
0.09030938071156377
0.09023987320424004
0.09017268171919288
0.09010800641633532
0.09004602179451145
0.08998687761102009
0.0899307016843513
0.08987759996886543
0.08982765843046717
0.0897809444199811
0.0897375077919311
0.08969738217768913
0.08966058514420892
0.08962712030960507
0.08959697687884033
0.08957013059506003
0.08954654532581363
0.08952617195573986
0.08950894920450105
0.089494806692376
0.08948364732637193
0.0894753877764004
0.08946991519464118
0.08946710173532404
0.08946680657576003
0.0894688540115075
0.08947305853383472
0.08947804821380892
0.08948654547081351
0.08950461569468426
0.08951234603748448
0.09123228212533861
0.09138303241386389
0.09146856588340006
0.09151807829492685
0.09150495345998602
0.09146197630651104
0.09139177654902098
0.09137901204943372
0.09133171338874815
0.09127495970416741
0.09121151405836997
0.09114323598556537
0.09106925517447204
0.09098510940549939
0.09089079309188322
0.0909612172348699
0.09078692826340187
0.09071479781442146
0.09063955170122517
0.09056677595117799
0.0904960547859665
0.09042749299364325
0.09036126380901569
0.09029754932013241
0.09023651494354495
0.09017830667067628
0.09012304930218516
0.09007084678636076
0.0900217832007
0.08997592360226897
0.08993331504182092
0.08989398775455182
0.08985795581400954
0.08982521838214563
0.08979575997811831
0.08976955129363781
0.08974654978360602
0.08972669860261692
0.089709933748601
0.08969617207822364
0.08968532201520754
0.08967727758496964
0.08967192151175682
0.08966911940806749
0.08966872229816429
0.08967055211364205
0.08967437717473148
0.08967994882326205
0.08968618649066948
0.08972338943672828
0.09104344689753353
0.09128120180037902
0.09146808657800809
0.09155002767854653
0.09161194602327916
0.09173855891111855
0.09158512785436568
0.09154776579992277
0.09152687272754459
0.09148437359438855
0.09143270618518101
0.09137353144514787
0.09130923459776613
0.09124115319523837
0.09117014224157423
0.09109753239090662
0.09102196598742036
0.09086496751540027
0.09093025152357448
0.09083770624806864
0.09075240021067335
0.09068039914151588
0.09061265324980182
0.09054727953216288
0.09048451762867046
0.09042447090738975
0.09036725061593562
0.09031296607566018
0.09026171279893257
0.09021356874833136
0.09016859441233227
0.09012683281928666
0.09008831002639428
0.09005303584853243
0.09002100485100331
0.08999219616131014
0.08996657505516423
0.0899440935521855
0.08992468985646028
0.08990828887117419
0.08989480403606001
0.08988413345096177
0.08987616432824672
0.0898707690538002
0.08986780597982125
0.08986711433688396
0.08986850961946678
0.08987176861851573
0.08987658978432414
0.08988256406910662
nan
nan
0.09130497545015513
0.09162822528793538
0.09161666647374922
0.0916691206093305
0.09177784672132311
0.09169850577607282
0.09168173527138203
0.09166638693981276
0.09163015398116058
0.09158289415682733
0.09152820778160198
0.0914679508332305
0.09140359389259771
0.09133627802654828
0.09126689418598098
0.09119613961562274
0.09112399178432241
0.09104953923208409
0.09098553225902428
0.09089942951195763
0.09095120503491534
0.09079413416869483
0.0907304602679164
0.09066899818340533
0.09060983112235732
0.09055350404016517
0.09050015702719684
0.09044984907896797
0.0904026272919384
0.09035853939099947
0.09031761848554958
0.0902798839393252
0.09024533915035454
0.09021397284509622
0.09018575877375389
0.09016065616419043
0.09013861036696236
0.09011955285010094
0.0901034016238555
0.09009006117121943
0.09007942228931336
0.09007136138711516
0.0900657467330667
0.0900624211411101
0.09006121327483527
0.09006193140776322
0.09006434365417523
0.0900681310760074
nan
nan
nan
nan
0.09161538364335717
0.09163075372604476
0.09178469865939848
0.09184840163879218
0.09179812565595773
0.09180681247909261
0.0917972533051171
0.09176713787910734
0.09172541073144251
0.09167564442685522
0.09161970611584555
0.0915592355565486
0.09149546040325307
0.09142939494156657
0.09136186650645747
0.09129356065468261
0.09122502621709815
0.09115674307797342
0.09108968268105166
0.09102177108508779
0.09087953927539894
0.0909170948135937
0.0908637760356378
0.09079090463265846
0.09073680065520628
0.09068477716603547
0.09063525825915922
0.09058878761946111
0.09054550128468172
0.09050534781944175
0.09046833695391004
0.09043445220495265
0.09040367435260699
0.09037596840488304
0.09035128420800911
0.09032956057283809
0.09031072074083646
0.09029467498362125
0.09028131897498626
0.09027053413162296
0.09026218992492542
0.09025613459069412
0.0902522091460202
0.09025024782986404
0.09025000007760287
0.09025126481667106
nan
nan
nan
nan
nan
nan
nan
nan
0.09192610913944277
0.09188056682177762
0.09192251025074871
0.09191928528891191
0.0918959335022003
0.0918602624319477
0.09181569175601176
0.09176439083981261
0.09170808242957174
0.09164807198422957
0.09158541791996946
0.09152108969190217
0.09145573544744165
0.09139005119834356
0.09132456908787145
0.09125972586133771
0.09119588141394115
0.09113320241791828
0.09107125972036692
0.09100766774300542
0.09089071300129872
0.09091123644101319
0.09093585990777593
0.0908292112963055
0.09077481235466937
0.09072919993138608
0.09069046455037033
0.09065381289399667
0.09062031074198737
0.09058992922481114
0.09056256810508491
0.09053812817094946
0.09051655334442373
0.09049774802207868
0.09048161520279227
0.09046803748830598
0.09045688419540868
0.09044801429519564
0.09044126528347393
0.09043646535919547
0.0904334162179996
0.09043190316183394
nan
nan
nan
nan
nan
nan
nan
nan
nan
0.09199957365608433
0.09193910091027917
0.0920279452042572
0.09203233598943342
0.0920163178140535
0.09198703670791689
0.09194768197446028
0.09190183652043722
0.09184995257154188
0.09179395365134514
0.09173496015137023
0.09167392357539453
0.09161164385332213
0.09154879994354634
0.09148597014448526
0.09142364771710079
0.09136225009703303
0.09130212915606026
0.09124357345894452
0.09118676607048383
0.09113181737029413
0.09107934572578459
0.09103063236908276
0.09098399854012848
0.09088011238236599
0.0909185485211173
0.09095014331882187
0.09083457607198298
0.09080718832514642
0.09077559348376842
0.09074695429208157
0.09072145791202245
0.09070073845206532
0.09068071877751516
0.09066420231453132
0.09065023783769588
0.09063835381543586
0.09062857477530196
0.09062077111592709
0.09061473502862313
0.0906102442174116
nan
nan
nan
nan
nan
nan
nan
nan
nan
nan
0.0920640871583829
0.09197861959655762
0.09212278052874687
0.09213640645947019
0.0921281565080786
0.09210562273613372
0.09207258454983935
0.09203160347333979
0.09198450528594163
0.0919327923653331
0.09187768875218913
0.09182020018846784
0.09176116168643306
0.0917012914667869
0.09164120398612502
0.09158140874828291
0.09152236194858833
0.09146443656062386
0.09140795611619312
0.09135318760485825
0.0913003516077264
0.09124962005367858
0.09120111228536176
0.09115498884853926
0.0911105870414371
0.09106835818948039
0.09103326846698384
0.09098470891188828
0.0908760171122385
0.09088244854343036
0.0909078986224062
0.09092850965945957
0.09094936658991654
0.09095760842306493
0.09084423804055874
0.09083543746825065
0.09082977877659618
0.09080983155188974
0.09079339342054389
0.09078446358249469
nan
nan
nan
nan
nan
nan
nan
nan
nan
nan
nan
nan
nan
0.092209203953511
0.092231327862658
0.09223117316759759
0.09221572411795502
0.09218893869023623
0.09215351704283271
0.09211144508406757
0.09206426735141901
0.09201328226688821
0.09195954957124407
0.09190395056526485
0.09184723138675635
0.09179001227404215
0.09173286417382287
0.09167623320198809
0.09162052989400983
0.0915660887465033
0.09151319893784926
0.09146210090973969
0.09141299397856503
0.0913660381761017
0.09132136129382828
0.09127905277537822
0.09123918644797183
0.09120177199869486
0.0911668018408194
0.09113438427067089
0.0911041377279665
0.09107699566767775
0.09104854865260553
0.09103220671261901
0.09099837878694661
0.09098382520589585
0.09096776827724101
0.09086570975604882
0.09086291879740296
0.09087303026865023
nan
nan
nan
nan
nan
nan
nan
nan
nan
nan
nan
nan
nan
nan
nan
0.09231695840955462
0.0923252520708524
0.09231718905750497
0.09229688450120069
0.09226726762108664
0.09223037511878712
0.09218802238566223
0.09214136900945746
0.09209157351999375
0.0920395947225047
0.09198614346340558
0.09193200696584204
0.09187762140923172
0.0918235151673471
0.09177010175255682
0.09171774069679806
0.09166673482350432
0.09161733576514958
0.09156975726663738
0.09152417239995156
0.09148072012457426
0.09143950582936422
0.09140060741165085
0.09136407424557333
0.0913299287578356
0.09129817552708387
0.09126878476257508
0.09124172972055147
0.09121691147517846
0.09119427675534605
0.09117364529469203
0.09115515558804477
0.09113835280061014
0.09112257329439463
0.09110870522245137
nan
nan
nan
nan
nan
nan
nan
nan
nan
nan
nan
nan
nan
nan
nan
nan
nan
0.09241034737815418
0.09240969147448835
0.09239612800433131
0.09237252034535011
0.0923411142939275
0.09230370288640741
0.09226153029709791
0.09221593828570615
0.0921677099383641
0.09211777150241728
0.09206674687247945
0.09201523599545205
0.09196374070819271
0.09191269317061893
0.09186246202524967
0.09181335814453742
0.0917656505501952
0.09171956267986145
0.09167527397914027
0.09163292905592332
0.09159264488521317
0.09155449675303819
0.09151853619926953
0.09148478771621413
0.09145324121597725
0.09142388311748158
0.0913966494801114
0.09137146491534218
0.09134822646474944
0.09132681571668369
0.09130709099277119
0.09128887290137686
0.09127197223863953
nan
nan
nan
nan
nan
nan
nan
nan
nan
nan
nan
nan
nan
nan
nan
nan
nan
nan
nan
0.09249286975605378
0.0924865324464213
0.09246826321656708
0.0924426074207455
0.0924109099610153
0.09237336913216236
0.09233215726217393
0.09228783201665966
0.09224146444050113
0.09219372073190213
0.09214519289432009
0.09209639586650559
0.09204777304572109
0.09199970597437336
0.09195252205935375
0.09190649507264573
0.09186185489633847
0.09181880613721438
0.09177746303586251
0.09173796802043063
0.09170040986236384
0.09166482104211923
0.09163122883213792
0.09159962310671081
0.09156991619891924
0.09154219498220498
0.091516224715726
0.09149194065748008
0.09146920068112928
0.09144784574900473
0.0914277058957505
nan
nan
nan
nan
nan
nan
nan
nan
nan
nan
nan
nan
nan
nan
nan
nan
nan
nan
nan
nan
0.09256110865821848
0.0925684708616494
0.09255616886743803
0.09253611194852497
0.09250868347350394
0.09247642666798453
0.09243756808656971
0.09240006267961925
0.0923567591972751
0.09231241631635677
0.09226694891694659
0.09222090636800609
0.09217475223837154
0.09212887193320607
0.09208360086289508
0.09203922402051293
0.09199598188433433
0.0919540976187174
0.09191363232508185
0.09187478462160625
0.09183764549803089
0.09180222718095397
0.09176855520415958
0.0917366155017584
0.0917063718926246
0.09167769424018093
0.09165059516376398
0.09162485938292506
0.0916003593592287
0.09157691016915728
nan
nan
nan
nan
nan
nan
nan
nan
nan
nan
nan
nan
nan
nan
nan
nan
nan
nan
nan
nan
nan
nan
nan
0.09263403430838632
0.09261960330477145
0.09259775336019052
0.0925700067571353
0.0925376586108557
0.09250163029950104
0.09246284798239598
0.09242191854763131
0.09238035520600013
0.09233667630154889
0.09229297235494038
0.09224929796291924
0.09220591822994433
0.09216314326292799
0.09212122015726826
0.09208039080071664
0.09204064735976397
0.09200231701871439
0.0919653769026328
0.09192989955887587
0.09189588598586702
0.0918633174075216
0.09183214292605808
0.09180198863201092
0.09177356060734349
0.0917459253818063
0.09171919013182556
nan
nan
nan
nan
nan
nan
nan
nan
nan
nan
nan
nan
nan
nan
nan
nan
nan
nan
nan
nan
nan
nan
nan
nan
0.09270167032829124
0.09269307516481493
0.09267688497820115
0.09265390504940989
0.09262619315722048
0.09259448465154427
0.09255963092774479
0.09252235667748691
0.09248329002368083
0.0924430206713451
0.09240237818261654
0.092360341585802
0.09231868083079403
0.09227746796831765
0.09223676683077363
0.09219674650747639
0.09215768044269136
0.09211963342628023
0.09208268778022391
0.09204687767688993
0.09201221530459125
0.09197867220203106
0.09194619536901588
0.0919147615630129
0.09188394302858324
0.09185396910284219
nan
nan
nan
nan
nan
nan
nan
nan
nan
nan
nan
nan
nan
nan
nan
nan
nan
nan
nan
nan
nan
nan
nan
nan
nan
nan
0.09275589033758319
0.0927451094930595
0.09272727680220655
0.09270429057736987
0.09267693822204964
0.0926460730471921
0.09261241541898763
0.09257658709575234
0.09253913103328476
0.09250052536617753
0.09246129256230012
0.09242196154009755
0.09238152516985787
0.0923416437127786
0.09230247626161865
0.0922637819976202
0.09222579667029195
0.09218854195638676
0.09215208413404538
0.09211643297383447
0.09208136746691489
0.09204735514929559
0.09201380375882172
0.09198038278110918
nan
nan
nan
nan
nan
nan
nan
nan
nan
nan
nan
nan
nan
nan
nan
nan
nan
nan
nan
nan
nan
nan
nan
nan
nan
nan
nan
0.09280745545071042
0.09280209562023617
0.09278943196394726
0.09277121828001131
0.09274828517013811
0.09272146522545269
0.09269146494251994
0.09265889569001709
0.09262429489375643
0.09258813920359005
0.09255084673743841
0.09251282428935945
0.09247423343629987
0.09243240570710487
0.09239627891432321
0.09235792086257696
0.0923197486652956
0.0922818318586216
0.09224437969815363
0.09220729107261064
0.0921705414555375
0.09213406645823523
0.0920969590648655
nan
nan
nan
nan
nan
nan
nan
nan
nan
nan
nan
nan
nan
nan
nan
nan
nan
nan
nan
nan
nan
nan
nan
nan
nan
nan
nan
nan
nan
0.09284684734000502
0.0928395016627172
0.09282612759586917
0.09280767893061599
0.0927849585677409
0.09275865171552883
0.09272935430969538
0.0926975922274404
0.09266383560421437
0.0926285045437364
0.09259195842030025
0.09255447945856873
0.09251683036843972
0.09247669012335062
0.09243835011134893
0.09240020717368808
0.09236127231606672
0.09232235578912948
0.09228336873078366
0.09224424004593573
0.0922049420657109
nan
nan
nan
nan
nan
nan
nan
nan
nan
nan
nan
nan
nan
nan
nan
nan
nan
nan
nan
nan
nan
nan
nan
nan
nan
nan
nan
nan
nan
nan
nan
0.09287649620955568
0.09286804669894516
0.09285416396969501
0.09283560823500388
0.09281303353557946
0.09278701322570346
0.09275805830697972
0.09272662628992148
0.09269312450011061
0.09265781899712489
0.09262150020020313
0.09258389858383487
0.09254572970484383
0.09250129790399925
0.09246604550997609
0.0924254652993612
0.09238465052644063
0.09234323896266777
0.0923011262134022
nan
nan
nan
nan
nan
nan
nan
nan
nan
nan
nan
nan
nan
nan
nan
nan
nan
nan
nan
nan
nan
nan
nan
nan
nan
nan
nan
nan
nan
nan
nan
nan
nan
0.09289588678913135
0.09288668510359355
0.09287238190313346
0.09285358954746264
0.09283085287173581
0.09280465628527021
0.09277545557658895
0.09274383006768702
0.09270979628059275
0.09267384620936607
0.0926363564206478
0.09259753076496122
0.09255901832226024
0.09251532531864454
0.0924733089539434
0.092429687928583
0.09238517780579625
