0.7078333239642689
0.7080054838055716
0.7081706166572541
0.7083287074699889
0.7084797417306641
0.7086237053413438
0.7087605847603408
0.7088903667261516
0.7090130383666097
0.7091285871108255
0.7092370006583587
0.7093382669409956
0.7094323740905774
0.7095193104052726
0.7095990643211602
0.7096716243832188
0.7097369792192207
0.7097951175148731
0.7098460279932903
0.7098896993940932
0.709926120456592
0.7099552799047438
0.7099771664342014
0.7099917687010779
0.7099990753165033
0.7099990748367832
0.7099917557669241
0.7099771065503733
0.7099551155812824
0.7099257712008882
0.7098890617078826
0.7098449753663852
0.709793500417711
0.7097346250946723
0.7096683376365956
0.7095946263094879
0.7095134794264538
0.7094248853711043
0.709328832621972
0.7092253097809549
0.7091143056021632
0.708995809023207
0.7088698091967499
0.7087362955256148
0.7085952576907673
0.7084466857315052
0.7082905699582768
0.708126901161817
0.7079556705238459
0.7077768696934004
0.7078304765997915
0.708003139347232
0.7081687532938329
0.7083273035617869
0.7084787755609285
0.7086231558277485
0.7087604300118627
0.7088905853358487
0.7090136088546385
0.7091294880044996
0.7092382104943404
0.7093397642746866
0.709434137506406
0.7095213185330026
0.7096012958506641
0.7096740580841573
0.7097395939614594
0.7097978922924328
0.7098489419479517
0.7098927318407551
0.7099292509107225
0.7099584881093941
0.7099804323881114
0.7099950726898746
0.7100023979372947
0.7100023970380906
0.7099950588673041
0.7099803722770692
0.7099583260981202
0.7099289091398534
0.7098921102016297
0.7098479180788715
0.709796321576936
0.709737309524645
0.7096708707912328
0.7095969943060896
0.7095156690801893
0.7094268842315489
0.7093306290108725
0.7092268928322285
0.7091156653031645
0.7089969362595557
0.7088706958020213
0.7087369343313501
0.7085956426925274
0.7084468115698033
0.7082904331434507
0.7081264990716766
0.7079550019510827
0.7077759348348044
0.7078316380805867
0.7080050463646737
0.7081713687190813
0.7083305912255317
0.7084826997424919
0.7086276819866285
0.7087655233106829
0.70889621190286
0.7090197352171896
0.7091360811439156
0.7092452378325065
0.7093471936618799
0.7094419372169303
0.7095294572598255
0.7096097427074868
0.7096827826071483
0.7097485661157862
0.7098070824789345
0.7098583210132784
0.709902271089347
0.7099389221172389
0.7099682635333107
0.709990284789656
0.7100049753445962
0.7100123246598373
0.7100123221869659
0.7100049573798732
0.7099902196803478
0.7099680985284722
0.7099385833665915
0.7099016636448854
0.7098573288331526
0.7098055684312001
0.709746371985135
0.7096797291050816
0.7096056294844602
0.7095240629234083
0.7094350193554124
0.7093384888737109
0.709234461765825
0.7091229285433349
0.7090038799822702
0.7088773071614197
0.7087432015004458
0.7086015550160398
0.7084523590361131
0.7082956076180456
0.7081312932333919
0.7079594098984034
0.7077799518168664
0.7078367526906653
0.7080111525835653
0.7081784137561231
0.7083385238482648
0.7084914698033129
0.7086372411002201
0.7087758233483135
0.7089072062053465
0.7090313780406828
0.7091483276758062
0.7092580441592815
0.7093605167371295
0.7094557348344851
0.7095436880319624
0.7096243660473571
0.7096977587132984
0.7097638559615063
0.709822647803007
0.7098741243140076
0.7099182756204326
0.7099550918872894
0.7099845633053439
0.7100066800835494
0.7100214324398131
0.710028810599158
0.7100288047867629
0.7100214052316823
0.7100066021609398
0.7099843858085256
0.7099547464198686
0.7099176742585651
0.7098731596168588
0.7098211928300553
0.7097617642909421
0.709694864468579
0.7096204839305063
0.7095386133647708
0.7094492436095272
0.709352365679824
0.7092479708059858
0.7091360504642616
0.7090165964212891
0.7088896007736682
0.7087550559967172
0.7086129552818831
0.7084632906341554
0.7083060580034921
0.7081412506376744
0.7079688639853843
0.7077888931913003
0.7078457996550911
0.7080214401739688
0.708189873451947
0.7083510887791841
0.7085050749626891
0.7086518238611426
0.7087913219547524
0.7089235608850136
0.7090485304973335
0.7091662210510865
0.7092766229865324
0.7093797268796568
0.7094755234393102
0.7095640034871078
0.709645157943469
0.7097189778095301
0.7097854541553237
0.7098445781060674
0.709896340826616
0.7099407335114285
0.7099777473764677
0.7100073736511838
0.7100296035692826
0.7100444283646558
0.7100518392663845
0.7100518274993317
0.7100443842852506
0.7100295008406543
0.7100071683866336
0.7099773781523127
0.7099401213839014
0.709895389356755
0.7098431733887971
0.7097834648589647
0.7097162552250024
0.7096415360448197
0.7095592990016919
0.7094695359376293
0.7093722388789424
0.7092674000769039
0.7091550120423884
0.7090350675952805
0.7089075598977773
0.7087724825301419
0.7086298298459106
0.7084795946663865
0.708321774755159
0.7081563641919916
0.7079833597772794
0.7078027578565982
0.7078587858863323
0.7080359196328054
0.7082057610827736
0.7083683017168354
0.7085235327823582
0.7086714492735351
0.7088120392291788
0.7089452967920249
0.7090712138784203
0.7091897827426573
0.709300995728229
0.7094048452413215
0.7095013237452804
0.7095904237447903
0.7096721377915031
0.7097464584633029
0.7098133783471017
0.7098728900454719
0.7099249861644128
0.7099696592985613
0.710006902025288
0.7100367069051201
0.7100590664783121
0.7100739732600054
0.7100814197397788
0.7100813983764747
0.7100739016227644
0.7100589218904253
0.7100364515915514
0.7100064831297483
0.7099690089145494
0.7099240213741291
0.7098715129710185
0.7098114762186856
0.7097439036985219
0.7096687880855119
0.7095861221794457
0.7094958989344026
0.709398111483797
0.7092927531926689
0.7091798176848592
0.7090592989078359
0.7089311911501696
0.7087954891537274
0.7086521884107634
0.7085012828474186
0.7083427717669811
0.7081766502847991
0.7080029164147903
0.7078215684674487
0.7078757377101469
0.7080546221749942
0.708226111075583
0.708390199896977
0.7085468827765302
0.7086961585382546
0.7088380177240738
0.7089724574211964
0.7090994722778682
0.7092190571409067
0.709331206799769
0.7094359160312581
0.7095331795447428
0.7096229920156797
0.7097053480643933
0.7097802422779326
0.7098476691790666
0.7099076232264127
0.7099600988202116
0.7100050903051837
0.7100425919595328
0.7100725979899078
0.710095102533412
0.7101100996631429
0.7101175833935149
0.7101175476644632
0.71010998640216
0.7100948934386873
0.7100722625909641
0.7100420876419856
0.7100043623589466
0.7099590805049685
0.7099062358536232
0.7098458222061045
0.7097778334159858
0.7097022634208794
0.709619106269342
0.7095283561405806
0.7094300073840405
0.7093240545856891
0.7092104925719859
0.7090893164983574
0.7089605218654652
0.708824104626999
0.7086800614203395
0.7085283876890551
0.7083690837357908
0.7082021461007245
0.7080275741180657
0.7078453681375341
0.7078966929865294
0.7080775904024893
0.7082509707488858
0.7084168341760102
0.7085751789085186
0.7087260079839899
0.7088693156994454
0.7090051024820947
0.70913336645411
0.7092541056800155
0.7093673179838325
0.7094730011045389
0.7095711525148735
0.709661769572617
0.7097448494656301
0.7098203892331343
0.709888385749346
0.7099488357643591
0.7100017358734885
0.7100470825172949
0.7100848720055588
0.7101151005223811
0.7101377641265461
0.7101528587478333
0.7101603802025549
0.8292860417792471
0.7101526863252148
0.7101374621283163
0.7101146470397933
0.710084236436904
0.7100462256429123
0.7100006099409772
0.7099473845940549
0.7098865448710978
0.7098180860721388
0.7097420035439189
0.709658292709348
0.7095669491112533
0.7094679684477588
0.7093613466275798
0.7092470797895997
0.709125164398847
0.7089955972478179
0.708858375596199
0.7087134972577941
0.7085609596505253
0.708400763259343
0.7082329068775861
0.7080573912011091
0.7078742176952715
0.707921689446604
0.7081048685791125
0.708280390369716
0.7084482601056996
0.7086084808831827
0.708761061014739
0.7089059994336364
0.7090433006230583
0.7091729668851808
0.7092950002089131
0.7094094021077212
0.7095161738881811
0.7096153163768049
0.7097068301793135
0.7097907155245076
0.7098669724322304
0.7099356006123756
0.7099965994944055
0.7100499682724934
0.7100957059159541
0.7101338111518699
0.7101642824753842
0.7101871181725745
0.7102023163400764
0.7102098748949981
0.829075417443664
0.7102020639509985
0.7101866894991656
0.7101636655052559
0.7101329891648316
0.7100946575731892
0.7100486677483882
0.7099950166516478
0.7099337012042949
0.7098647183030069
0.7097880648556858
0.7097037378372821
0.7096117343079981
0.7095120514296376
0.7094046865680845
0.7092896373010503
0.7091669015114866
0.709036477382389
0.7088983635918528
0.7087525592568529
0.7085990639754137
0.7084378778489435
0.7082690029522116
0.7080924407370303
0.7079081940419882
0.707950750443713
0.7081364907912614
0.7083144123537121
0.7084845275080438
0.7086468443936991
0.7088013788891753
0.7089481346406965
0.7090871212555069
0.709218346029601
0.7093418156393496
0.7094575360059374
0.70956551268563
0.7096657505034415
0.7097582538809563
0.7098430267109842
0.7099200724891916
0.7099893942279696
0.7100509945733617
0.7101048757817081
0.7101510397092788
0.7101894878725554
0.7102202214756674
0.7102432414146538
0.710258548286014
0.7102661424107317
0.8288402286919339
0.7102581924425739
0.7102426478264136
0.7102193894246862
0.7101884164970401
0.7101497281464453
0.7101033233381897
0.7100492009170569
0.709987359638387
0.7099177982053101
0.7098405152981601
0.7097555095981722
0.709662779811328
0.7095623247319512
0.7094541433442184
0.7093382347738914
0.7092145984588418
0.709083234108012
0.7089441419037974
0.7087973224983561
0.7086427774202376
0.7084805069159821
0.7083105164132182
0.7081328079009235
0.7079473864782141
0.7079838724649732
0.708172466770949
0.7083530587000327
0.7085256691241384
0.708690310130333
0.7088470104793037
0.7089957768079004
0.709136625500495
0.7092695697597081
0.7093946218137726
0.7095117928323995
0.7096210933398611
0.7097225328828338
0.7098161203955387
0.7099018640114515
0.7099797712866913
0.71004984916167
0.7101121039520839
0.7101665414118737
0.7102131668044803
0.7102519849066598
0.7102830000080798
0.7103062159515006
0.7103216361798872
0.7103292637670628
0.828581470364258
0.7103211515361233
0.7103054162473457
0.7102818973470492
0.7102505964091779
0.7102115147791219
0.7101646536041816
0.7101100138604295
0.7100475963772473
0.7099774018544618
0.7098994308891667
0.7098136840518494
0.7097201619225917
0.7096188650804967
0.7095097942517374
0.7093929502975396
0.709268334351169
0.7091359477627777
0.7089957923969612
0.7088478705367892
0.7086921854381028
0.7085287385112624
0.7083575380699602
0.70817858683646
0.7079918918962469
0.7080210063528137
0.7082127669311178
0.7083963164358994
0.7085716877683996
0.7087388922157847
0.7088979807815928
0.7090489604882827
0.7091918561097654
0.7093266878971249
0.7094534745971032
0.7095722336203312
0.7096829812249372
0.7097857325834145
0.7098805018201313
0.7099673020287616
0.7100461455223909
0.7101170437071999
0.7101800071421687
0.7102350457006054
0.710282168522399
0.7103213840397787
0.7103527000648598
0.7103761238416622
0.7103916620683179
0.710399320928861
0.8283001703900323
0.7103910228664884
0.710375076125186
0.7103512703542638
0.7103196097241018
0.7102800980967247
0.7102327390500394
0.710177535905607
0.7101144917617139
0.7100436095420074
0.7099648920265871
0.7098783418862807
0.7097839617049425
0.7096817540323503
0.7095717215704298
0.7094538670344089
0.7093281934305264
0.709194703926265
0.7090534021864133
0.7089042923060993
0.708747379209649
0.7085826660104632
0.7084101642781576
0.7082298767332609
0.708041813240025
0.7080620380607828
0.7082573035404006
0.7084441212060715
0.7086225404918703
0.7087925650524636
0.7089542780994154
0.7091076872680993
0.7092528263031441
0.7093897237558651
0.7095184060905737
0.7096388980497339
0.7097512225911866
0.7098554014991462
0.7099514548737212
0.7100394016485121
0.7101192595543577
0.7101910451699487
0.7102547740068027
0.7103104605835899
0.7103581184245834
0.7103977601971788
0.7104293977639962
0.7104530421976681
0.7104687038355272
0.8279742650198009
0.8279973831039884
0.8280151186555971
0.7104517069730757
0.7104275881801065
0.71039553634592
0.7103555581200531
0.7103076597840868
0.7102518472878947
0.7101881262777523
0.7101165021218636
0.710036979950164
0.7099495647434501
0.709854261373676
0.7097510745503172
0.7096400090869505
0.7095210697909584
0.7093942617269369
0.7092595900173695
0.7091170603518762
0.7089666787612642
0.7088084519955792
0.7086423846497116
0.7084684934777687
0.708286779160465
0.7080972556387835
0.708106763465409
0.7083059105464764
0.7084963375547007
0.7086781152534435
0.708851245545426
0.7090158392045842
0.7091719122671454
0.7093195072428703
0.7094586625429257
0.7095894137897909
0.7097117943388843
0.7098258350596791
0.709931565417889
0.7100290125024382
0.7101182020095076
0.7101991579039413
0.7102719027935522
0.7103364578128728
0.7103928427681497
0.7104410762702975
0.7104811758130041
0.7105131577866171
0.7105370375661643
0.7105528296160415
0.7105605475626557
0.827674183122982
0.8276956285754309
0.7105353814174172
0.71051092427288
0.7104784504821682
0.7104379697924271
0.7103894914694562
0.710333024343294
0.7102685768527686
0.7101961570959747
0.7101157728551792
0.7100274316428183
0.7099311407800926
0.709826907381147
0.7097147386439937
0.7095946416016896
0.7094666236170155
0.7093306919716403
0.7091868545437764
0.709035119541551
0.7088754957162475
0.708707990060594
0.7085326233623797
0.7083493943346812
0.7081583225933885
0.7081548600530541
0.7083583136272767
0.7085527386761294
0.7087382012170599
0.7089147712522625
0.709082532606671
0.7092415288556462
0.7093918140066433
0.7095334383792482
0.7096664485571085
0.7097908880721853
0.7099067971899439
0.710014214311649
0.710113174727762
0.7102037119511159
0.7102858572068996
0.7103596400391868
0.7104250880016083
0.7104822270221647
0.7105310815158052
0.7105716743933741
0.7106040271752259
0.7106281601437798
0.7106440924281914
0.8273006494427629
0.8273316599887164
0.8273570587330961
0.7106261610334215
0.7106013417637221
0.7105684166586204
0.7105273988969005
0.7104783010607192
0.7104211351825562
0.7103559127846074
0.7102826449311119
0.7102013422872344
0.7101120151941746
0.7100146737308257
0.7099093276018336
0.7097959865914549
0.7096746602522055
0.7095453584448796
0.7094080908052727
0.7092628676645526
0.7091096995799067
0.7089485977356995
0.7087795737849919
0.7086026439587305
0.7084178179389706
0.7082251132660194
0.7082058493710195
0.7084141057325566
0.7086129757357396
0.7088024843735775
0.7089828812892581
0.7091541386409217
0.7093163507968107
0.7094695896873364
0.7096139200485553
0.7097494016267276
0.7098760901074229
0.7099940370523595
0.710103291470899
0.7102038983983358
0.7102959004645094
0.7103793373063295
0.7104542463614053
0.7105206625511014
0.7105786188474414
0.7106281462662714
0.71066927392029
0.7107020292183912
0.710726437994945
0.7107425245975684
0.8269355997236416
0.8269709135799839
0.8270004972654788
0.8270243575248895
0.7106988884468898
0.7106654850011367
0.7106238977122371
0.7105741428111398
0.7105162358551558
0.7104501917848379
0.710376024971338
0.71029374925713
0.7102033780300371
0.7101049243849781
0.7099984009598209
0.7098838203529656
0.7097611948355798
0.709630537084627
0.7094918592923491
0.7093451744819947
0.7091904958279173
0.7090278371344126
0.7088572133338673
0.7086786305645537
0.7084921378144198
0.7082977186472896
0.7082590552624608
0.7084727062342724
0.7086765939661568
0.7088705563329176
0.7090552051287498
0.7092303265005576
0.7093960916792814
0.7095525854849349
0.7096998919319489
0.7098380870005898
0.7099672410695418
0.7100874190923883
0.710198682439279
0.7103010874585409
0.7103946874539477
0.7104795320396754
0.7105556680397652
0.7106231390771143
0.7106819861986118
0.7107322478292825
0.7107739600653447
0.7108071569803809
0.710831870724308
0.7108481316093533
0.8265532138556622
0.8265930504673731
0.8266270379524017
0.8266551817675838
0.7108035920812255
0.7107696865768884
0.7107275003563248
0.7106770537002753
0.7106183660447729
0.7105514560615352
0.7104763417381963
0.7103930404429192
0.7103015689618485
0.7102019436622067
0.7100941803813502
0.7099782948333606
0.7098543023248377
0.7097222185389154
0.7095820585562425
0.7094338383219975
0.709277573895756
0.7091132819863459
0.7089409797635045
0.7087606726782055
0.7085724354050686
0.7083762185804408
0.708313533692206
0.7085333083389864
0.7087429545923773
0.7089418680718251
0.7091311981450061
0.7093106342550044
0.7094803416812913
0.7096404423507685
0.7097910392648972
0.7099322283905797
0.7100640981386483
0.7101867297741493
0.7103001997309751
0.7104045779331765
0.7104999303905324
0.7105863183155682
0.7106637993031089
0.7107324269430559
0.7107922516349124
0.7108433205433753
0.7108856779822735
0.7109193656303276
0.7109444226660213
0.7109608859976447
0.8261546181523656
0.8261991812954773
0.8262377773447478
0.8262704099838949
0.7109154556203561
0.710881028985096
0.7108382186096018
0.7107870492678114
0.7107275447534682
0.7106597279239117
0.7105836207526138
0.7104992444204643
0.7104066194037144
0.7103057656577906
0.7101967025546589
0.7100794491221473
0.7099540241310356
0.7098204465434625
0.7096787346655744
0.7095289076639617
0.7093709847397681
0.7092049857962728
0.7090309314084904
0.7088488434890511
0.7086587594671252
0.7084606788780612
0.7083680006445909
0.7085948209649833
0.7088109831797502
0.709015539961029
0.7092101403067848
0.7093944161454514
0.7095685393667683
0.7097326691268555
0.7098869209247696
0.7100314344620609
0.710166314082352
0.7102916609228282
0.710407569803299
0.7105141268692255
0.7106114133471644
0.7106995042065067
0.7107784698155493
0.7108483754524397
0.7109092823781262
0.7109612478159106
0.7110043254434029
0.7110385656294993
0.7110640156577693
0.7110807200541422
0.8257409430561249
0.8257904191678496
0.8258338129815881
0.8258711257760685
0.8259023755846682
0.7109994908397174
0.7109560368030066
0.7109041192345882
0.7108437666147088
0.710775006329343
0.7106978647658508
0.7106123674001007
0.7105185388625317
0.710416403085452
0.7103059834163975
0.7101873024315013
0.7100603825898688
0.7099252462732544
0.7097819154757625
0.7096304128015053
0.7094707611075515
0.7093029838791087
0.7091271053251397
0.7089431499865019
0.7087511047817298
0.708551144110084
0.708420703285665
0.7086557834370266
0.7088789417354134
0.7090904004768149
0.7092910713614882
0.7094808274140658
0.7096599335418533
0.7098285823070155
0.7099869626203676
0.7101351771948236
0.7102734171812256
0.7104017903648066
0.710520414348631
0.710629394926124
0.7107288317594677
0.710818816243942
0.710899433938833
0.7109707638708621
0.7110328800444391
0.7110858514024103
0.7111297424692662
0.7111646136212884
0.7111905214604295
0.7112075192098524
0.8253133230164967
0.8253678792379541
0.8254162427044122
0.8254584115196469
0.8254944009715256
0.7111250171800233
0.7110809069966892
0.7110282220131869
0.7109669959696201
0.7108972612975393
0.7108190492343379
0.7107323899268068
0.7106373125225969
0.7105338452515833
0.7104220158082579
0.7103018508846687
0.7101733771148087
0.7100366205519726
0.7098916074448225
0.7097383638236496
0.709576916406625
0.7094072925216872
0.7092295204646909
0.709043629264266
0.7088496241338181
0.7086476749163395
0.7084692331256204
0.7087141885210713
0.7089449904463162
0.7091650811216447
0.7093727119454827
0.7095687653374542
0.7097535349776907
0.7099273388224654
0.7100903383871107
0.710242787906231
0.7103847843349167
0.7105165598604453
0.7106382306921125
0.7107499286381853
0.7108517759731772
0.7109438839158972
0.7110263562229433
0.7110992882348819
0.7111627690136513
0.7112168812505143
0.7112617021006815
0.7112973035623481
0.7113237529969426
0.7113411136055702
0.8248728977106293
0.8249326795403784
0.8249861651127514
0.8250333484099088
0.8250742411382976
0.7112575135495273
0.7112127438570468
0.7111592806522539
0.711097163518394
0.7110264304793901
0.7109471181370661
0.7108592618046247
0.7107628956376131
0.710658052665085
0.71054476520536
0.7104230645750994
0.7102929817626317
0.7101545469316484
0.710007791052248
0.709852743953127
0.7096894367221912
0.7095179008520313
0.709338168754158
0.7091502729556793
0.7089542506048925
0.7087501105480739
0.7085101101985639
0.7087675077815413
0.709007561093763
0.7092376501886055
0.7094534572952365
0.709656782821344
0.7098481367947217
0.7100277920353655
0.7101961035666988
0.7103533071463023
0.7104996456803409
0.7106352460711589
0.7107603693604583
0.7108751399804343
0.7109797124875592
0.7110742225292522
0.7111587957625728
0.7112335470052467
0.7112985831772679
0.7113540031979187
0.7113998990478089
0.7114363562995057
0.7114634548048868
0.8243493259817359
0.8244208146863272
0.824485943135604
0.8245446812660002
0.8245970178161997
0.8246429598946865
0.8246825326724607
0.7113514189477538
0.7112971770292886
0.7112341605952303
0.7111624138890763
0.711081979471315
0.7109928983608981
0.7108952102103816
0.7107889534026075
0.7106741652398982
0.7105508823395819
0.7104191401393596
0.7102789737228697
0.7101304188283472
0.7099735096487354
0.70980828204044
0.7096347720420395
0.7094530190903854
0.7092630475379489
0.709064921078992
0.7088585494245216
0.7085376002477561
0.7088122758417208
0.7090641136227414
0.709305667928534
0.7095312061208834
0.7097431163579241
0.7099420791697837
0.7101285743130906
0.71030301096981
0.7104657049204738
0.7106169353496905
0.7107569447357339
0.7108860173519367
0.7110042975678684
0.7111119825443475
0.7112092396909514
0.7112962124992654
0.7113730441724082
0.7114398657690799
0.7114967963792744
0.7115439452580273
0.7115814133344049
0.7116092950412941
0.7116276789970662
0.8239582335014386
0.8240288015951379
0.8240928976640534
0.8241505038056858
0.8242016212929477
0.8242462702165566
0.7114967546686353
0.7114417462719935
0.71137783395374
0.711305068886062
0.7112235002945693
0.7111331755101213
0.7110341402905422
0.7109264389110634
0.7108101141921223
0.71068520853433
0.7105517623327557
0.7104098163231689
0.7102594107252036
0.71010058535241
0.7099333808622854
0.7097578410312101
0.7095739854916275
0.7093819057181878
0.7091816077048512
0.7089731573716695
0.7085421335760488
0.7088426486545435
0.7091101254610791
0.7093659294939731
0.70960332350963
0.7098255060201808
0.7100335151047306
0.7102280535339969
0.7104094465356434
0.7105785009469027
0.7107361082896633
0.7108820443123147
0.7110157857842376
0.7111377684088466
0.7112484936161378
0.7113485517664271
0.7114380716002372
0.7115171992021039
0.7115860537644902
0.7116447314586309
0.7116933496195161
0.7117320201596968
0.7117608528691338
0.7117799519596975
0.8234863321711905
0.8235623999530812
0.8236319307176151
0.8236948970875131
0.8237512931387303
0.8238011324047171
0.8238444476661413
0.7115927693899061
0.7115279784543097
0.7114542048854031
0.7113715014263906
0.7112799246210837
0.711179526927738
0.7110703590796024
0.710952470149973
0.7108259084106507
0.7106907205394706
0.710546952920042
0.7103946503814534
0.7102338599208354
0.7100646279176135
0.7098869817993789
0.7097010137556576
0.7095067360734585
0.7093042113990886
0.7090934860525007
0.7084795682971968
0.7088462653979591
0.7091383044331433
0.7094142888891153
0.7096668827272173
0.7099006493297109
0.7101227342559131
0.7103350009044939
0.7105213535082657
0.7106903289965477
0.7108517854992916
0.7110035685545169
0.711143093723306
0.7112702881690316
0.7113857946608424
0.7114898215138199
0.7115828124930863
0.7116648602323699
0.7117362334233893
0.711797029729436
0.711847403052734
0.7118875480342712
0.7119175687869811
0.7119375869214069
0.8230063098614598
0.823087904070456
0.823162913293547
0.8232313004849645
0.8232930513702474
0.8233481714640991
0.8233966879424419
0.7117499700503289
0.7116843284016168
0.7116095788981778
0.7115257572110757
0.7114329164201517
0.7113311587502865
0.7112205171089456
0.7111010447345784
0.7109728025843912
0.7108358435837094
0.7106902191748812
0.7105359805293536
0.71037318219009
0.7102018641485018
0.7100220957597081
0.7098339276115352
0.7096374097547842
0.709432601335826
0.7092195584724983
0.7084035229323689
0.7088176447665273
0.70913162216228
0.7094440037061823
0.7097327619027447
0.7099911401252325
0.7101912247375739
0.7104078770260891
0.7106113680573449
0.7107968937372879
0.7109685700842303
0.7111267891836753
0.7112719699186214
0.7114045471880082
0.7115248852367533
0.7116333040299017
0.7117300710887071
0.711815488865715
0.7118896679578228
0.7119529471980784
0.7120054346420209
0.7120473429712059
0.712078866272926
0.8224256185289303
0.8225195957450205
0.8226065927549264
0.8226870115853934
0.8227608349524
0.8228279844785275
0.8228884487293198
0.8229422449517523
0.7119130066287782
0.7118465827921973
0.7117708969466654
0.711686011489512
0.7115918933000497
0.711488721607169
0.711376653291737
0.7112555718897107
0.7111256500089722
0.7109869072421282
0.710839399867059
0.7106831954848672
0.7105183523551278
0.7103449076224753
0.7101629655859132
0.7099725508841749
0.7097737466446892
0.7095666144168123
0.7093512020891277
0.7091527777047191
0.7085214014263534
0.7090671023713622
0.709504664456485
0.7097290330512612
0.7100046296235183
0.710258071959947
0.7104887123873095
0.7107016729611122
0.710898207755311
0.7110793365383041
0.7112458547428109
0.7113983905652551
0.7115374774533902
0.7116635727261058
0.7117770700555248
0.7118783152635519
0.7119676343598277
0.7120452567464038
0.7121114767227414
0.7121665671587354
0.7122105700307666
0.7122437745066172
0.8219278619211247
0.822027260554004
0.8221197323023787
0.8222053469613728
0.8222845487225499
0.822357110717499
0.8224228776959732
0.8224819231430129
0.8225343309832144
0.7120143399568812
0.711937754245539
0.7118518068757347
0.7117565664098178
0.7116521486445236
0.7115387390837723
0.7114158902987382
0.7112839134544201
0.7111435396725811
0.7109941615542893
0.7108360175435889
0.7106690829626476
0.7104935421579868
0.7103093755114241
0.7101166735619211
0.709915523792526
0.7097059975048579
0.7094881595218069
0.7085618328568084
0.7091571164844463
0.7086330876035765
0.7093634973243337
0.7097269465089123
0.7100309385068846
0.7103037439093612
0.7105522674248204
0.7107802512240436
0.7109897810892059
0.7111822655463477
0.7113587559344625
0.7115200720188654
0.7116669109132816
0.7117998506058474
0.7119193860547296
0.7120259478843324
0.7121199184960487
0.7122016456425789
0.7122714085857771
0.712329496528946
0.7123761508677153
0.7124115681330162
0.8214254831589332
0.8215293984344856
0.8216278994987786
0.8217195187404059
0.8218040549760355
0.8218818892776507
0.8219529743447997
0.8220172945798547
0.8220749925109933
0.822126155449914
0.7121097302443969
0.7120228163122019
0.7119264600638646
0.7118207494944623
0.7117057741657926
0.7115815870641975
0.711448400351304
0.7113065157861744
0.7111540211827311
0.7109935087401987
0.7108250237227731
0.7106473443224238
0.7104609504634944
0.710265946798172
0.7100624355385237
0.7098505024756527
0.7096302116950169
0.7083394687280448
0.7089153171790241
0.7093990588301762
0.7089507490822903
0.7096571463103681
0.7100285732236417
0.7103242627996804
0.7105954781404364
0.7108421649291554
0.711067597109646
0.7112738449585161
0.711462350657815
0.7116342006178976
0.7117903166611882
0.7119314314452534
0.7120581723785362
0.7121710797467035
0.7122706285774001
0.7123572341423532
0.7124312653880644
0.7124930556923734
0.7125428859821685
0.7125810357063418
0.8209212699790067
0.8210305471914022
0.8211335293417263
0.821230126588624
0.8213200452324615
0.8214032866966318
0.8214798370801537
0.8215494952700408
0.8216122280688942
0.8216682177126032
0.7122862923774032
0.7121985206967552
0.712101117928133
0.7119941884351717
0.7118778305741372
0.7117521394348385
0.7116172100095389
0.7114731555118923
0.7113199154178373
0.7111587940384524
0.710986386027089
0.7108043384502148
0.7106172082556104
0.7104199794874662
0.7102141213720334
0.7099997413951346
0.7097769543631893
0.7080425171964055
0.7088354901366976
0.7091133624674328
0.7095884178504362
0.7089917251099856
0.7099434194643677
0.7102938493139346
0.7105990106183613
0.7108890370939593
0.7111332567148263
0.7113500270989634
0.7115533513214587
0.7117376354935239
0.7119048000687194
0.7120556632049969
0.7121910056538563
0.7123114963697386
0.7124177221128781
0.7125101925491459
0.7125893572129258
0.7126556150002687
0.7127093222671252
0.7127507966932819
0.8204156364193866
0.8205296009338223
0.8206374039306705
0.8207388602248952
0.8208338399070019
0.8209222400551939
0.8210039822671316
0.8210790088269331
0.8211472780987288
0.8212088149962045
0.8212637064334073
0.7123782697954286
0.7122799517867504
0.7121719191518469
0.712054282931472
0.7119271515544067
0.7117906273358392
0.71164478713114
0.7114897982181406
0.7113257394647774
0.7111525823334441
0.7109720603048972
0.7107792335148222
0.7105751460794842
0.7103699269553145
0.7101531548353318
0.7099279470845153
0.7075782082313424
0.7083024346106935
0.7084601808970522
0.7092737957108851
0.709629721589332
0.7091440826764326
0.7102202393725063
0.7105761570422509
0.7108806158298234
0.7111496846384622
0.7113852424202631
0.7116262819013531
0.7118406226020375
0.7120076466901102
0.7121701915302576
0.712315376619347
0.7124447781530919
0.7125589225022659
0.7126583913306382
0.7127437147869781
0.712815368002482
0.7128737754599067
0.7129193184673402
0.819910678789207
0.8200289026814112
0.8201411883573764
0.820247322641245
0.8203471360213122
0.820440491956203
0.820527290911187
0.820607466819422
0.8206809861110551
0.8207478422142516
0.8208080529671662
0.7125613965181288
0.7124623157904985
0.7123533090106406
0.712234505643487
0.7121060179025681
0.711967958025342
0.7118204715526422
0.711663640582785
0.7114975887986185
0.7113224326506618
0.7111383186205784
0.7109451764385204
0.7107464179673911
0.7105287529227765
0.7103066915695602
0.7100823987670123
0.706822519621277
0.7077469846559321
0.7086468018045167
0.7089755536905828
0.7100980057731552
0.7097359156844141
0.7097580120861942
0.7104885532787868
0.7108429730027038
0.7111494092508274
0.7114216090217613
0.7116654779075746
0.7118848151977124
0.7120707608622432
0.7122582768877387
0.7124438153111958
0.7125727411793061
0.7126921517713742
0.7127998936170228
0.7128923138536487
0.7129703359384854
0.7130343722471856
0.7130848415610076
0.8194080952691436
0.8195300911758177
0.8196464319792398
0.8197568684413956
0.8198611928673385
0.8199592370712804
0.8200508716540004
0.8201360029290153
0.8202145707537187
0.8202865464527327
0.8203519325310886
0.8204107609188956
0.7126474763117083
0.7125376648793007
0.7124178281498755
0.7122881113358116
0.7121486501517682
0.7119995627367404
0.7118409762932423
0.7116730065021356
0.7114957865118194
0.7113094418052274
0.7111141182068592
0.71091004223315
0.7106969348491596
0.7104819053167725
0.710230188154693
0.7058815175785362
0.7068448478263144
0.7079251982702714
0.7085333394921798
0.7091688549516773
0.7103274903763468
0.7098400546691805
0.7102867270553693
0.7107411836329254
0.7110984129192109
0.7114075546035306
0.7116812238005837
0.7119254572126779
0.7121438199378451
0.7123386681442716
0.7125124584965712
0.7126596698864063
0.7127909667707413
0.7129387217068769
0.713046515526989
0.7131183362013405
0.7131897628247774
0.7132456883177581
0.8189091550678549
0.8190345962307843
0.8191546071898319
0.8192689593567282
0.8193774369785882
0.819479849501923
0.8195760411159199
0.8196658915375652
0.8197493150419126
0.8198262600081316
0.8198967069002708
0.8199606675404753
0.7128345383842517
0.7127241324306162
0.7126034617636064
0.712472679692884
0.7123319352039313
0.7121813703093833
0.7120211230900477
0.7118513253173109
0.7116721191683293
0.7114836278775756
0.7112859871547152
0.7110793816911682
0.7108640044360092
0.7106402324663434
0.7104100917020661
nan
nan
0.7068157290006959
0.7088960031256973
0.708513838227065
0.709195398802947
0.7103343774862593
0.709931172550615
0.7105131618678651
0.7109806820043738
0.7113419799719403
0.7116539310707026
0.711929346869427
0.7121739772096032
0.7123914896490242
0.7125848047649809
0.7127557538166066
0.7129059214084239
0.7130366578092022
0.7131478834033191
0.7132318366317876
0.7133265021384774
0.8182390368506457
0.8184011196015424
0.81854320982364
0.8186655879837899
0.8187843508799548
0.8188968942481367
0.8190034795967704
0.8191039882618834
0.8191983207184853
0.8192863841372471
0.819368111414994
0.8194434649979287
0.8195124386085191
0.8195750549074261
0.7129117891788812
0.712790509491068
0.7126588595243992
0.7125170067285199
0.712365111993523
0.7122033295705097
0.712031811126755
0.711850692034318
0.7116601284925572
0.7114602659170288
0.7112512693024586
0.7110333016393477
0.7108066039209047
0.7105715477323631
nan
nan
nan
nan
0.7082685921226864
0.7084201022673564
0.7092048260263063
0.7103686582040025
0.710003486846808
0.7107446131768593
0.7112055306412817
0.7115714055983864
0.7118873702551437
0.7121650310201748
0.7124104871067817
0.7126273337725835
0.712818904570201
0.7129872003213613
0.7131340092749769
0.7132607520756143
0.7133685927277214
0.713458455330656
0.7135312314906377
0.8179748887600424
0.8181173277172886
0.8181840217063405
0.8182677608837816
0.8184100033231145
0.8185309457492581
0.8186343837741529
0.8187335914964465
0.8188263988917279
0.8189128601750523
0.8189930372733962
0.8190669287461769
0.819134566857804
0.7130996251838875
0.7129780087807916
0.7128457293093652
0.712702977057985
0.712549932871519
0.7123867698451355
0.7122136542024797
0.7120307401073124
0.7118382074187046
0.7116361935761206
0.7114248614709703
0.711204401514546
0.7109750240016137
0.7107369929137732
nan
nan
nan
nan
nan
nan
nan
nan
0.7104181878200405
0.7100568260185238
0.7109557355709987
0.7114142319546959
0.7117858796210872
0.7121065075703459
0.7123868876486641
0.7126332164623868
0.7128500429352603
0.7130401344820296
0.7132059120777423
0.7133493339121815
0.7134719375277083
0.7135749980515991
0.8173564446350172
0.817486046850927
0.8176136635929296
0.8177387131348903
0.817859281497458
0.817995266146437
0.8181164513476302
0.8181803891885739
0.8182430549221642
0.818346820555228
0.8184577258297504
0.8185458560349532
0.8186234453776141
0.8186962896178941
0.8187632018362597
0.7131651172737586
0.713032445889947
0.712889004036869
0.7127349998386487
0.7125706235200766
0.7123960555842574
0.7122114767845097
0.7120170520449514
0.7118129583446782
0.7115993652225258
0.7113764919522773
0.711144507367811
0.7109036792905568
nan
nan
nan
nan
nan
nan
nan
nan
nan
0.7104723898510343
0.7100901904414552
0.7111433433659017
0.7116050531797021
0.7119847456057844
0.7123103259142975
0.7125937948157034
0.7128413030196765
0.7130584171986086
0.7132472731973203
0.7134108917818295
0.7135510876961957
0.713669642379634
0.7137679098433187
0.8170341991294489
0.8171587585792346
0.8172814541362077
0.8174015839927317
0.8175185927036437
0.8176320801822357
0.8177415812357804
0.8178453536848027
0.8179561250306362
0.8180720320836249
0.8181480080129682
0.818190231988752
0.8182326283305401
0.8182974284616817
0.8183795574976214
0.7132199544178671
0.7130740698214675
0.7129194730989965
0.7127544508658008
0.7125787042354387
0.7123925265102555
0.7121962241048494
0.7119900657531483
0.7117742408562807
0.7115489395172501
0.7113143590690988
0.7110707627499445
nan
nan
nan
nan
nan
nan
nan
nan
nan
nan
0.7105259090962416
0.7101171266887383
0.7113072041208747
0.7117797726024706
0.7121666938472155
0.7124954348842094
0.7127840174511915
0.7130342325680059
0.7132514218272277
0.7134394683829931
0.7136009524692806
0.7137381943427936
0.8164844705683749
0.8166041908167776
0.8167242897782407
0.8168437843791231
0.8169617767713776
0.817077508796584
0.8171903402084895
0.8172997368422225
0.8174052576237784
0.8175065740727059
0.8176034225563757
0.8176958345018429
0.8177824246019831
0.8178640708605488
0.817951561112914
0.8180453884002615
0.7133744782208912
0.7132360711615859
0.7130919005235767
0.7129370195320894
0.7127686108927274
0.7125856486157626
0.7123885248550543
0.7121787012653092
0.7119579271177798
0.7117275427451627
0.7114882794383406
0.7112403994843144
nan
nan
nan
nan
nan
nan
nan
nan
nan
nan
nan
nan
0.710150169673284
0.7114564310537631
0.7119347393980759
0.7123268948126704
0.7126669760657437
0.7129578117757178
0.7132098434333783
0.7134279262294229
0.7136152644722673
0.7137749689103896
0.8160882117122481
0.8161994680642939
0.8163128582999089
0.8164272658955536
0.8165413846324046
0.8166545797108962
0.8167658545585065
0.8168745982510555
0.8169802262841099
0.8170822601224719
0.8171803034658193
0.8172740355092152
0.8173632038022541
0.8174476307467284
0.8175271897295942
0.8176018102147644
0.8176716464558085
0.713423430289525
0.7132685386846619
0.713102235089184
0.7129236696856948
0.712732129906269
0.7125285864973097
0.7123153679502805
0.712094326750329
0.7118657671419083
0.7116290459787769
0.7113835455058439
nan
nan
nan
nan
nan
nan
nan
nan
nan
nan
nan
nan
nan
nan
nan
0.7120536871596269
0.7124737346078989
0.7128176482301287
0.7131131531271104
0.7133678210511153
0.7135865739172428
0.7137736454097175
0.815725093432467
0.8158246474521742
0.8159286818804548
0.8160354707509547
0.8161436553086682
0.816252444330754
0.8163605215004596
0.8164672271147756
0.8165717785381612
0.8166736564927404
0.8167722764020311
0.8168672500020666
0.8169582265386528
0.8170449344982804
0.8171271563770688
0.8172047423795714
0.8172775966502992
0.7135946486954622
0.7134406214385856
0.7132746932155116
0.7130971726473763
0.7129083547915862
0.7127085104354678
0.7124978837343761
0.7122767953761551
0.7120454957563153
0.7118043342183348
0.7115535635143202
nan
nan
nan
nan
nan
nan
nan
nan
nan
nan
nan
nan
nan
nan
nan
nan
nan
0.712598461938801
0.7129487870897355
0.7132494248950023
0.7135067306882529
0.7137266540150436
0.815400803366546
0.8154851052849963
0.8155765194707488
0.8156728402238448
0.8157727025193495
0.8158747022029638
0.815977652563558
0.81608053101924
0.8161824875379062
0.8162828422710711
0.816380876904713
0.8164760704171228
0.8165681066872015
0.8166564623498924
0.8167409388198399
0.8168212869234497
0.8168973664883024
0.7137563351132508
0.7136037238449724
0.7134386821501907
0.7132615473344657
0.7130726682987987
0.712872349416475
0.7126608912195265
0.7124385696696006
0.7122056080406416
0.7119623244890252
0.7117091056407346
nan
nan
nan
nan
nan
nan
nan
nan
nan
nan
nan
nan
nan
nan
nan
nan
nan
nan
nan
0.7130603472214884
0.7133656510795804
0.7136260994934558
0.8151223118640274
0.8151865158838175
0.815261409170152
0.8153443725471825
0.8154329745290967
0.8155256810601532
0.8156211434031526
0.8157181397853492
0.8158156419381889
0.8159127671055878
0.8160087647190883
0.8161029379454142
0.8161948868155311
0.8162839030051032
0.816369824389137
0.8164522295685159
0.8165310513985697
0.816605919565864
0.713756463262502
0.713592870311587
0.7134166286215792
0.7132281524427218
0.7130276800610353
0.7128156368900734
0.712592260029397
0.7123577957019263
0.7121128587295497
0.711857496844038
nan
nan
nan
nan
nan
nan
nan
nan
nan
nan
nan
nan
nan
nan
nan
nan
nan
nan
nan
nan
0.7131649602322044
0.7134643992975624
0.7137235508463817
0.8149359105320806
0.8149909168915267
0.8150571624889789
0.8151314643843577
0.8152106896238798
0.8152950224453965
0.8153840289318538
0.8154749542239311
0.8155669565110237
0.815659160871673
0.8157507853192604
0.8158411659058609
0.8159297417423222
0.8160160081425278
0.8160996110732757
0.8161803786957635
0.8162576932019566
0.8163317907499561
0.7137352159177072
0.7135606010431195
0.7133729317637971
0.7131728378413703
0.7129607230521164
0.7127366921592948
0.7125012090182068
0.7122546854867667
0.7119974540730281
nan
nan
nan
nan
nan
nan
nan
nan
nan
nan
nan
nan
nan
nan
nan
nan
nan
nan
nan
nan
nan
nan
0.8147288418253944
0.8147394392811631
0.8147687214348728
0.8148126407473921
0.8148684966124278
0.8149334360241464
0.8150055608659752
0.815083430920022
0.8151651332913479
0.8152490490680787
0.8153356937325374
0.8154229479897883
0.8155102116809259
0.8155968189501048
0.8156821910886549
0.8157658390529092
0.8158473582716413
0.8159265937296022
0.8160029068563783
0.7138633773305832
0.7136908714160416
0.7135049171344702
0.7133057547648969
0.7130939839869583
0.7128701011458171
0.7126338267360818
0.7123859579161038
0.7121270079547795
nan
nan
nan
nan
nan
nan
nan
nan
nan
nan
nan
nan
nan
nan
nan
nan
nan
nan
nan
nan
nan
nan
nan
nan
0.8146035983471784
0.814621369513499
0.8146545460528674
0.8147004935958473
0.8147562043632343
0.8148198487011538
0.8148897200376722
0.8149643625317201
0.8150425572609837
0.8151230743819811
0.8152051404732468
0.8152888125275366
0.815371387495984
0.8154537462462863
0.8155349523622566
0.8156146929738737
0.815692734024165
0.8157685484366334
0.7138050396891646
0.7136214319686658
0.713424046008697
0.7132131693829193
0.7129893458060521
0.7127533073718153
0.7125043959001993
0.712244189814369
nan
nan
nan
nan
nan
nan
nan
nan
nan
nan
nan
nan
nan
nan
nan
nan
nan
nan
nan
nan
nan
nan
nan
nan
nan
nan
0.8144948940442835
0.8145173735582301
0.8145532478458737
0.814599628701913
0.8146546487227483
0.8147166149805848
0.8147840954757344
0.8148558559558343
0.814930814036081
0.8150080291504824
0.8150863899929965
0.8151664703336182
0.8152469076155362
0.8153250241026155
0.8154035056086288
0.8154805786125774
0.8155563962945994
0.7137197090759644
0.7135247282124904
0.7133155142306353
0.7130927031668901
0.7128567836185186
0.7126082569497745
0.7123466052179508
nan
nan
nan
nan
nan
nan
nan
nan
nan
nan
nan
nan
nan
nan
nan
nan
nan
nan
nan
nan
nan
nan
nan
nan
nan
nan
nan
0.8143907132114099
0.814402443286834
0.8144281635705528
0.8144651181859379
0.8145114085329691
0.8145653810327838
0.814625631514485
0.8146909435368827
0.8147602545377891
0.8148326210920668
0.8149071999967237
0.8149832065397947
0.8150598350415796
0.8151395515293123
0.8152159803975678
0.8152923754531576
0.7137965796633553
0.71360512088342
0.7133985634110313
0.713177427354024
0.7129421859215554
0.7126929267498763
0.7124341218216975
nan
nan
nan
nan
nan
nan
nan
nan
nan
nan
nan
nan
nan
nan
nan
nan
nan
nan
nan
nan
nan
nan
nan
nan
nan
nan
nan
nan
nan
0.8143114035888195
0.8143268817603455
0.8143543060699521
0.8143917645566237
0.8144376621742626
0.814490634206521
0.8145494986044333
0.8146132113531661
0.8146808492036647
0.8147515755707826
0.8148246647379891
0.8148994144711479
0.8149747810375527
0.8150539461071068
0.8151312380947906
0.713661680880326
0.7134586013735023
0.7132400895357176
0.7130065636772711
0.712757966373542
0.7124966360933283
nan
nan
nan
nan
nan
nan
nan
nan
nan
nan
nan
nan
nan
nan
nan
nan
nan
nan
nan
nan
nan
nan
nan
nan
nan
nan
nan
nan
nan
nan
nan
0.8142513433094718
0.8142690874947617
0.8142975817236657
0.8143353006470928
0.8143809446139578
0.8144333740587746
0.8144915814785685
0.8145546518416861
0.8146218212535482
0.8146922425902113
0.8147650503168963
0.8148403132404461
0.8149165555557099
0.7136939892231768
0.713492857723434
0.7132777396778861
0.7130467052850702
0.7127997721480069
0.7125393995726769
nan
nan
nan
nan
nan
nan
nan
nan
nan
nan
nan
nan
nan
nan
nan
nan
nan
nan
nan
nan
nan
nan
nan
nan
nan
nan
nan
nan
nan
nan
nan
nan
nan
0.814211574052566
0.8142309100833586
0.8142603095747216
0.8142985540636255
0.8143445664104498
0.8143973858644306
0.8144561975592011
0.8145199328911362
0.8145878810106354
0.8146598607135583
0.8147348528946174
0.8148124700446016
0.7134976925232202
0.7132901212926017
0.7130594437948323
0.7128154148648917
0.7125561360515533
