nan
nan
nan
nan
nan
nan
nan
nan
nan
nan
nan
nan
nan
nan
nan
nan
nan
nan
nan
nan
nan
nan
nan
nan
nan
nan
nan
nan
nan
nan
nan
nan
nan
nan
nan
nan
nan
nan
nan
nan
nan
nan
nan
nan
nan
nan
nan
nan
nan
nan
nan
nan
nan
nan
nan
nan
nan
nan
nan
nan
nan
nan
nan
nan
nan
nan
nan
nan
nan
nan
nan
nan
nan
nan
nan
nan
nan
nan
nan
nan
nan
nan
nan
nan
nan
nan
nan
nan
nan
nan
nan
nan
nan
nan
nan
nan
nan
nan
nan
nan
0.4223685246163661
0.42245957278964463
0.42254863375152507
0.42263570807309436
0.42272079327759937
0.42280389913247063
0.4228850420297816
0.4229642326023002
0.42304147439809403
0.4231167715819752
0.42319013361642355
0.4232615724628813
0.4233310974985274
0.4233987140914189
0.42346442602811274
0.4235282383994745
0.4235901582709415
0.4236501933923379
0.42370835066473334
0.42376463562437255
0.423819052956948
0.4238716073010868
0.42392230368762907
0.4239711474892345
0.42401814404949567
0.4240632983468783
0.42410661485800516
0.42414809759724503
0.4241877502696822
0.42422557640736525
0.42426157946158516
0.4242957628099042
0.4243281297311108
0.42435868336056104
0.42438742665123286
0.42441436235751023
0.42443949302690276
0.42446282100090527
0.42448434842752075
0.42450407727136863
0.42452200931811285
0.4245381461806894
0.42455248930066175
0.4245650399480332
0.4245757992222695
0.4245847680502147
0.4245919471865367
0.4245973372125632
0.42460093853694864
0.4246027513944889
0.42460277584737266
0.4246010117845874
0.424597458922216
0.42459211680331943
0.42458498479781814
0.42457606210202625
0.42456534773742777
0.42455284054993714
0.4245385392086448
0.4245224422038443
0.42450454784643044
0.4244848542671472
0.4244633594192906
0.4244400610811997
0.4244149568668716
0.4243880442283106
0.42435932046075464
0.42432878270456187
0.42429642792643124
0.4242622528902772
0.42422625410754344
0.4241884278074147
0.4241487699211931
0.4241072761369138
0.4240639420048924
0.42401876310039754
0.42397173511197195
0.42392285377916583
0.4238721146319203
0.4238195126068055
0.4237650418304302
0.4237086958141947
0.4236504681486011
0.4235903531932772
0.4235283460654584
0.42346444148420914
0.42339863222773055
0.42333090891254666
0.42326126202689907
0.4231896849276936
0.42311617411271496
0.4230407252382788
0.4229633286326183
0.4228839707827073
0.4228026418775509
0.4227193391703788
0.4226340583455903
0.4225467831689289
0.4224574926659769
0.42236618067898046
0.4225029831883538
0.42259385163511376
0.42268272053283445
0.4227695963519069
0.42285449676568865
0.42293743490595315
0.4230184145889422
0.4230974392358712
0.4231745187511965
0.4232496663882735
0.4233228921317066
0.42339420101344427
0.42346359662291494
0.423531084715275
0.4235966734843639
0.42366037137021684
0.42372218528522165
0.42378212049286046
0.4238401817549993
0.4238963743273076
0.4239507041717271
0.4240031774614076
0.4240537999769629
0.42410257677737584
0.42414951229679027
0.42419461059221686
0.42423787562083615
0.4242793113664583
0.42431892182568376
0.4243567109214138
0.4243926824078548
0.4244268398039327
0.42445918638243985
0.42448972517381384
0.42451845899694196
0.4245453904832467
0.4245705220923136
0.4245938561238959
0.424615394715566
0.42463513984002726
0.4246530933015939
0.4246692567315119
0.42468363158620587
0.42469621914465905
0.42470702051113496
0.4247160366128869
0.4247232682033656
0.42472871586190375
0.42473237999441904
0.4247342608344752
0.42473435844358626
0.4247326727113138
0.4247292033555281
0.4247239499225293
0.42471691178782667
0.42470808815522376
0.4246974780581231
0.4246850803598471
0.4246708937531938
0.4246549167606156
0.4246371477325213
0.4246175848438025
0.4245962260913545
0.4245730692856823
0.4245481120491977
0.42452135180934036
0.4244927857999139
0.4244624110738971
0.4244302245176521
0.42439622287727446
0.42436040278033993
0.4243227607285409
0.42428329306122625
0.42424199586817973
0.42419886489463793
0.4241538954867525
0.4241070826387525
0.42405842118535797
0.42400790607217853
0.42395553257406465
0.42390129615211136
0.4238451919735481
0.42378721430275323
0.4237273562739663
0.4236656105360335
0.4236019704064073
0.42353643056131296
0.42346898597995375
0.42339962982809654
0.42332835223334336
0.4232551424140151
0.4231799927124924
0.4231028997779354
0.4230238597686936
0.4229428624078978
0.42285989290087056
0.4227749414624509
0.4226880063523003
0.4225990817434222
0.4225081475071506
0.42272639916368593
0.4228169251309294
0.42290547308615645
0.422992046938126
0.42307664959566504
0.4231592927330733
0.4232399915898091
0.4233187558423146
0.4233955891090912
0.4234704952080659
0.4235434820704271
0.4236145598849315
0.4236837373481598
0.4237510204083999
0.42381641391739366
0.4238799236648005
0.42394155678281326
0.42400132079198394
0.4240592223515217
0.4241152669067471
0.42416945908565384
0.42422180336942733
0.4242723045136171
0.42432096755332915
0.42436779754137377
0.42441279928700903
0.4244559772259697
0.4244973354016591
0.42453687757850567
0.4245746073444706
0.4246105281674617
0.4246446434037105
0.42467695629057267
0.4247074699107082
0.42473618716579586
0.42476311076083506
0.42478824319763375
0.4248115867807997
0.4248331436302082
0.42485291567973965
0.4248709046921
0.42488711225905496
0.42490153980527157
0.4249141885870745
0.4249250596927502
0.42493415404388457
0.4249414723937399
0.42494701532606427
0.42495078325474245
0.4249527764245476
0.4249529949104357
0.42495143861770157
0.42494810728174787
0.424943000468391
0.4249361175729048
0.4249274578188463
0.4249170202571174
0.42490480376882933
0.4248908070579741
0.42487502865399157
0.42485746690634096
0.42483811999168186
0.42481698591005335
0.42479406248814233
0.4247693473865926
0.4247428381072367
0.42471453199989473
0.42468442626090763
0.42465251792625125
0.42461880384821055
0.4245832806621806
0.42454594475988316
0.42450679226751187
0.42446581906551645
0.4244230208855238
0.4243783933847004
0.4243319322341082
0.42428363307034483
0.4242334913287617
0.4241815019289009
0.4241276591166466
0.42407195658348995
0.42401438800688723
0.42395494765401753
0.4238936305691924
0.42383043182455465
0.42376534526661946
0.42369836293952046
0.4236294761345597
0.42355867753198473
0.42348596191743615
0.42341132381466656
0.42333475396937004
0.42325623969121
0.4231757704248925
0.42309334216688743
0.4230089528176012
0.4229225926032908
0.4228342443835196
0.4227438967450118
0.42303769131918856
0.42312775866938906
0.42321586346449547
0.42330201507123166
0.42338621507581187
0.4234684681741373
0.42354878554292585
0.4236271789476719
0.4237036559281345
0.42377822133538967
0.42385088145538297
0.4239216451645673
0.4239905217934442
0.42405751878030995
0.42412264153113743
0.4241858948348962
0.42424728422692415
0.42430681614247945
0.42436449721358144
0.4244203334963062
0.42447433025603487
0.42452649221563465
0.4245768239533747
0.4246253301593871
0.42467201561995804
0.42471688506178873
0.42475994297880876
0.4248011935464343
0.42484064059989085
0.4248782877087882
0.4249141382375502
0.42494819540707884
0.42498046231050685
0.42501094190797567
0.4250396370188147
0.42506655030480356
0.4250916842501719
0.42511504115545307
0.42513662314612277
0.42515643216119553
0.42517446996485864
0.4251907381478409
0.4252052381290198
0.42521797115965
0.42522893832400266
0.4252381405393231
0.4252455785548074
0.4252512529549023
0.4252551641563384
0.42525731241052606
0.425257697801821
0.42525632024717847
0.4252531794964737
0.4252482751318428
0.4252416065679553
0.4252331730519734
0.4252229736621126
0.42521100730803546
0.42519727272736607
0.42518176848973765
0.42516449299219916
0.42514544446773117
0.42512462097639125
0.4251020204164723
0.42507764052485475
0.4250514788724951
0.4250235328750236
0.42499379975968066
0.42496227657467434
0.4249289601532259
0.42489384710358236
0.4248569338074022
0.4248182164328739
0.424777690994848
0.42473535342127644
0.42469119960266877
0.4246452253834039
0.4245974264480029
0.42454779814121724
0.4244963353217186
0.4244430323788623
0.42438788351355483
0.4243308831018666
0.42427202591674085
0.42421130676810803
0.4241487197473378
0.4240842576003616
0.4240179121548774
0.4239496757518737
0.4238795425227351
0.42380750768670805
0.42373356503702714
0.4236577051200321
0.4235799171761152
0.42350019320409404
0.4234185285568734
0.42333491648748084
0.4232493436486424
0.4231617952851413
0.4230722649530624
0.4234354441667296
0.42352494339972613
0.4236124963173721
0.42369810815130243
0.42378178356425833
0.42386353251631714
0.42394336744182837
0.4240212976256351
0.424097328440343
0.4241714648425331
0.42424371397731303
0.42431408451957214
0.4243825844503651
0.42444922008810193
0.42451399684045704
0.4245769203922139
0.42463799716670625
0.4246972338513316
0.42475463671183333
0.42481021120744217
0.4248639621611896
0.42491589417050013
0.4249660118636647
0.4250143199836611
0.4250608232767996
0.4251055263157182
0.42514843338343994
0.42518954846444756
0.42522887528014036
0.42526641735485127
0.4253021780636409
0.42533616064451507
0.4253683682023289
0.4253988037114932
0.425427469963405
0.4254543695769831
0.4254795049963798
0.4255028784712313
0.4255244920835132
0.4255443477288577
0.42556244714471547
0.4255787918962156
0.4255933833810165
0.425606222842652
0.42561731135497327
0.4256266498305211
0.4256342390208441
0.425640079513152
0.4256441717314752
0.42564651593773384
0.4256471122288936
0.4256459605401447
0.425643060643087
0.42563841214438336
0.4256320144871175
0.42562386694865406
0.4256139686452337
0.4256023185223636
0.4255889153618899
0.42557375777344997
0.42555684420497597
0.42553817292575846
0.42551774205099235
0.4254955495134344
0.42547159309585814
0.42544587041744464
0.4254183789355611
0.4253891159625827
0.4253580786467196
0.4253252639531907
0.42529066866335974
0.4252542893410307
0.4252161223270371
0.4251761637522865
0.42513440957463144
0.42509085564259297
0.4250454977352016
0.424998331556378
0.42494935261480793
0.4248985560899432
0.4248459366692968
0.4247914886199734
0.4247352060646013
0.4246770833401775
0.42461711521366435
0.4245552965371704
0.42449162151868647
0.42442608320320985
0.4243586738129899
0.42428938594312393
0.42421821346354427
0.4241451507031996
0.42407019027774817
0.4239933221538399
0.42391453598711876
0.42383382455404284
0.4237511834045522
0.42366660573107406
0.4235800795289611
0.423491592599088
0.4239178648107287
0.42400668366503547
0.4240935725672503
0.4241785387509829
0.4242615937252989
0.42434274785794507
0.42442200796052815
0.4244993797611013
0.4245748708456615
0.42464849028382073
0.4247202464651891
0.4247901459131751
0.42485819407343606
0.42492439668166215
0.4249887602337501
0.425051291518686
0.4251119968548065
0.4251708818490154
0.425227951607669
0.42528321117601836
0.42533666571389184
0.4253883204809311
0.4254381805766037
0.4254862508133664
0.4255325356133699
0.4255770390859117
0.42561976513143895
0.4256607175048377
0.4256998998782313
0.42573731580655827
0.4257729687262778
0.425806861908241
0.4258389984396084
0.42586938121451834
0.4258980129432686
0.4259248961486365
0.4259500331962993
0.42597342627729917
0.42599507741763437
0.42601498850290165
0.42603316124078594
0.42604959718919233
0.4260642977459268
0.4260772641431187
0.4260884974578684
0.42609799860145725
0.426105768326305
0.4261118072251004
0.4261161157276286
0.42611869410747255
0.42611954247554495
0.4261186607842688
0.42611604882649917
0.42611170623327954
0.42610563248046884
0.42609782688210174
0.4260882885945142
0.42607701661022795
0.4260640097692383
0.42604926674408883
0.4260327860535175
0.4260145660470449
0.4259946049110107
0.42597290066916793
0.42594945116946203
0.42592425409547874
0.42589730695558475
0.4258686070934985
0.42583815169455996
0.4258059377901582
0.4257719622610644
0.42573622184557275
0.4256987131104708
0.42565943244609317
0.42561837600189883
0.42557553968003303
0.4255309191504942
0.42548450988589925
0.4254363072817883
0.42538630671139155
0.42533450352861935
0.42528089292809007
0.4252254697324879
0.42516822823372713
0.42510916233516177
0.42504826590245887
0.424985533127054
0.4249209584762602
0.42485453601043477
0.42478625865043484
0.424716118241517
0.4246441067857161
0.42457021767698466
0.42449444536621095
0.424416783246573
0.4243372220778199
0.4242557516253631
0.42417236381252305
0.42408705261368274
0.4239998095858045
0.4244828586143116
0.4245708787479581
0.4246569989886343
0.42474122717886065
0.42482356903001284
0.4249040317645543
0.42498262434955236
0.4250593552588675
0.4251342313965337
0.4252072589294492
0.4252784446729528
0.4253477961191375
0.42541532056197795
0.4254810243439753
0.4255449130069413
0.42560699188558315
0.42566726659714615
0.4257257429996687
0.42578242690115314
0.4258373237291897
0.4258904384427296
0.4259417756710143
0.42599133986957016
0.42603913543899274
0.42608516676414276
0.42612943810458426
0.4261719535622492
0.42621271701289637
0.4262517320969511
0.4262890022467337
0.4263245307143241
0.4263583205769833
0.42639037478714303
0.42642069613234435
0.42644928726241105
0.426476150680072
0.42650128871574755
0.4265247035486539
0.42654639718961856
0.4265663714950254
0.42658462814962483
0.42660116868805886
0.42661599448066573
0.42662910674338717
0.42664050653520713
0.4266501947668211
0.42665817218281976
0.4266644393814819
0.4266689968041475
0.42667184473419534
0.42667298330183145
0.42667241248638765
0.4266701321109593
0.4266661418389715
0.4266604411850624
0.42665302950180484
0.42664390599518737
0.4266330697069005
0.42662051952315977
0.42660625417865133
0.4265902722441169
0.4265725721319894
0.426553152104786
0.4265320102641402
0.42650914455469807
0.42648455277074854
0.42645823254443316
0.4264301813601878
0.426400396523385
0.4263688751817362
0.4263356142984791
0.4263006106471189
0.426263860799888
0.42622536117000565
0.42618510800571896
0.4261430974301197
0.42609932547234586
0.42605378804760885
0.426006480911604
0.4259573995776868
0.4259065392520175
0.42585389484613406
0.4257994610853112
0.42574323263675395
0.42568520423468803
0.42562537049541943
0.4255637256523572
0.42550026331977775
0.4254349766656388
0.4253678589853669
0.42529890414307775
0.42522810635708364
0.42515545913410635
0.42508095455916983
0.42500458392656193
0.424926339392016
0.4248462145688441
0.42476420259502234
0.424680293825792
0.42459447698612607
0.4251280181329943
0.42521515105004504
0.4253004113913095
0.4253838080200946
0.42546534753896564
0.42554503618808137
0.4256228816026598
0.4256988922136937
0.425773075736407
0.42584543852591616
0.4259159863400128
0.4259847253440844
0.4260516623588586
0.42611680426952
0.4261801574068674
0.42624172742020505
0.4263015195163834
0.42635953878090393
0.42641579038473765
0.4264702794771285
0.4265230110664219
0.42657398991355006
0.4266232205067131
0.42667070714268973
0.42671645396859953
0.4267604650111233
0.426802744191606
0.4268432952742218
0.4268821218454399
0.42691922730729304
0.42695461487921893
0.4269882875864598
0.4270202482908396
0.42705049971825393
0.4270790444309905
0.4271058848342101
0.42713102321254304
0.42715446167623783
0.4271762022015657
0.4271962465929596
0.42721459652743865
0.42723125350558955
0.4272462188856102
0.4272594938702263
0.42727107951447174
0.4272809767180937
0.4272891862305144
0.4272957086523232
0.42730054443295173
0.4273036938776847
0.427305157134588
0.42730493420882126
0.42730302495050976
0.4272994290588804
0.4272941460927342
0.4272871754503638
0.4272785163852814
0.42726816799709244
0.4272561292389778
0.42724239891072624
0.4272269756553632
0.42720985797387684
0.42719104421591414
0.4271705325761037
0.4271483210940782
0.42712440765830945
0.42709879001379814
0.4270714657191004
0.4270424321909573
0.42701168667764866
0.4269792262437127
0.4269450478049643
0.4269091481120614
0.42687152376977155
0.4268321712599664
0.42679108690547557
0.4267482669031447
0.4267037072525087
0.4266574037397246
0.4266093519087495
0.4265595470855219
0.4265079844627224
0.42645465919230585
0.42639956637483234
0.4263427010160268
0.426284057788869
0.4262236309153772
0.4261614141508385
0.42609740110770356
0.4260315856235719
0.4259639617908072
0.4258945235607363
0.42582326422841743
0.4257501764157591
0.42567525271207096
0.4255984862590608
0.4255198701356305
0.42543939617767956
0.42535705493781123
0.42527283750359857
0.42585071719000367
0.42593687660061663
0.4260211938296255
0.426103677885168
0.42618433605889655
0.42626317474933784
0.42634020066588807
0.4264154210017539
0.4264888427966206
0.4265604726834651
0.4266303171065219
0.4266983826023636
0.4267646757115491
0.4268292026185818
0.42689196895112536
0.42695297989026026
0.4270122404377009
0.4270697556487134
0.42712553067725145
0.42717957066773393
0.4272318805365848
0.42728246492765276
0.42733132820399355
0.42737847449535105
0.4274239077696304
0.427467631899375
0.4275096506195275
0.4275499675562465
0.42758858618445494
0.4276255098092939
0.4276607415618553
0.42769428441121704
0.4277261411664061
0.42775631447439505
0.4277848068315707
0.42781162059871525
0.4278367579855772
0.42786022106320465
0.42788201175004736
0.4279021318119841
0.4279205828953945
0.42793736645872715
0.4279524838491342
0.4279659362505029
0.4279777247031066
0.4279878501033166
0.42799631320486814
0.4280031146122315
0.42800825478849297
0.428011734052726
0.4280135525812636
0.42801371040450054
0.4280122074071425
0.42800904333089074
0.42800421777298625
0.4279977301927479
0.4279895798906398
0.4279797660345411
0.4279682876412829
0.42795514358626374
0.42794033259161224
0.4279238532444439
0.42790570398032035
0.4278858830849035
0.42786438870566906
0.4278412188351188
0.42781637132351036
0.4277898438502465
0.42776163396779243
0.4277317390493449
0.4277001563205085
0.42766688283298043
0.4276319155018533
0.4275952510723845
0.4275568861823279
0.4275168173191432
0.42747504083391674
0.4274315529323779
0.4273863496165668
0.4273394266864608
0.42729077971003826
0.4272404040719865
0.42718829502050626
0.4271344477220633
0.42707885724051897
0.42702151848169456
0.42696242610412205
0.4269015744713642
0.4268389577219054
0.4267745699997772
0.4267084054701527
0.42664045815088314
0.42657072147125136
0.42649918823962607
0.4264258510064495
0.4263507028441208
0.42627373746130204
0.4261949483350566
0.42611432750450884
0.42603186584218133
