2.066516755457055e-06
1.9838645191400424e-06
1.9028990631569727e-06
1.8236203875059581e-06
1.7460284921888461e-06
1.6701233772038288e-06
1.5959050425518199e-06
1.5233734882336547e-06
1.452528714247643e-06
1.383370720595435e-06
1.315899507275421e-06
1.250115074289172e-06
1.186017421635155e-06
1.1236065493141466e-06
1.0628824573268434e-06
1.0038451456718322e-06
9.464946143504875e-07
8.908308633614736e-07
8.368538927054679e-07
7.845637023830703e-07
7.339602923930622e-07
6.850436627366223e-07
6.378138134126112e-07
5.922707444221292e-07
5.484144557641158e-07
5.062449474391104e-07
4.6576221944757524e-07
4.2696627178856723e-07
3.8985710446299017e-07
3.544347174699795e-07
3.2069911080997733e-07
2.8865028448334686e-07
2.582882384893421e-07
2.2961297282866965e-07
2.0262448750066203e-07
1.7732278250566285e-07
1.5370785784393728e-07
1.3177971351493536e-07
1.1153834951910001e-07
9.29837658562044e-08
7.611596252627893e-08
6.093493952934617e-08
4.744069686540619e-08
3.563323453445896e-08
2.5512552536504446e-08
1.7078650871542697e-08
1.033152953958056e-08
5.271188540602324e-09
1.897627874616837e-09
2.1084754162399473e-10
2.1084754162399473e-10
1.897627874616837e-09
5.271188540602324e-09
1.033152953958056e-08
1.7078650871542697e-08
2.5512552536504446e-08
3.563323453445896e-08
4.744069686540619e-08
6.093493952934617e-08
7.611596252627893e-08
9.29837658562044e-08
1.1153834951910001e-07
1.3177971351493536e-07
1.5370785784393728e-07
1.7732278250566285e-07
2.0262448750066203e-07
2.2961297282866965e-07
2.582882384893421e-07
2.8865028448334686e-07
3.2069911080997733e-07
3.544347174699795e-07
3.8985710446299017e-07
4.2696627178856723e-07
4.6576221944757524e-07
5.062449474391104e-07
5.484144557641158e-07
5.922707444221292e-07
6.378138134126112e-07
6.850436627366223e-07
7.339602923930622e-07
7.845637023830703e-07
8.368538927054679e-07
8.908308633614736e-07
9.464946143504875e-07
1.0038451456718322e-06
1.0628824573268434e-06
1.1236065493141466e-06
1.186017421635155e-06
1.250115074289172e-06
1.315899507275421e-06
1.383370720595435e-06
1.452528714247643e-06
1.5233734882336547e-06
1.5959050425518199e-06
1.6701233772038288e-06
1.7460284921888461e-06
1.8236203875059581e-06
1.9028990631569727e-06
1.9838645191400424e-06
2.066516755457055e-06
2.066516755457055e-06
1.9838645191400424e-06
1.9028990631569727e-06
1.8236203875059581e-06
1.7460284921888461e-06
1.6701233772038288e-06
1.5959050425518199e-06
1.5233734882336547e-06
1.452528714247643e-06
1.383370720595435e-06
1.315899507275421e-06
1.250115074289172e-06
1.186017421635155e-06
1.1236065493141466e-06
1.0628824573268434e-06
1.0038451456718322e-06
9.464946143504875e-07
8.908308633614736e-07
8.368538927054679e-07
7.845637023830703e-07
7.339602923930622e-07
6.850436627366223e-07
6.378138134126112e-07
5.922707444221292e-07
5.484144557641158e-07
5.062449474391104e-07
4.6576221944757524e-07
4.2696627178856723e-07
3.8985710446299017e-07
3.544347174699795e-07
3.2069911080997733e-07
2.8865028448334686e-07
2.582882384893421e-07
2.2961297282866965e-07
2.0262448750066203e-07
1.7732278250566285e-07
1.5370785784393728e-07
1.3177971351493536e-07
1.1153834951910001e-07
9.29837658562044e-08
7.611596252627893e-08
6.093493952934617e-08
4.744069686540619e-08
3.563323453445896e-08
2.5512552536504446e-08
1.7078650871542697e-08
1.033152953958056e-08
5.271188540602324e-09
1.897627874616837e-09
2.1084754162399473e-10
2.1084754162399473e-10
1.897627874616837e-09
5.271188540602324e-09
1.033152953958056e-08
1.7078650871542697e-08
2.5512552536504446e-08
3.563323453445896e-08
4.744069686540619e-08
6.093493952934617e-08
7.611596252627893e-08
9.29837658562044e-08
1.1153834951910001e-07
1.3177971351493536e-07
1.5370785784393728e-07
1.7732278250566285e-07
2.0262448750066203e-07
2.2961297282866965e-07
2.582882384893421e-07
2.8865028448334686e-07
3.2069911080997733e-07
3.544347174699795e-07
3.8985710446299017e-07
4.2696627178856723e-07
4.6576221944757524e-07
5.062449474391104e-07
5.484144557641158e-07
5.922707444221292e-07
6.378138134126112e-07
6.850436627366223e-07
7.339602923930622e-07
7.845637023830703e-07
8.368538927054679e-07
8.908308633614736e-07
9.464946143504875e-07
1.0038451456718322e-06
1.0628824573268434e-06
1.1236065493141466e-06
1.186017421635155e-06
1.250115074289172e-06
1.315899507275421e-06
1.383370720595435e-06
1.452528714247643e-06
1.5233734882336547e-06
1.5959050425518199e-06
1.6701233772038288e-06
1.7460284921888461e-06
1.8236203875059581e-06
1.9028990631569727e-06
1.9838645191400424e-06
2.066516755457055e-06
2.066516755457055e-06
1.9838645191400424e-06
1.9028990631569727e-06
1.8236203875059581e-06
1.7460284921888461e-06
1.6701233772038288e-06
1.5959050425518199e-06
1.5233734882336547e-06
1.452528714247643e-06
1.383370720595435e-06
1.315899507275421e-06
1.250115074289172e-06
1.186017421635155e-06
1.1236065493141466e-06
1.0628824573268434e-06
1.0038451456718322e-06
9.464946143504875e-07
8.908308633614736e-07
8.368538927054679e-07
7.845637023830703e-07
7.339602923930622e-07
6.850436627366223e-07
6.378138134126112e-07
5.922707444221292e-07
5.484144557641158e-07
5.062449474391104e-07
4.6576221944757524e-07
4.2696627178856723e-07
3.8985710446299017e-07
3.544347174699795e-07
3.2069911080997733e-07
2.8865028448334686e-07
2.582882384893421e-07
2.2961297282866965e-07
2.0262448750066203e-07
1.7732278250566285e-07
1.5370785784393728e-07
1.3177971351493536e-07
1.1153834951910001e-07
9.29837658562044e-08
7.611596252627893e-08
6.093493952934617e-08
4.744069686540619e-08
3.563323453445896e-08
2.5512552536504446e-08
1.7078650871542697e-08
1.033152953958056e-08
5.271188540602324e-09
1.897627874616837e-09
2.1084754162399473e-10
2.1084754162399473e-10
1.897627874616837e-09
5.271188540602324e-09
1.033152953958056e-08
1.7078650871542697e-08
2.5512552536504446e-08
3.563323453445896e-08
4.744069686540619e-08
6.093493952934617e-08
7.611596252627893e-08
9.29837658562044e-08
1.1153834951910001e-07
1.3177971351493536e-07
1.5370785784393728e-07
1.7732278250566285e-07
2.0262448750066203e-07
2.2961297282866965e-07
2.582882384893421e-07
2.8865028448334686e-07
3.2069911080997733e-07
3.544347174699795e-07
3.8985710446299017e-07
4.2696627178856723e-07
4.6576221944757524e-07
5.062449474391104e-07
5.484144557641158e-07
5.922707444221292e-07
6.378138134126112e-07
6.850436627366223e-07
7.339602923930622e-07
7.845637023830703e-07
8.368538927054679e-07
8.908308633614736e-07
9.464946143504875e-07
1.0038451456718322e-06
1.0628824573268434e-06
1.1236065493141466e-06
1.186017421635155e-06
1.250115074289172e-06
1.315899507275421e-06
1.383370720595435e-06
1.452528714247643e-06
1.5233734882336547e-06
1.5959050425518199e-06
1.6701233772038288e-06
1.7460284921888461e-06
1.8236203875059581e-06
1.9028990631569727e-06
1.9838645191400424e-06
2.066516755457055e-06
2.066516755457055e-06
1.9838645191400424e-06
1.9028990631569727e-06
1.8236203875059581e-06
1.7460284921888461e-06
1.6701233772038288e-06
1.5959050425518199e-06
1.5233734882336547e-06
1.452528714247643e-06
1.383370720595435e-06
1.315899507275421e-06
1.250115074289172e-06
1.186017421635155e-06
1.1236065493141466e-06
1.0628824573268434e-06
1.0038451456718322e-06
9.464946143504875e-07
8.908308633614736e-07
8.368538927054679e-07
7.845637023830703e-07
7.339602923930622e-07
6.850436627366223e-07
6.378138134126112e-07
5.922707444221292e-07
5.484144557641158e-07
5.062449474391104e-07
4.6576221944757524e-07
4.2696627178856723e-07
3.8985710446299017e-07
3.544347174699795e-07
3.2069911080997733e-07
2.8865028448334686e-07
2.582882384893421e-07
2.2961297282866965e-07
2.0262448750066203e-07
1.7732278250566285e-07
1.5370785784393728e-07
1.3177971351493536e-07
1.1153834951910001e-07
9.29837658562044e-08
7.611596252627893e-08
6.093493952934617e-08
4.744069686540619e-08
3.563323453445896e-08
2.5512552536504446e-08
1.7078650871542697e-08
1.033152953958056e-08
5.271188540602324e-09
1.897627874616837e-09
2.1084754162399473e-10
2.1084754162399473e-10
1.897627874616837e-09
5.271188540602324e-09
1.033152953958056e-08
1.7078650871542697e-08
2.5512552536504446e-08
3.563323453445896e-08
4.744069686540619e-08
6.093493952934617e-08
7.611596252627893e-08
9.29837658562044e-08
1.1153834951910001e-07
1.3177971351493536e-07
1.5370785784393728e-07
1.7732278250566285e-07
2.0262448750066203e-07
2.2961297282866965e-07
2.582882384893421e-07
2.8865028448334686e-07
3.2069911080997733e-07
3.544347174699795e-07
3.8985710446299017e-07
4.2696627178856723e-07
4.6576221944757524e-07
5.062449474391104e-07
5.484144557641158e-07
5.922707444221292e-07
6.378138134126112e-07
6.850436627366223e-07
7.339602923930622e-07
7.845637023830703e-07
8.368538927054679e-07
8.908308633614736e-07
9.464946143504875e-07
1.0038451456718322e-06
1.0628824573268434e-06
1.1236065493141466e-06
1.186017421635155e-06
1.250115074289172e-06
1.315899507275421e-06
1.383370720595435e-06
1.452528714247643e-06
1.5233734882336547e-06
1.5959050425518199e-06
1.6701233772038288e-06
1.7460284921888461e-06
1.8236203875059581e-06
1.9028990631569727e-06
1.9838645191400424e-06
2.066516755457055e-06
2.066516755457055e-06
1.9838645191400424e-06
1.9028990631569727e-06
1.8236203875059581e-06
1.7460284921888461e-06
1.6701233772038288e-06
1.5959050425518199e-06
1.5233734882336547e-06
1.452528714247643e-06
1.383370720595435e-06
1.315899507275421e-06
1.250115074289172e-06
1.186017421635155e-06
1.1236065493141466e-06
1.0628824573268434e-06
1.0038451456718322e-06
9.464946143504875e-07
8.908308633614736e-07
8.368538927054679e-07
7.845637023830703e-07
7.339602923930622e-07
6.850436627366223e-07
6.378138134126112e-07
5.922707444221292e-07
5.484144557641158e-07
5.062449474391104e-07
4.6576221944757524e-07
4.2696627178856723e-07
3.8985710446299017e-07
3.544347174699795e-07
3.2069911080997733e-07
2.8865028448334686e-07
2.582882384893421e-07
2.2961297282866965e-07
2.0262448750066203e-07
1.7732278250566285e-07
1.5370785784393728e-07
1.3177971351493536e-07
1.1153834951910001e-07
9.29837658562044e-08
7.611596252627893e-08
6.093493952934617e-08
4.744069686540619e-08
3.563323453445896e-08
2.5512552536504446e-08
1.7078650871542697e-08
1.033152953958056e-08
5.271188540602324e-09
1.897627874616837e-09
2.1084754162399473e-10
2.1084754162399473e-10
1.897627874616837e-09
5.271188540602324e-09
1.033152953958056e-08
1.7078650871542697e-08
2.5512552536504446e-08
3.563323453445896e-08
4.744069686540619e-08
6.093493952934617e-08
7.611596252627893e-08
9.29837658562044e-08
1.1153834951910001e-07
1.3177971351493536e-07
1.5370785784393728e-07
1.7732278250566285e-07
2.0262448750066203e-07
2.2961297282866965e-07
2.582882384893421e-07
2.8865028448334686e-07
3.2069911080997733e-07
3.544347174699795e-07
3.8985710446299017e-07
4.2696627178856723e-07
4.6576221944757524e-07
5.062449474391104e-07
5.484144557641158e-07
5.922707444221292e-07
6.378138134126112e-07
6.850436627366223e-07
7.339602923930622e-07
7.845637023830703e-07
8.368538927054679e-07
8.908308633614736e-07
9.464946143504875e-07
1.0038451456718322e-06
1.0628824573268434e-06
1.1236065493141466e-06
1.186017421635155e-06
1.250115074289172e-06
1.315899507275421e-06
1.383370720595435e-06
1.452528714247643e-06
1.5233734882336547e-06
1.5959050425518199e-06
1.6701233772038288e-06
1.7460284921888461e-06
1.8236203875059581e-06
1.9028990631569727e-06
1.9838645191400424e-06
2.066516755457055e-06
2.066516755457055e-06
1.9838645191400424e-06
1.9028990631569727e-06
1.8236203875059581e-06
1.7460284921888461e-06
1.6701233772038288e-06
1.5959050425518199e-06
1.5233734882336547e-06
1.452528714247643e-06
1.383370720595435e-06
1.315899507275421e-06
1.250115074289172e-06
1.186017421635155e-06
1.1236065493141466e-06
1.0628824573268434e-06
1.0038451456718322e-06
9.464946143504875e-07
8.908308633614736e-07
8.368538927054679e-07
7.845637023830703e-07
7.339602923930622e-07
6.850436627366223e-07
6.378138134126112e-07
5.922707444221292e-07
5.484144557641158e-07
5.062449474391104e-07
4.6576221944757524e-07
4.2696627178856723e-07
3.8985710446299017e-07
3.544347174699795e-07
3.2069911080997733e-07
2.8865028448334686e-07
2.582882384893421e-07
2.2961297282866965e-07
2.0262448750066203e-07
1.7732278250566285e-07
1.5370785784393728e-07
1.3177971351493536e-07
1.1153834951910001e-07
9.29837658562044e-08
7.611596252627893e-08
6.093493952934617e-08
4.744069686540619e-08
3.563323453445896e-08
2.5512552536504446e-08
1.7078650871542697e-08
1.033152953958056e-08
5.271188540602324e-09
1.897627874616837e-09
2.1084754162399473e-10
2.1084754162399473e-10
1.897627874616837e-09
5.271188540602324e-09
1.033152953958056e-08
1.7078650871542697e-08
2.5512552536504446e-08
3.563323453445896e-08
4.744069686540619e-08
6.093493952934617e-08
7.611596252627893e-08
9.29837658562044e-08
1.1153834951910001e-07
1.3177971351493536e-07
1.5370785784393728e-07
1.7732278250566285e-07
2.0262448750066203e-07
2.2961297282866965e-07
2.582882384893421e-07
2.8865028448334686e-07
3.2069911080997733e-07
3.544347174699795e-07
3.8985710446299017e-07
4.2696627178856723e-07
4.6576221944757524e-07
5.062449474391104e-07
5.484144557641158e-07
5.922707444221292e-07
6.378138134126112e-07
6.850436627366223e-07
7.339602923930622e-07
7.845637023830703e-07
8.368538927054679e-07
8.908308633614736e-07
9.464946143504875e-07
1.0038451456718322e-06
1.0628824573268434e-06
1.1236065493141466e-06
1.186017421635155e-06
1.250115074289172e-06
1.315899507275421e-06
1.383370720595435e-06
1.452528714247643e-06
1.5233734882336547e-06
1.5959050425518199e-06
1.6701233772038288e-06
1.7460284921888461e-06
1.8236203875059581e-06
1.9028990631569727e-06
1.9838645191400424e-06
2.066516755457055e-06
2.066516755457055e-06
1.9838645191400424e-06
1.9028990631569727e-06
1.8236203875059581e-06
1.7460284921888461e-06
1.6701233772038288e-06
1.5959050425518199e-06
1.5233734882336547e-06
1.452528714247643e-06
1.383370720595435e-06
1.315899507275421e-06
1.250115074289172e-06
1.186017421635155e-06
1.1236065493141466e-06
1.0628824573268434e-06
1.0038451456718322e-06
9.464946143504875e-07
8.908308633614736e-07
8.368538927054679e-07
7.845637023830703e-07
7.339602923930622e-07
6.850436627366223e-07
6.378138134126112e-07
5.922707444221292e-07
5.484144557641158e-07
5.062449474391104e-07
4.6576221944757524e-07
4.2696627178856723e-07
3.8985710446299017e-07
3.544347174699795e-07
3.2069911080997733e-07
2.8865028448334686e-07
2.582882384893421e-07
2.2961297282866965e-07
2.0262448750066203e-07
1.7732278250566285e-07
1.5370785784393728e-07
1.3177971351493536e-07
1.1153834951910001e-07
9.29837658562044e-08
7.611596252627893e-08
6.093493952934617e-08
4.744069686540619e-08
3.563323453445896e-08
2.5512552536504446e-08
1.7078650871542697e-08
1.033152953958056e-08
5.271188540602324e-09
1.897627874616837e-09
2.1084754162399473e-10
2.1084754162399473e-10
1.897627874616837e-09
5.271188540602324e-09
1.033152953958056e-08
1.7078650871542697e-08
2.5512552536504446e-08
3.563323453445896e-08
4.744069686540619e-08
6.093493952934617e-08
7.611596252627893e-08
9.29837658562044e-08
1.1153834951910001e-07
1.3177971351493536e-07
1.5370785784393728e-07
1.7732278250566285e-07
2.0262448750066203e-07
2.2961297282866965e-07
2.582882384893421e-07
2.8865028448334686e-07
3.2069911080997733e-07
3.544347174699795e-07
3.8985710446299017e-07
4.2696627178856723e-07
4.6576221944757524e-07
5.062449474391104e-07
5.484144557641158e-07
5.922707444221292e-07
6.378138134126112e-07
6.850436627366223e-07
7.339602923930622e-07
7.845637023830703e-07
8.368538927054679e-07
8.908308633614736e-07
9.464946143504875e-07
1.0038451456718322e-06
1.0628824573268434e-06
1.1236065493141466e-06
1.186017421635155e-06
1.250115074289172e-06
1.315899507275421e-06
1.383370720595435e-06
1.452528714247643e-06
1.5233734882336547e-06
1.5959050425518199e-06
1.6701233772038288e-06
1.7460284921888461e-06
1.8236203875059581e-06
1.9028990631569727e-06
1.9838645191400424e-06
2.066516755457055e-06
2.066516755457055e-06
1.9838645191400424e-06
1.9028990631569727e-06
1.8236203875059581e-06
1.7460284921888461e-06
1.6701233772038288e-06
1.5959050425518199e-06
1.5233734882336547e-06
1.452528714247643e-06
1.383370720595435e-06
1.315899507275421e-06
1.250115074289172e-06
1.186017421635155e-06
1.1236065493141466e-06
1.0628824573268434e-06
1.0038451456718322e-06
9.464946143504875e-07
8.908308633614736e-07
8.368538927054679e-07
7.845637023830703e-07
7.339602923930622e-07
6.850436627366223e-07
6.378138134126112e-07
5.922707444221292e-07
5.484144557641158e-07
5.062449474391104e-07
4.6576221944757524e-07
4.2696627178856723e-07
3.8985710446299017e-07
3.544347174699795e-07
3.2069911080997733e-07
2.8865028448334686e-07
2.582882384893421e-07
2.2961297282866965e-07
2.0262448750066203e-07
1.7732278250566285e-07
1.5370785784393728e-07
1.3177971351493536e-07
1.1153834951910001e-07
9.29837658562044e-08
7.611596252627893e-08
6.093493952934617e-08
4.744069686540619e-08
3.563323453445896e-08
2.5512552536504446e-08
1.7078650871542697e-08
1.033152953958056e-08
5.271188540602324e-09
1.897627874616837e-09
2.1084754162399473e-10
2.1084754162399473e-10
1.897627874616837e-09
5.271188540602324e-09
1.033152953958056e-08
1.7078650871542697e-08
2.5512552536504446e-08
3.563323453445896e-08
4.744069686540619e-08
6.093493952934617e-08
7.611596252627893e-08
9.29837658562044e-08
1.1153834951910001e-07
1.3177971351493536e-07
1.5370785784393728e-07
1.7732278250566285e-07
2.0262448750066203e-07
2.2961297282866965e-07
2.582882384893421e-07
2.8865028448334686e-07
3.2069911080997733e-07
3.544347174699795e-07
3.8985710446299017e-07
4.2696627178856723e-07
4.6576221944757524e-07
5.062449474391104e-07
5.484144557641158e-07
5.922707444221292e-07
6.378138134126112e-07
6.850436627366223e-07
7.339602923930622e-07
7.845637023830703e-07
8.368538927054679e-07
8.908308633614736e-07
9.464946143504875e-07
1.0038451456718322e-06
1.0628824573268434e-06
1.1236065493141466e-06
1.186017421635155e-06
1.250115074289172e-06
1.315899507275421e-06
1.383370720595435e-06
1.452528714247643e-06
1.5233734882336547e-06
1.5959050425518199e-06
1.6701233772038288e-06
1.7460284921888461e-06
1.8236203875059581e-06
1.9028990631569727e-06
1.9838645191400424e-06
2.066516755457055e-06
2.066516755457055e-06
1.9838645191400424e-06
1.9028990631569727e-06
1.8236203875059581e-06
1.7460284921888461e-06
1.6701233772038288e-06
1.5959050425518199e-06
1.5233734882336547e-06
1.452528714247643e-06
1.383370720595435e-06
1.315899507275421e-06
1.250115074289172e-06
1.186017421635155e-06
1.1236065493141466e-06
1.0628824573268434e-06
1.0038451456718322e-06
9.464946143504875e-07
8.908308633614736e-07
8.368538927054679e-07
7.845637023830703e-07
7.339602923930622e-07
6.850436627366223e-07
6.378138134126112e-07
5.922707444221292e-07
5.484144557641158e-07
5.062449474391104e-07
4.6576221944757524e-07
4.2696627178856723e-07
3.8985710446299017e-07
3.544347174699795e-07
3.2069911080997733e-07
2.8865028448334686e-07
2.582882384893421e-07
2.2961297282866965e-07
2.0262448750066203e-07
1.7732278250566285e-07
1.5370785784393728e-07
1.3177971351493536e-07
1.1153834951910001e-07
9.29837658562044e-08
7.611596252627893e-08
6.093493952934617e-08
4.744069686540619e-08
3.563323453445896e-08
2.5512552536504446e-08
1.7078650871542697e-08
1.033152953958056e-08
5.271188540602324e-09
1.897627874616837e-09
2.1084754162399473e-10
2.1084754162399473e-10
1.897627874616837e-09
5.271188540602324e-09
1.033152953958056e-08
1.7078650871542697e-08
2.5512552536504446e-08
3.563323453445896e-08
4.744069686540619e-08
6.093493952934617e-08
7.611596252627893e-08
9.29837658562044e-08
1.1153834951910001e-07
1.3177971351493536e-07
1.5370785784393728e-07
1.7732278250566285e-07
2.0262448750066203e-07
2.2961297282866965e-07
2.582882384893421e-07
2.8865028448334686e-07
3.2069911080997733e-07
3.544347174699795e-07
3.8985710446299017e-07
4.2696627178856723e-07
4.6576221944757524e-07
5.062449474391104e-07
5.484144557641158e-07
5.922707444221292e-07
6.378138134126112e-07
6.850436627366223e-07
7.339602923930622e-07
7.845637023830703e-07
8.368538927054679e-07
8.908308633614736e-07
9.464946143504875e-07
1.0038451456718322e-06
1.0628824573268434e-06
1.1236065493141466e-06
1.186017421635155e-06
1.250115074289172e-06
1.315899507275421e-06
1.383370720595435e-06
1.452528714247643e-06
1.5233734882336547e-06
1.5959050425518199e-06
1.6701233772038288e-06
1.7460284921888461e-06
1.8236203875059581e-06
1.9028990631569727e-06
1.9838645191400424e-06
2.066516755457055e-06
2.066516755457055e-06
1.9838645191400424e-06
1.9028990631569727e-06
1.8236203875059581e-06
1.7460284921888461e-06
1.6701233772038288e-06
1.5959050425518199e-06
1.5233734882336547e-06
1.452528714247643e-06
1.383370720595435e-06
1.315899507275421e-06
1.250115074289172e-06
1.186017421635155e-06
1.1236065493141466e-06
1.0628824573268434e-06
1.0038451456718322e-06
9.464946143504875e-07
8.908308633614736e-07
8.368538927054679e-07
7.845637023830703e-07
7.339602923930622e-07
6.850436627366223e-07
6.378138134126112e-07
5.922707444221292e-07
5.484144557641158e-07
5.062449474391104e-07
4.6576221944757524e-07
4.2696627178856723e-07
3.8985710446299017e-07
3.544347174699795e-07
3.2069911080997733e-07
2.8865028448334686e-07
2.582882384893421e-07
2.2961297282866965e-07
2.0262448750066203e-07
1.7732278250566285e-07
1.5370785784393728e-07
1.3177971351493536e-07
1.1153834951910001e-07
9.29837658562044e-08
7.611596252627893e-08
6.093493952934617e-08
4.744069686540619e-08
3.563323453445896e-08
2.5512552536504446e-08
1.7078650871542697e-08
1.033152953958056e-08
5.271188540602324e-09
1.897627874616837e-09
2.1084754162399473e-10
2.1084754162399473e-10
1.897627874616837e-09
5.271188540602324e-09
1.033152953958056e-08
1.7078650871542697e-08
2.5512552536504446e-08
3.563323453445896e-08
4.744069686540619e-08
6.093493952934617e-08
7.611596252627893e-08
9.29837658562044e-08
1.1153834951910001e-07
1.3177971351493536e-07
1.5370785784393728e-07
1.7732278250566285e-07
2.0262448750066203e-07
2.2961297282866965e-07
2.582882384893421e-07
2.8865028448334686e-07
3.2069911080997733e-07
3.544347174699795e-07
3.8985710446299017e-07
4.2696627178856723e-07
4.6576221944757524e-07
5.062449474391104e-07
5.484144557641158e-07
5.922707444221292e-07
6.378138134126112e-07
6.850436627366223e-07
7.339602923930622e-07
7.845637023830703e-07
8.368538927054679e-07
8.908308633614736e-07
9.464946143504875e-07
1.0038451456718322e-06
1.0628824573268434e-06
1.1236065493141466e-06
1.186017421635155e-06
1.250115074289172e-06
1.315899507275421e-06
1.383370720595435e-06
1.452528714247643e-06
1.5233734882336547e-06
1.5959050425518199e-06
1.6701233772038288e-06
1.7460284921888461e-06
1.8236203875059581e-06
1.9028990631569727e-06
1.9838645191400424e-06
2.066516755457055e-06
