0.827099322442743
0.8270532766972966
0.8270082413511091
0.8269642117660141
0.8269211834282224
0.8268791519449966
0.8268381130448146
0.8267980625744584
0.8267589964971591
0.8267209108917755
0.8266838019506929
0.8266476659790046
0.8266124993917928
0.8265782987143875
0.8265450605788671
0.8265127817252567
0.8264814589984021
0.8264510893483024
0.826421669827296
0.8263931975897439
0.8263656698906676
0.8263390840853116
0.826313437628068
0.8262887280710456
0.8262649530637496
0.8262421103513875
0.8262201977741617
0.8261992132683489
0.826179154864337
0.8261600206831263
0.8261418089388918
0.8261245179421448
0.8261081460898967
0.8260926918700257
0.826078153861461
0.8260645307369663
0.826051821251574
0.8260400242489898
0.8260291386597629
0.8260191635113578
0.8260100979134394
0.8260019410627852
0.8259946922432158
0.825988350825003
0.8259829162650045
0.8259783881062992
0.8259747659781691
0.8259720495955537
0.8259702387593509
0.825969333356614
0.8259693333592619
0.8259702388261804
0.8259720499011501
0.8259747668134749
0.8259783898790074
0.8259829194993711
0.8259883561622131
0.8259947004416239
0.8260019529978604
0.8260101145783985
0.8260191860171324
0.8260291682356493
0.826040062242976
0.8260518691311177
0.8260645900876602
0.8260782263914883
0.8260927794036486
0.8261082505755195
0.8261246414535661
0.8261419536669133
0.826160188942572
0.8261793490957976
0.826199436036234
0.8262204517678124
0.8262423983875483
0.8262652780864628
0.8262890931523832
0.8263138459694976
0.8263395390187419
0.8263661748796662
0.82639375623022
0.8264222858494763
0.8264517666172357
0.8264822015157497
0.8265135936304446
0.826545946150663
0.8265792623718373
0.826613545696721
0.8266487996366954
0.8266850278119415
0.8267222339545499
0.8267604219086635
0.8267995956318818
0.8268397591987904
0.8268809167998652
0.8269230727457679
0.8269662314659052
0.8270103975144776
0.8270555755681153
0.8271017704303538
0.8270615611081553
0.8270155703930921
0.8269705885997827
0.8269266111009358
0.8268836333923247
0.8268416510989146
0.8268006599606134
0.8267606558400786
0.8267216347150628
0.8266835926760785
0.8266465259283209
0.8266104307860822
0.8265753036739448
0.8265411411259668
0.8265079397828976
0.8264756963936453
0.8264444078124213
0.8264140709991097
0.826384683014648
0.82635624102277
0.8263287422860639
0.8263021841678746
0.8262765641314207
0.8262518797344647
0.8262281286329198
0.8262053085773814
0.8261834174146082
0.8261624530856231
0.8261424136257068
0.8261232971621679
0.8261051019134198
0.8260878261929374
0.8260714684033925
0.826056027037209
0.8260415006768052
0.826027887993821
0.8260151877489335
0.8260033987909313
0.8259925200571999
0.8259825505723745
0.8259734894482125
0.8259653358833141
0.8259580891629335
0.8259517486586667
0.8259463138280133
0.8259417842140298
0.8259381594446549
0.8259354392310482
0.8259336233579129
0.825932711581625
0.8259327048930559
0.825933601576218
0.8259354028793188
0.8259381088623052
0.8259417198203494
0.8259462361490212
0.8259516583318174
0.8259579869397838
0.8259652226304235
0.8259733661476543
0.825982418322726
0.8259923800735146
0.8260032524054467
0.8260150364116485
0.8260277332730974
0.8260413442587524
0.8260558707284773
0.8260713141296596
0.8260876760006006
0.8261049579691957
0.8261231617552438
0.8261422891662767
0.826162342107299
0.8261833225760522
0.826205232658749
0.8262280745427367
0.826251850505212
0.8262765629236423
0.8263022142711741
0.8263288071198207
0.8263563441378082
0.826384828096686
0.8264142618669457
0.8264446484221601
0.8264759908377913
0.8265082922937395
0.8265415560725264
0.8265757855654419
0.8266109842705819
0.8266471557952004
0.8266843038594157
0.8267224322938634
0.8267615450452344
0.8268016461765317
0.8268427398651963
0.8268848304110376
0.8269279222286083
0.8269720198516846
0.8270171279393369
0.8270632512777412
0.8269484854165403
0.826902659051364
0.8268578371770847
0.826814015211373
0.8267711887020291
0.8267293533179116
0.8266885048500601
0.8266486391985102
0.82660975237672
0.8265718405048625
0.8265348998136759
0.8264989266466257
0.8264639174560466
0.8264298688076759
0.8263967773715083
0.826364639931668
0.826333453369142
0.8263032146735103
0.8262739209331009
0.8262455693352164
0.8262181571672736
0.8261916818126109
0.8261661407538222
0.82614153156756
0.8261178519285665
0.8260950996050856
0.8260732724607689
0.8260523684536598
0.8260323856339808
0.8260133221446071
0.8259951762190265
0.8259779461845133
0.8259616304568136
0.8259462275401973
0.8259317360291585
0.8259181546054228
0.8259054820399048
0.8258937171898004
0.8258828589998911
0.8258729065015327
0.8258638588125521
0.8258557151365679
0.8258484747618776
0.8258421370634442
0.8258367014993553
0.825832167610833
0.8258285350191643
0.8258258034123108
0.8258239724985611
0.8258230415709507
nan
0.8258238861424505
0.8258256582964119
0.8258283316963465
0.8258319065676347
0.8258363832789049
0.825841762299773
0.8258480441904525
0.8258552295983452
0.8258633192584437
0.8258723139917529
0.8258822147062383
0.8258930223959883
0.8259047381426999
0.8259173631158276
0.8259308985718078
0.825945345855847
0.8259607064014381
0.8259769817311334
0.8259941734584548
0.8260122832857771
0.8260313130042813
0.8260512644990339
0.8260721397477024
0.8260939408188503
0.8261166698739413
0.8261403291689307
0.8261649210558686
0.8261904479817357
0.8262169124921638
0.8262443172291958
0.8262726649349064
0.8263019584538902
0.8263322007325307
0.8263633948206734
0.8263955438683623
0.8264286511287418
0.8264627199627619
0.8264977538321863
0.82653375630882
0.8265707310686272
0.8266086818981648
0.8266476127031197
0.8266875275034324
0.826728430440941
0.8267703257761205
0.8268132178931255
0.8268571112884917
0.8269020105756253
0.8269479204814104
0.8267607155731757
0.8267151605841713
0.8266706028235407
0.826627037806225
0.8265844611507657
0.8265428685804497
0.8265022559261104
0.8264626191301941
0.8264239542491465
0.8263862574557119
0.8263495250428932
0.8263137534185401
0.8262789390984147
0.8262450787105301
0.826212168978969
0.8261802067310193
0.8261491888939727
0.8261191124904996
0.8260899746448127
0.8260617725780722
0.826034503608591
0.8260081651556606
0.825982754736314
0.8259582699610291
0.8259347085404805
0.8259120682763845
0.8258903470628962
0.8258695428899505
0.8258496538365121
0.8258306780703387
0.8258126138497737
0.8257954595242945
0.8257792135295383
0.8257638743895568
0.8257494407156095
0.8257359112056214
0.8257232846446035
0.8257115599035676
0.8257007359390928
0.825690811794173
0.8256817865955798
0.8256736595577452
0.8256664299744896
0.8256600972260071
0.8256546607780041
0.8256501201731756
0.8256464750366418
0.8256437250537579
0.8256418699021026
nan
nan
0.8256416749930273
0.8256434001344161
0.8256460203307281
0.8256495360593104
0.8256539477350866
0.8256592558361477
0.8256654609165879
0.8256725636161135
0.8256805646602625
0.8256894648550162
0.8256992650924253
0.8257099663486356
0.8257215696868389
0.8257340762545797
0.825747487288041
0.825761804107418
0.8257770281230343
0.8257931608312665
0.8258102038180819
0.8258281587585626
0.8258470274146457
0.825866811642554
0.825887513390561
0.8259091346943467
0.8259316776836403
0.8259551445834359
0.8259795377081457
0.8260048594674275
0.8260311123635189
0.8260582989936784
0.8260864220518411
0.8261154843300235
0.8261454887194646
0.8261764382124818
0.8262083359059013
0.8262411850040954
0.826274988815646
0.8263097507592083
0.8263454743593144
0.8263821632455796
0.8264198211471343
0.8264584518998823
0.8264980594445818
0.8265386478358555
0.8265802212416825
0.82662278396509
0.8266663404346586
0.8267108952128828
0.8267564529842524
0.8264992698789585
0.8264540900273721
0.8264098974171599
0.8263666876024801
0.8263244562496632
0.8262831991678172
0.826242912289536
0.8262035916745104
0.8261652334921148
0.82612783402085
0.8260913896376286
0.8260558968117675
0.8260213521148085
0.8259877522201531
0.8259550938991775
0.8259233740299017
0.8258925895939764
0.825862737679887
0.8258338154733479
0.8258058202642709
0.8257787494312792
0.8257526004545743
0.825727370902714
0.8257030584379828
0.8256796608105288
0.825657175862392
0.8256356015250805
0.8256149358207946
0.8255951768581098
0.8255763228374465
0.825558372045834
0.8255413228580502
0.8255251737386764
0.8255099232366063
0.825495569988694
0.8254821127156399
0.8254695502261332
0.8254578814073017
0.8254471052383192
0.8254372207783747
0.8254282271669382
0.8254201236329596
0.8254129094818471
0.8254065841047631
0.8254011469744739
0.8253965976497377
0.8253929357587374
0.8253901610272742
nan
nan
nan
nan
0.8253895916700205
0.8253921385229297
0.8253955729208358
0.8253998952157484
0.8254051058567196
0.8254112053689993
0.8254181943738226
0.825426073575515
0.8254348437567962
0.8254445057875597
0.8254550606236856
0.825466509300266
0.8254788529411529
0.8254920927522197
0.8255062300246385
0.8255212661313684
0.8255372025399113
0.8255540407967273
0.8255717825327515
0.8255904294701352
0.8256099834178873
0.8256304462732466
0.8256518200221006
0.8256741067429774
0.8256973086045855
0.8257214278702596
0.8257464668968288
0.8257724281356376
0.8257993141334341
0.8258271275337442
0.8258558710795991
0.8258855476025938
0.8259161600338926
0.8259477113987103
0.8259802048145947
0.8260136435009738
0.8260480307783491
0.8260833700718124
0.8261196649174297
0.8261569189680951
0.8261951359941647
0.8262343198790251
0.8262744746156526
0.8263156043017805
0.826357713135075
0.8264008054064274
0.8264448855194441
0.8264899579988012
0.8261655444111276
0.8261208383242256
0.8260771068268102
0.8260343456568232
0.8259925506466675
0.8259517177274402
0.825911842910497
0.8258729223156298
0.8258349521711646
0.8257979288180101
0.825761848716183
0.8257267084376394
0.825692504663971
0.8256592341785177
0.8256268938584306
0.8255954806792551
0.8255649917000206
0.8255354240825576
0.8255067750688558
0.8254790419991527
0.8254522223109431
0.8254263135244584
0.8254013132684299
0.8253772192538444
0.825354029284894
0.8253317412635242
0.825310353170579
0.825289863082523
0.8252702691611384
0.8252515696502283
0.825233762883862
0.8252168472800692
0.8252008213338669
0.8251856836300735
0.8251714328375865
0.8251580677044602
0.8251455870630111
0.825133989825528
0.8251232749876112
0.8251134416249102
0.8251044889006367
0.8250964160483708
0.8250892223860364
0.825082907314298
0.8250774703074768
0.8250729109173315
0.8250692287684793
0.8250664235296724
nan
nan
nan
nan
nan
nan
0.8250713388680793
0.8250755495720643
0.8250806383314917
0.8250866056893212
0.8250934522538516
0.8251011787056144
0.8251097858110659
0.8251192744073226
0.8251296454257128
0.8251408998663825
0.8251530388167797
0.825166063445373
0.8251799750033958
0.8251947748277948
0.8252104643361227
0.8252270450301709
0.8252445185007906
0.825262886420215
0.8252821505516187
0.8253023127411859
0.8253233749254172
0.8253453391265205
0.8253682074567574
0.8253919821134612
0.8254166653840723
0.8254422596445041
0.8254687673565505
0.825496191074474
0.8255245334441367
0.8255537972073247
0.8255839852022753
0.8256151003640895
0.825647145740912
0.8256801244698452
0.8257140398058374
0.8257488951013008
0.8257846938040944
0.8258214394573836
0.8258591357000394
0.8258977862632043
0.8259373949798644
0.8259779657960942
0.8260195027818416
0.826062010144077
0.8261054922077395
0.8261499534399684
0.825761281765254
0.8257171428053935
0.8256739633725447
0.8256317392967865
0.8255904665351783
0.8255501411791557
0.8255107594127116
0.82547231752228
0.8254348118856734
0.8253982389635699
0.8253625953079655
0.8253278775732713
0.8252940825128946
0.8252612069862428
0.8252292479515365
0.8251982024746192
0.8251680677156765
0.8251388409328326
0.8251105194710538
0.8250831007600488
0.825056582327153
0.8250309617779698
0.8250062368054856
0.8249824051849463
0.8249594647825047
0.8249374135506948
0.824916249524551
0.8248959708253073
0.8248765756631344
0.8248580623303672
0.8248404292042748
0.8248236747445522
0.8248077974898544
0.8247927960660995
0.8247786691746465
0.8247654156043125
0.8247530342146527
0.8247415239517848
0.8247308838416106
0.8247211129763604
0.8247122105416653
0.8247041757954079
0.824697008070528
0.8246907067787148
0.8246852714067023
0.8246807015320761
0.8246769967830282
nan
nan
nan
nan
nan
nan
nan
nan
0.8246825682653411
0.8246875126627327
0.824693323432798
0.8247000011453345
0.8247075464551785
0.8247159600999705
0.8247252428788243
0.8247353956899468
0.8247464194933225
0.8247583153380879
0.8247710843492804
0.824784727740469
0.8247992467933442
0.8248146428799552
0.8248309174482198
0.8248480720318829
0.8248661082448079
0.8248850277829691
0.8249048324245032
0.8249255240280418
0.8249471045416177
0.8249695759916363
0.8249929404936003
0.8250172002469802
0.8250423575397505
0.8250684147543752
0.8250953743606508
0.8251232389252378
0.825152011106236
0.8251816936595108
0.8252122894369085
0.8252438013731038
0.825276232503196
0.8253095859475507
0.825343864910759
0.8253790727009968
0.8254152127099147
0.8254522884351905
0.8254903035003133
0.8255292616273848
0.8255691666680739
0.825610022586375
0.8256518334565426
0.8256946034274021
0.8257383367556856
0.8252885391060534
0.8252450535389286
0.8252025103431675
0.8251609054813083
0.8251202350265239
0.8250804951676471
0.8250416822180715
0.8250037926071077
0.8249668228541631
0.8249307695796853
0.8248956294830329
0.8248613993549261
0.8248280760741772
0.8247956566007091
0.8247641379920682
0.8247335174047482
0.8247037920805566
0.8246749593644219
0.8246470166893551
0.8246199615838157
0.8245937916559709
0.824568504602466
0.8245440982054014
0.8245205703295726
0.8244979189112662
0.8244761419790956
0.8244552376397007
0.8244352040756963
0.824416039555437
0.8243977424236072
0.8243803111074159
0.8243637441144366
0.8243480400296324
0.8243331975181667
0.8243192153213605
0.8243060922598546
0.8242938272341381
0.8242824192170828
0.8242718672617226
0.8242621704954887
0.8242533281200773
0.8242453394165975
0.8242382037396181
0.8242319205153703
0.8242264892509075
0.8242219095225964
nan
nan
nan
nan
nan
nan
nan
nan
nan
nan
nan
0.8242333212008368
0.8242398069142708
0.8242471460801817
0.824255339398299
0.8242643876380007
0.8242742916490078
0.8242850523579615
0.8242966707586432
0.8243091479361404
0.824322485041427
0.8243366833038579
0.8243517440373633
0.8243676686232504
0.8243844585278071
0.8244021152937806
0.8244206405468688
0.824440035981583
0.8244603033864244
0.8244814446195492
0.8245034616307718
0.8245263564515942
0.8245501311943424
0.8245747880646894
0.8246003293492891
0.8246267574295649
0.8246540747649265
0.8246822839110868
0.8247113875059369
0.8247413882712755
0.8247722890138734
0.8248040926270601
0.824836802088376
0.8248704204717778
0.8249049509467717
0.8249403967803448
0.8249767613556533
0.8250140481624841
0.8250522607781029
0.8250914029091238
0.8251314783423438
0.8251724909267305
0.8252144446293319
0.8252573434919731
0.8247496480443837
0.8247068950141805
0.8246650651897119
0.8246241547075172
0.824584159803327
0.8245450768153927
0.8245069021908951
0.8244696324972143
0.8244332643907175
0.8243977946367378
0.824363220077595
0.8243295376478159
0.8242967443603842
0.824264837307473
0.8242338136745186
0.8242036707254571
0.824174405814573
0.8241460163832509
0.8241184999630554
0.8240918541751546
0.8240660767213557
0.8240411653842623
0.824017118033954
0.8239939326197846
0.8239716071643182
0.8239501397735898
0.8239295286225229
0.8239097719737571
0.8238908681586337
0.8238728155847208
0.8238556127377019
0.823839258180367
0.8238237505475796
0.8238090885527558
0.8237952709782972
0.8237822966925039
0.8237701646235149
0.8237588737824955
0.8237484232536533
0.8237388121938627
0.8237300398280687
0.8237221054505824
0.8237150084415309
0.8237087482475622
nan
nan
nan
nan
nan
nan
nan
nan
nan
nan
nan
nan
nan
nan
nan
0.8237222146953823
0.8237301644288937
0.8237389531770987
0.8237485817455048
0.8237590510102452
0.8237703619258059
0.823782515507704
0.8237955128554597
0.8238093551365958
0.8238240435973363
0.823839579553532
0.8238559644000016
0.8238731996034432
0.8238912867095352
0.8239102273364793
0.8239300231826571
0.8239506760299017
0.823972187729939
0.823994560221051
0.8240177955211092
0.8240418957322975
0.8240668630358882
0.8240926997018747
0.8241194080707807
0.8241469905736705
0.8241754497238618
0.8242047881100347
0.8242350083966066
0.8242661133438315
0.8242981057943883
0.8243309886792889
0.8243647650214521
0.8243994379461195
0.8244350106770697
0.8244714865461505
0.8245088689700637
0.8245471614561652
0.8245863676053571
0.8246264910966852
0.8246675356815124
0.8247095052267615
0.8241471725925062
0.8241052236026928
0.8240641768869842
0.8240240287836434
0.823984775686321
0.8239464141167426
0.8239089406939581
0.8238723521350555
0.8238366452683339
0.8238018169917232
0.8237678642994974
0.8237347842656593
0.8237025740427406
0.8236712308616437
0.8236407520290795
0.8236111349414801
0.8235823770699806
0.8235544759744649
0.8235274292979884
0.8235012347567554
0.8234758901599625
0.8234513933911394
0.823427742405367
0.8234049352399819
0.8233829700069838
0.8233618448903858
0.8233415581462454
0.823322108104809
0.8233034931690766
0.8232857118151936
0.8232687625906598
0.8232526441183774
0.8232373550857043
0.8232228942571981
0.8232092604683411
0.8231964526247885
0.8231844697001521
0.8231733107421032
0.823162974864137
0.8231534612499405
0.8231447691627638
0.8231368979105811
nan
nan
nan
nan
nan
nan
nan
nan
nan
nan
nan
nan
nan
nan
nan
nan
nan
nan
nan
0.8231514117112224
0.8231607425251279
0.8231708965307206
0.8231818746279185
0.8231936777749942
0.8232063070050681
0.8232197634271858
0.8232340482173413
0.8232491626159523
0.8232651079383373
0.8232818855770261
0.8232994969896377
0.8233179437130651
0.8233372273506268
0.8233573495850941
0.823378312175933
0.8234001169511118
0.8234227658230319
0.8234462607815521
0.8234706038948683
0.8234957973051145
0.8235218432370419
0.8235487439883102
0.8235765019428074
0.8236051195548475
0.8236345993571359
0.8236649439572241
0.8236961560532987
0.8237282384159892
0.8237611939141346
0.8237950254996556
0.823829736223566
0.8238653292329728
0.8239018077643274
0.8239391751515903
0.823977434800935
0.8240165902056291
0.824056644939958
0.8240976026628895
