0.8270993125437416
0.8270532672081478
0.8270082322621077
0.8269642030679047
0.8269211751113154
0.8268791440004288
0.8268381054630258
0.8267980553461848
0.8267589896135904
0.826720904343656
0.8266837957292472
0.8266476600751935
0.826612493797039
0.8265782934197355
0.8265450555756657
0.8265127770047231
0.8264814545521759
0.8264510851677748
0.8264216659036729
0.8263931939147824
0.8263656664557149
0.8263390808822298
0.8263134346482762
0.8262887253064523
0.8262649505057357
0.8262421079917294
0.8262201956050139
0.8261992112811103
0.8261791530505314
0.8261600190348444
0.8261418074494516
0.8261245166016988
0.8261081448910339
0.826092690804062
0.8260781529218345
0.8260645299135407
0.8260518205400945
0.8260400236375689
0.826029138142476
0.8260191630802578
0.8260100975606822
0.8260019407804751
0.8259946920234699
0.8259883506599408
0.8259829161468761
0.8259783880272965
0.8259747659302346
0.8259720495711899
0.8259702387508485
0.8259693333561692
0.8259693333589178
0.8259702388173653
0.8259720498767009
0.8259747667655597
0.8259783897999597
0.8259829193812244
0.8259883559971881
0.8259947002218184
0.8260019527155296
0.8260101142254388
0.8260191855858889
0.826029167718132
0.8260400616312225
0.8260518684183554
0.8260645892655605
0.8260782254488805
0.826092778336652
0.8261082493766772
0.8261246401105415
0.8261419521760631
0.8261601872931538
0.8261793472803213
0.8261994340462491
0.8262204495962788
0.826242396025352
0.8262652755255214
0.8262890903844987
0.826313842986111
0.8263395358116038
0.8263661714405507
0.8263937525502566
0.8264222819202708
0.8264517624305057
0.8264821970627323
0.8265135889025719
0.8265459411394136
0.8265792570683937
0.82661354009238
0.8266487937225815
0.8266850215791894
0.826722227394377
0.8267604150119395
0.8267995883898684
0.826839751602364
0.826880908839348
0.8269230644127661
0.8269662227497016
0.8270103884065307
0.8270555660586318
0.8271017605096951
0.8270615508042083
0.8270155605003846
0.8269705791226445
0.8269266020176667
0.8268836246788559
0.8268416427537584
0.8268006519879
0.8267606482319027
0.8267216274504964
0.8266835857355155
0.8266465193058994
0.8266104244834134
0.8265752976901759
0.8265411354486919
0.826507934394898
0.8264756912807907
0.826444402970069
0.8264140664252461
0.8263846787059113
0.8263562369699671
0.8263287384754887
0.826302180585295
0.8262765607651986
0.8262518765770985
0.8262281256794832
0.8262053058255842
0.8261834148581353
0.8261624507172478
0.8261424114357352
0.826123295140707
0.8261051000488526
0.8260878244750915
0.8260714668232461
0.8260560255866888
0.8260414993498174
0.8260278867843608
0.826015186650614
0.8260033977975862
0.8259925191625979
0.8259825497693803
0.8259734887299892
0.8259653352425995
0.8259580885927491
0.8259517481522871
0.8259463133794287
0.8259417838188239
0.8259381591019732
0.8259354389478946
0.8259336231735521
0.8259327117982551
0.8259327038990856
0.82593360098264
0.8259354023543357
0.8259381083507287
0.8259417192991223
0.8259462356033143
0.8259516577505204
0.8259579863131381
0.8259652219492144
0.8259733654034115
0.8259824175064958
0.8259923791763603
0.8260032514180438
0.8260150353247739
0.8260277320763652
0.8260413429426421
0.8260558692834116
0.8260713125472463
0.8260876742724925
0.8261049560888077
0.8261231597163917
0.8261422869654902
0.8261623397389887
0.8261833200289396
0.8262052299263266
0.8262280716091799
0.8262518473597866
0.8262765595560488
0.8263022106742006
0.8263288032900701
0.8263563400725447
0.8263848237899951
0.8264142573080486
0.8264446435958134
0.8264759857306833
0.8265082868973143
0.8265415503871072
0.8265757795860698
0.8266109779876621
0.8266471491891985
0.8266842969143463
0.8267224250073726
0.8267615374203408
0.8268016382092447
0.8268427315344152
0.8268848216974631
0.8269279131280658
0.8269720103694389
0.8270171180653155
0.8270632409801724
0.8269484739532731
0.8269026480301447
0.8268578265234342
0.8268140049180683
0.8267711788190948
0.8267293438547899
0.8266884957490274
0.8266486304067309
0.8266097438943221
0.8265718323692369
0.8265348920419318
0.8264989192107702
0.8264639103165234
0.8264298619429471
0.8263967707902675
0.8263646336552685
0.8263334473982097
0.8263032089851319
0.8262739154926062
0.8262455641169348
0.8262181521637086
0.8261916770338924
0.8261661362087946
0.8261415272610745
0.8261178478503799
0.8260950957370565
0.8260732687811927
0.8260523649435871
0.8260323822824756
0.8260133189473928
0.8259951731762505
0.8259779432986357
0.8259616277281697
0.8259462249665507
0.8259317336038805
0.8259181523195092
0.825905479881142
0.825893715145738
0.8258828570578626
0.8258729046493984
0.8258638570387893
0.8258557134315699
0.8258484731174436
0.8258421354720455
0.8258366999557005
0.8258321661114131
0.8258285335649994
0.8258258020201629
0.8258239712423575
0.8258230411150368
nan
0.8258238846020085
0.8258256566939871
0.8258283300602038
0.8258319048958132
0.8258363815631389
0.8258417605310618
0.8258480423611375
0.8258552277018135
0.8258633172889117
0.8258723119445219
0.8258822125772955
0.8258930201828837
0.8259047358428371
0.8259173607254371
0.825930896086549
0.8259453432673599
0.8259607036977203
0.8259769788969615
0.8259941704763777
0.8260122801368637
0.8260313096739889
0.8260512609784844
0.8260721360349761
0.8260939369185594
0.8261166657906368
0.8261403249015905
0.8261649165901133
0.8261904432941061
0.826216907552949
0.8262443120215613
0.8262726594593355
0.8263019527242567
0.8263321947641706
0.8263633886063114
0.8263955373801883
0.8264286443275682
0.8264627128356071
0.8264977463951126
0.8265337485836555
0.8265707230424082
0.8266086735221748
0.8266476039369111
0.8266875183586093
0.8267284209646739
0.8267703159747006
0.8268132077064303
0.8268571006663005
0.8269019995471047
0.826947909092415
0.8267607020953023
0.8267151475683071
0.8266705903171383
0.8266270256848138
0.8265844493078296
0.8265428570473587
0.826502244804802
0.8264626084392925
0.8264239439116039
0.82638624739852
0.8263495152752237
0.8263137440009998
0.8262789300607338
0.8262450700097685
0.8262121605454309
0.8261801985172101
0.8261491809094672
0.8261191047760441
0.8260899672327934
0.8260617654657363
0.8260344967592529
0.8260081585241064
0.8259827482940618
0.8259582637036196
0.8259347024836827
0.8259120624421863
0.8258903414628332
0.8258695375191547
0.8258496486754869
0.8258306730908381
0.8258126090193765
0.8257954548181248
0.8257792089305569
0.8257638698907019
0.8257494363155378
0.8257359069084121
0.8257232804555289
0.825711555826784
0.8257007319778686
0.8256908079485303
0.8256817828642733
0.8256736559356368
0.8256664264593259
0.8256600938199644
0.825654657481086
0.8256501169927566
0.8256464719903944
0.8256437221944102
0.8256418673657265
nan
nan
0.8256416706878178
0.8256433961182749
0.8256460164688195
0.825649532280464
0.8256539439945735
0.8256592521064441
0.8256654571871025
0.8256725598736374
0.8256805608921766
0.8256894610435911
0.8256992612230407
0.8257099624042497
0.8257215656469092
0.8257340720969054
0.8257474829914663
0.8257617996522919
0.8257770234955496
0.8257931560263874
0.8258101988392135
0.8258281536184384
0.825847022129149
0.825866806222255
0.8258875078355357
0.8259091289866298
0.825931671790552
0.8259551384656847
0.8259795313400453
0.8260048528430651
0.8260311055033023
0.8260582919257886
0.8260864147855513
0.8261154768349717
0.8261454809416443
0.8261764301021927
0.8262083274612533
0.8262411762682991
0.8262749798360677
0.8263097415344534
0.826345464823136
0.8263821533285314
0.8264198108527326
0.8264584412962052
0.8264980485604757
0.8265386365940384
0.8265802095379206
0.8266227718056596
0.8266663279406234
0.8267108824250139
0.8267564397795353
0.8264992537156706
0.8264540741875235
0.8264098820926922
0.8263666727776651
0.8263244417584183
0.8262831849488156
0.8262428984425443
0.8262035782979142
0.8261652205383443
0.8261278213554831
0.8260913771867342
0.8260558846244543
0.8260213402814567
0.8259877407807624
0.8259550827996869
0.8259233631853753
0.8258925789595469
0.8258627272764326
0.8258338053558639
0.8258058104697232
0.8257787399521259
0.8257525912378194
0.8257273618853768
0.8257030495748148
0.8256796520910947
0.8256571673077484
0.825635593169822
0.8256149276915712
0.8255951689657816
0.825576315171761
0.8255583645810491
0.8255413155620934
0.8255251665753517
0.8255099161808983
0.8254955630266523
0.8254821058394289
0.8254695434326995
0.8254578747032677
0.8254470986301141
0.8254372142698346
0.8254282207670688
0.8254201173436406
0.8254129033060287
0.8254065780451475
0.8254011410362068
0.825396591836637
0.8253929300843121
0.8253901555187275
nan
nan
nan
nan
0.8253895848025896
0.8253921318957826
0.825395566442698
0.825399888830967
0.8254050995239517
0.8254111990631736
0.8254181880715582
0.82542606725083
0.825434837386651
0.825444499352324
0.825455054094119
0.8254665026536581
0.82547884615467
0.8254920858081402
0.8255062229108687
0.8255212588529307
0.8255371951060686
0.8255540332238881
0.8255717748422298
0.8255904216705139
0.8256099755022049
0.8256304382117717
0.8256518117698599
0.8256740982513001
0.825697299839073
0.8257214188296077
0.8257464576131046
0.825772418657872
0.8257993044947055
0.8258271177163412
0.8258558610245704
0.8258855372372331
0.8259161493313719
0.8259477003922916
0.8259801935717022
0.8260136320426594
0.8260480190390451
0.8260833579381465
0.8261196523561697
0.8261569060495497
0.8261951228315583
0.8262343064683958
0.82627446082681
0.8263155900393518
0.826357698474607
0.8264007904718833
0.8264448702542728
0.826489942197363
0.8261655247375989
0.8261208191462996
0.8260770882221805
0.8260343274374318
0.8259925326389387
0.8259516999922334
0.8259118256191393
0.8258729055150575
0.8258349357428404
0.8257979126352886
0.8257618327899907
0.825726692869307
0.8256924895246409
0.8256592194276368
0.8256268793764969
0.825595466378924
0.8255649775837153
0.8255354102242397
0.8255067615347944
0.8254790288063233
0.8254522094204128
0.8254263008646653
0.8254013007823175
0.8253772069277614
0.8253540171409909
0.8253317293422849
0.8253103415074319
0.8252898516907586
0.8252702580236173
0.8252515587311632
0.8252337521346307
0.8252168366561088
0.8252008108064828
0.8251856731817206
0.8251714224629538
0.8251580574112785
0.8251455768602777
0.8251339797276653
0.8251232650064128
0.8251134317715526
0.8251044791762383
0.8250964064585175
0.8250892129310274
0.8250828979948484
0.8250774611287495
0.8250729018825792
0.8250692198778726
0.8250664148133384
nan
nan
nan
nan
nan
nan
0.8250713289714671
0.8250755397635066
0.8250806285951062
0.8250865959922643
0.8250934425813329
0.8251011690388297
0.8251097761304023
0.8251192646957924
0.8251296356516238
0.8251408900010408
0.8251530288255038
0.8251660532958545
0.8251799646704773
0.8251947642915236
0.8252104535931781
0.8252270340951451
0.8252445074028508
0.8252628751922326
0.825282139221568
0.8253023013154807
0.8253233633816344
0.8253453274149962
0.8253681955159848
0.8253919698950747
0.8254166528814846
0.8254422468919642
0.8254687544121506
0.8254961779749579
0.82552452015773
0.8255537836557072
0.825583971293365
0.8256150860747453
0.8256471311311852
0.8256801096417897
0.8257140247894331
0.8257488798159244
0.8257846781295664
0.8258214233568887
0.8258591192675031
0.8258977695983282
0.8259373780298167
0.8259779483829397
0.8260194848326727
0.8260619918165992
0.8261054736619161
0.8261499345799763
0.8257612580456155
0.8257171195957013
0.825673940455197
0.8256317166621306
0.8255904443668265
0.8255501195607825
0.8255107381949256
0.8254722965359803
0.8254347911135496
0.8253982185416884
0.8253625753348723
0.8253278580178257
0.8252940632538249
0.82526118793512
0.8252292291330137
0.82519818397476
0.8251680496022942
0.8251388231859383
0.8251105020111065
0.8250830834960481
0.8250565652169793
0.8250309448350279
0.825006220089117
0.8249823887460193
0.8249594486450216
0.8249373976960857
0.8249162339049001
0.8248959553879781
0.8248765603629964
0.8248580471474282
0.8248404141397653
0.8248236598170291
0.8248077827265387
0.8247927814888962
0.8247786548025691
0.8247654014411172
0.8247530202584605
0.824741510189346
0.8247308702526859
0.8247210995490162
0.8247121972583142
0.8247041626383271
0.824696995033455
0.8246906938567756
0.8246852586159898
0.8246806888886333
0.8246769843222402
nan
nan
nan
nan
nan
nan
nan
nan
0.8246825547056622
0.82468749895131
0.8246933096003441
0.8246999872173466
0.8247075324435982
0.8247159460139697
0.8247252287380136
0.8247353815031838
0.8247464052740348
0.8247583010952804
0.8247710700831931
0.824784713435754
0.8247992324281922
0.8248146284132654
0.8248309028355445
0.8248480572278889
0.8248660932169672
0.8248850125222681
0.8249048169450888
0.8249255083690914
0.8249470887452185
0.8249695600775474
0.8249929244446568
0.8250171840008662
0.8250423410191062
0.8250683979009072
0.8250953571730371
0.8251232214651794
0.8251519934597675
0.8251816758644004
0.8252122714403431
0.8252437830731943
0.8252762138195373
0.8253095668998317
0.8253438455999808
0.825379053191151
0.8254151929247873
0.82545226821943
0.8254902827956672
0.8255292405424652
0.8255691453596404
0.8256100010307942
0.8256518114621563
0.8256945809032705
0.8257383138729093
0.825288510377796
0.8252450252296819
0.8252024826217791
0.8251608782384637
0.8251202080744142
0.8250804684921008
0.8250416559607
0.8250037668685463
0.8249667975328597
0.8249307445132807
0.8248956046128715
0.8248613747570677
0.8248280518556639
0.8247956327999457
0.8247641145397766
0.8247334942044806
0.8247037690854997
0.824674936609898
0.8246469942455457
0.8246199394946103
0.8245937699119421
0.8245684831387392
0.8245440769436037
0.8245205492158303
0.8244978979331317
0.8244761211638416
0.8244552170307363
0.8244351837140702
0.8244160194609763
0.8243977225928725
0.8243802915111149
0.8243637247148414
0.8243480207827478
0.824333178389136
0.8243191962887854
0.8243060733096454
0.8242938083642369
0.8242824004329581
0.8242718485717306
0.8242621519066792
0.8242533096436999
0.824245321051209
0.8242381854955224
0.8242319023862454
0.8242264712359226
nan
nan
nan
nan
nan
nan
nan
nan
nan
nan
nan
nan
0.8242333028981935
0.8242397886494298
0.8242471278355366
0.8242553211495811
0.824264369358999
0.824274273307912
0.824285033919586
0.8242966521936098
0.8243091292092531
0.824322466133904
0.8243366642048565
0.824351724752344
0.824367649173898
0.8243844389459296
0.824402095604866
0.8244206207684763
0.8244400161084018
0.8244602833763135
0.8244814244163599
0.8245034411709685
0.8245263356950013
0.8245501101458748
0.8245747667722398
0.8246003078787632
0.824626735819515
0.8246540529921873
0.8246822619037738
0.8247113651682709
0.8247413655717579
0.8247722660036917
0.8248040694012411
0.8248367786888231
0.8248703968171894
0.8249049269072511
0.8249403722859837
0.8249767364875995
0.825014023051948
0.8250522354491089
0.8250913772293473
0.825131452171213
0.8251724643196695
0.8252144177447072
0.8252573163345609
0.8247496140081725
0.8247068612629377
0.8246650318778124
0.8246241219388437
0.8245841274744995
0.8245450447852105
0.8245068704450944
0.8244696011468663
0.8244332335048491
0.8243977641422408
0.8243631898480923
0.8243295076409142
0.8242967146302962
0.8242648079530785
0.8242337847396692
0.8242036421598884
0.8241743775193353
0.8241459882922972
0.8241184720714712
0.8240918265317924
0.8240660493915584
0.8240411383991828
0.824017091376168
0.823993906229526
0.823971580974683
0.8239501137412386
0.8239295027312395
0.8239097462322127
0.8238908425954882
0.8238727902346521
0.8238555876180181
0.823839233295603
0.82382372589185
0.8238090641001532
0.8237952466994682
0.8237822725578292
0.823770140608563
0.8237588498665553
0.8237483994219572
0.823738788433378
0.8237300161322062
0.8237220818229685
0.8237149848816661
0.8237087247472792
nan
nan
nan
nan
nan
nan
nan
nan
nan
nan
nan
nan
nan
nan
nan
0.8237221914215158
0.82373014105988
0.8237389296870727
0.8237485581204872
0.8237590272337402
0.8237703379868414
0.8237824914124727
0.8237954886110468
0.8238093307655131
0.8238240191217956
0.8238395549926918
0.8238559397668258
0.8238731748886631
0.8238912618817636
0.8239102023468223
0.8239299979726314
0.8239506505528413
0.8239721619664997
0.8239945341930728
0.824017769279812
0.8240418693312742
0.8240668365091015
0.8240926730233832
0.8241193811688505
0.8241469633753209
0.8241754221908817
0.8242047602769558
0.8242349803298783
0.8242660850800004
0.8242980772888786
0.8243309598259767
0.8243647357505186
0.8243994083066141
0.8244349807920603
0.8244714564704494
0.824508838621677
0.8245471306753944
0.8245863363465314
0.8246264594909125
0.8246675038288263
0.8247094730229174
0.8241471324509694
0.824105183783244
0.8240641375453575
0.8240239899590233
0.8239847372531182
0.8239463759358387
0.8239089027943451
0.8238723146472802
0.8238366082694453
0.8238017804269624
0.823767828056027
0.823734748275422
0.8237025383317363
0.8236711954928432
0.8236407170375891
0.8236111002932521
0.8235823427025704
0.8235544418456558
0.8235273954169539
0.8235012011605698
0.8234758568928885
0.8234513604653901
0.823427709789143
0.8234049028778687
0.8233829378393338
0.823361812868385
0.8233415262622502
0.8233220763729889
0.8233034616193451
0.8232856804751774
0.8232687314852061
0.8232526132531083
0.8232373244503246
0.8232228638306007
0.8232092302261319
0.8231964225423244
0.8231844397435976
0.8231732808983147
0.8231629451142587
0.8231534315891074
0.8231447395696766
0.8231368683982683
nan
nan
nan
nan
nan
nan
nan
nan
nan
nan
nan
nan
nan
nan
nan
nan
nan
nan
nan
0.8231513824495587
0.8231607131402017
0.8231708670090485
0.823181844949287
0.8231936479407576
0.823206277018701
0.8232197333065655
0.8232340179751532
0.8232491322779933
0.8232650775196928
0.8232818550824765
0.8232994663991503
0.8233179129918562
0.8233371964488627
0.8233573184519833
0.823378280777838
0.8234000852831513
0.8234227339157734
0.8234462286777033
0.8234705716294571
0.8234957648754369
0.8235218105981161
0.8235487110710706
0.823576468702363
0.8236050860087232
0.8236345655702875
0.8236649099879301
0.8236961218955716
0.8237282039788789
0.8237611590866086
0.823794990234571
0.8238297006103308
0.8238652933752304
0.8239017716921756
0.8239391387740387
0.8239773980237078
0.824016553039516
0.8240566074793002
0.8240975649021207
