nan
nan
nan
nan
nan
nan
nan
nan
nan
nan
nan
nan
nan
nan
nan
nan
nan
nan
nan
nan
nan
nan
nan
nan
nan
nan
nan
nan
nan
nan
nan
nan
nan
nan
nan
nan
nan
nan
nan
nan
nan
nan
nan
nan
nan
nan
nan
nan
nan
nan
nan
nan
nan
nan
nan
nan
nan
nan
nan
nan
nan
nan
nan
nan
nan
nan
nan
nan
nan
nan
nan
nan
nan
nan
nan
nan
nan
nan
nan
nan
nan
nan
nan
nan
nan
nan
nan
nan
nan
nan
nan
nan
nan
nan
nan
nan
nan
nan
nan
nan
0.4223684953352921
0.4224595531565201
0.42254861288693485
0.4226356824423048
0.422720769293475
0.422803881181394
0.42288502644260173
0.4229642138867783
0.4230414524753583
0.42311675095081247
0.4231901175732212
0.42326156002445253
0.4233310854419713
0.4233987005461384
0.4234644117773477
0.42352822541938484
0.4235901476558823
0.4236501845918541
0.4237083422356767
0.4237646264546772
0.4238190429452866
0.4238715971856434
0.4239222944226765
0.4239711396681095
0.42401813769801266
0.4240632930581639
0.4241066100863486
0.4241480929190589
0.4241877455000806
0.42422557158922114
0.42426157476953885
0.4242957584453677
0.4243281258442315
0.4243586800196576
0.4243874238478729
0.42441436002767324
0.42443949107943196
0.4244628193434571
0.4244843469827305
0.42450407598113027
0.4245220081452119
0.42453814510395627
0.42455248831047354
0.42456503904146214
0.42457579839854026
0.4245847673083154
0.4245919465234822
0.4245973366228275
0.42460093801171694
0.42460275092219246
0.4246027754132108
0.42460101137070927
0.4245974585077198
0.4245921163642445
0.4245849843069335
0.4245760615299107
0.42456534705349996
0.4245528397240638
0.42453853821529
0.42452244102585684
0.4245045464799285
0.42448485272715125
0.4244633577411875
0.4244400593195064
0.42441495507954535
0.42438804246308326
0.42435931872425503
0.42432878093633525
0.4242964259831127
0.4242622505616245
0.4242262511725736
0.42418842412816127
0.42414876553941655
0.4241072713291467
0.42406393723452024
0.42401875880476264
0.42397173142169886
0.4239228503021828
0.42387211050176954
0.42381950691160153
0.42376503425195877
0.42370868704082393
0.4236504595612314
0.42359034581399413
0.4235283394850477
0.42346443392156774
0.42339862216418084
0.4233308969967154
0.42326125106596846
0.4231896770054123
0.4231161675268118
0.4230407154299852
0.42296331347186233
0.42288395408449786
0.4228026290460223
0.422719329170094
0.42263404431508805
0.42254676372254707
0.4224574767381105
0.422366173621701
0.42250296087126826
0.4225938238092306
0.4226826924283047
0.42276957452890207
0.4228544785917205
0.42293741380124805
0.42301838962988525
0.423097415402935
0.42317449991157907
0.4232496512942704
0.42332287704817934
0.42339418420373875
0.4234635795116769
0.4235310695794063
0.4235966609676883
0.42366036018904846
0.4237221736877109
0.4237821077625544
0.4238401685274219
0.4238963618545987
0.42395069336203
0.4240031684133234
0.4240537921125058
0.42410256934500273
0.42414950477373525
0.4241946028713086
0.4242378679225626
0.4242793040345941
0.42431891514567077
0.42435670501849376
0.42439267723977836
0.4244268352213206
0.424459182197027
0.4244897212190061
0.4245184551597221
0.4245453867085026
0.42457051837424165
0.4245938524865652
0.4246153911948999
0.42463513647232276
0.42465309011362273
0.4246692537376826
0.42468362878789223
0.4246962165353516
0.4247070180762331
0.4247160343342259
0.4247232660603887
0.4247287138336021
0.4247323780609935
0.4247342589777321
0.4247343566472763
0.4247326709612708
0.4247292016394542
0.42472394822973225
0.4247169101077499
0.4247080864767369
0.42469747636742844
0.4246850786377345
0.4246708919721425
0.42465491488208323
0.42463714570500005
0.4246175826062712
0.42459622357346355
0.4245730664226537
0.42454810879565064
0.4245213481552427
0.4244927817916071
0.42446240681412517
0.42443022015371595
0.4243962185528888
0.42436039857049657
0.42432275657507734
0.4242832887349574
0.4242419910181834
0.42419885919363587
0.42415388882609695
0.42410707528271835
0.42405841374112885
0.42400789919811455
0.42395552648763013
0.423901290292447
0.4238451851564681
0.42378720545854903
0.42372734539989776
0.42366559895382305
0.4236019598128292
0.42353642132645586
0.42346897646591575
0.4233996178419165
0.42332833777005274
0.4232551284319553
0.4231799820246046
0.42310289088985453
0.423023847532093
0.42294284444410823
0.4228598737524003
0.4227749267670591
0.42268799369059323
0.4225990636405531
0.4225081252118884
0.4227263713192805
0.4228169022309932
0.42290544735237756
0.4229920170196389
0.42307662146220326
0.4231592702755729
0.4232399722025185
0.42331873520183994
0.4233955667094439
0.42347047390569614
0.42354346392983927
0.4236145439546076
0.4236837211851751
0.4237510027523267
0.42381639563468587
0.42387990655578534
0.42394154194744954
0.424001307939051
0.4240592103594426
0.4241152547825746
0.4241694465639305
0.4242217908592432
0.4242722926521483
0.42432095676417925
0.42436778784657364
0.424412790389125
0.4244559687091219
0.4244973269419329
0.42453686903960325
0.4245745987707454
0.42461051970952296
0.4246446352424411
0.4246769485715598
0.4247074627103957
0.42473618049408224
0.4247631045729767
0.42478823742255145
0.42481158134111047
0.4248331384516745
0.42485291070479986
0.42487089987690563
0.4248871075752578
0.4249015352322064
0.42491418411155735
0.42492505530664393
0.4249341497395887
0.4249414681633433
0.4249470111600007
0.42495077914182533
0.4249527723517491
0.42495299086278204
0.4249514345782611
0.4249481032316651
0.4249429963867081
0.42493611343669146
0.42492745360453493
0.4249170159420859
0.42490479932930236
0.42489080247420785
0.42487502391410326
0.424857462011695
0.4248381149568301
0.42481698076386154
0.42479405727366104
0.4247693421516926
0.42474283288558046
0.4247145267923623
0.424684421008393
0.4246525124993801
0.4246187980561992
0.4245832742910058
0.4245459376457822
0.4245067843827959
0.42446581057770605
0.42442301212595857
0.42437838472571743
0.4243319238669604
0.4242836248302443
0.4242334826745997
0.42418149223588175
0.4241276481278029
0.42407194476301074
0.42401437637157474
0.4239549370385491
0.4238936207142444
0.42383042123706854
0.42376533232414093
0.423698347512427
0.4236294600828269
0.423558662959409
0.4234859486230831
0.42341130909380553
0.42333473599037663
0.423256220716664
0.4231757547062612
0.42309332966039714
0.42300893757985625
0.4229225705913987
0.4228342204318243
0.42274387785140966
0.42303765630425305
0.42312773093721373
0.4232158384730045
0.42330198748516434
0.42338618592755284
0.4234684415600454
0.42354876227197735
0.4236271561333902
0.42370363133277467
0.423778195970292
0.4238508578933744
0.42392162458652816
0.42399050313704445
0.4240575002528113
0.42412262235802833
0.4241858756336103
0.42424726609788743
0.4243067996144364
0.42436448192794507
0.4244203186298343
0.4244743151615532
0.4245264767754652
0.4245768085355853
0.4246253152915733
0.42467200169748087
0.42471687218625964
0.424759930993708
0.4248011821593418
0.42484062953507795
0.42487827678632384
0.4249141274024568
0.42494818469580836
0.4249804518049216
0.4250109316958353
0.4250396271638296
0.4250665408306241
0.42509167515014046
0.42511503239855225
0.42513661468760094
0.42515642395491426
0.425174461965681
0.4251907303191396
0.42520523044003916
0.4252179635866753
0.4252289308485814
0.4252381331457793
0.42524557122961737
0.42525124568497497
0.42525515692902865
0.42525730521133
0.42525769061520247
0.4252563130559211
0.42525317228221626
0.42524826787552983
0.4252415992495984
0.4252331656524957
0.4252229661640812
0.4252109996965063
0.42519726499324295
0.425181760631408
0.4251644850165808
0.42514543638677404
0.4251246128091572
0.4251020121788244
0.42507763222018347
0.4250514704816636
0.42502352433965207
0.424993790989305
0.42496226744598253
0.42492895055111546
0.4248938369561044
0.42485692313527584
0.42481820537945547
0.42477767979441716
0.4247353423128014
0.4246911886888025
0.424645214509484
0.42459741518755456
0.4245477859668235
0.4244963219173148
0.42444301792463746
0.42438786866676803
0.42433086859399916
0.42427201191225694
0.4242112925616358
0.4241487042111376
0.42408424029061464
0.42401789402630946
0.4239496584958616
0.42387952671708423
0.4238074916560186
0.4237335462076308
0.42365768312657115
0.4235798948362357
0.4235001732645329
0.4234185097099931
0.4233348948623119
0.4232493190453859
0.42316177259323895
0.4230722462476093
0.42343541165938914
0.4235249137765651
0.42361246454091783
0.4236980734500955
0.42378174985250266
0.42386350265225664
0.4239433402078423
0.42402127031287384
0.42409730036339727
0.42417143750189473
0.42424368874972707
0.4243140610665589
0.4243825613499918
0.42444919639148326
0.42451397282719344
0.42457689706969715
0.4246379752999848
0.42469721342312583
0.42475461710869716
0.4248101917907138
0.42486394267644023
0.4249158748027134
0.42496599300114857
0.42501430195285034
0.42506080616937514
0.4251055099748875
0.4251484175528243
0.4251895328953511
0.42522885981738856
0.42526640196661447
0.42530216280449906
0.42533614561729205
0.42536835350985613
0.42539878941681325
0.4254274560924485
0.4254543561218449
0.42547949191765655
0.42550286572110363
0.42552447960860273
0.42554433548331894
0.42556243509055114
0.4255787799997488
0.4255933716206408
0.4256062111992963
0.4256172998135319
0.4256266383784344
0.4256342276455194
0.4256400682027285
0.4256441604726813
0.42564650471624144
0.4256471010303283
0.4256459493482387
0.4256430494400909
0.42563840091152794
0.4256320032044297
0.42562385559623694
0.4256139572009436
0.4256023069664748
0.42558890367730146
0.4255737459496428
0.4255568322352059
0.42553816081584245
0.4255177298120144
0.42549553716801863
0.42547158066579616
0.42544585791759104
0.42541836636067987
0.425389103270896
0.42535806575204316
0.42532525073630045
0.4252906549830425
0.4252542750896733
0.4252161074707589
0.4251761483715881
0.42513439385629226
0.42509083980535556
0.42504548190730335
0.4249983156534789
0.42494933633867327
0.4248985390462442
0.4248459186572179
0.42479146986012084
0.4247351871589311
0.42467706488497103
0.4246170972176261
0.424555278196699
0.42449160170608813
0.424426061468182
0.4243586509759103
0.42428936345530344
0.42421819180436127
0.42414512856540126
0.42407016594652447
0.42399329590891743
0.42391451030233945
0.4238338009954392
0.4237511599474776
0.4236665791381379
0.4235800503653685
0.42349156485852546
0.42391782840328884
0.42400664458006826
0.4240935331144957
0.4241785020839469
0.4242615596167151
0.4243427139109305
0.4244219731942637
0.4244993455331578
0.4245748387371693
0.42464846027836123
0.42472021728232223
0.4247901165625859
0.42485816468629994
0.42492436802766886
0.42498873280203764
0.4250512650841305
0.42511197080575264
0.42517085573919644
0.4252279254853963
0.4252831854611147
0.4253366408655197
0.42538829670510536
0.4254381577795436
0.4254862286962404
0.4255325138653032
0.42557701751716026
0.42561974370398575
0.4256606963057043
0.42569987903382034
0.42573729542462546
0.4257729488602234
0.4258068425441055
0.4258389795241956
0.4258693626717156
0.42589799469582845
0.4259248781377582
0.42595001538012933
0.4259734086276671
0.42599505992733033
0.42601497116438775
0.42603314405424614
0.42604958015376126
0.42606428085802306
0.42607724739732045
0.42608848084433787
0.42609798210876987
0.4261057519418534
0.4261117909332806
0.42611609951399465
0.4261186779568267
0.4261195263732199
0.4261186447149681
0.4261160327754073
0.4261116901871542
0.42610561642489886
0.42609781080129117
0.4260882724709824
0.42607700042680685
0.4260639935005783
0.4260492503634019
0.4260327695281744
0.42601454934244076
0.4259945879905107
0.42597288349814527
0.4259494337245476
0.4259242363664757
0.42589728895494217
0.4258685888552718
0.4258381332653062
0.42580591921805616
0.42577194356663506
0.4257362029973511
0.42569869401651295
0.42565941296469234
0.42561835598526576
0.4255755190525192
0.42553089796203714
0.4254844883243401
0.42543628558111773
0.4253862850044102
0.4253344816922854
0.4252808705828257
0.42522544644198323
0.4251682038609314
0.42510913724086113
0.4250482407550855
0.4249855083650671
0.4249209337566018
0.4248545103715552
0.4247862314079126
0.4247160898478013
0.4246440785403363
0.4245701902410364
0.42449441761237516
0.4244167532582164
0.42433718959313715
0.4242557187132465
0.4241723322520883
0.4240870213319531
0.423999776556314
0.42448281163027785
0.4245708349404079
0.42465695669530634
0.4247411849953303
0.42482352763412246
0.4249039922571032
0.42498258645806325
0.42505931777249445
0.4251341936867562
0.42520722151124074
0.42527840835566944
0.4253477610574312
0.4254152861836906
0.425480990049815
0.4255448787322569
0.42560695809861376
0.4256672338474798
0.42572571149879035
0.4257823964213838
0.42583729381978547
0.4258904087416965
0.42594174605848323
0.42599131046407973
0.42603910647124976
0.4260851384223967
0.42612941046887387
0.42617192658497605
0.4262126905774829
0.4262517060737002
0.42628897653406117
0.42632450525560184
0.42635829536516023
0.4263903498329563
0.4264206714634087
0.4264492628973364
0.4264761266243454
0.42650126496503793
0.42652468008614863
0.4265463739928752
0.4265663485352642
0.42658460539853416
0.42660114611955857
0.42661597207287616
0.4266290844757507
0.4266404843905688
0.42665017272558986
0.4266581502313116
0.4266644175038643
0.42666897498396894
0.42667182295690964
0.42667296155210943
0.4266723907472516
0.42667011036496916
0.42666612006907434
0.4266604193717529
0.42665300762867664
0.4266438840420478
0.4266330476593255
0.426620497365242
0.4266062318974593
0.4265902498308469
0.4265725495842148
0.42655312942129
0.4265319874451167
0.4265091215993544
0.4264845296683404
0.42645820927532263
0.4264301578800175
0.42640037277671133
0.4263688511004917
0.4263355898135644
0.42630058571958473
0.4262638354422793
0.42622533544936414
0.42618508203111616
0.42614307131525986
0.42609929926213375
0.42605376166269127
0.4260064541479063
0.42595737217490015
0.4259065110382059
0.4258538658460491
0.42579943153327854
0.4257432028243701
0.42568517424666885
0.4256253401094364
0.4255636945076411
0.4255002313269479
0.4254349442578815
0.4253678268225148
0.4252988723940263
0.42522807422171544
0.42515542540412776
0.4250809188672604
0.425004547330791
0.4249263031706298
0.424846178425706
0.42476416482140456
0.42468025376151375
0.424594436526618
0.42512796548037585
0.4252151011994556
0.42530036356977496
0.4253837606706532
0.4254653002599481
0.4255449898616843
0.4256228368480578
0.4256988484585019
0.42577303184125237
0.4258453939886032
0.4259159417403342
0.42598468170971177
0.4260516202917105
0.4261167636493963
0.42618011770654646
0.4262416881905515
0.42630148063214446
0.42635950038635284
0.4264157526434448
0.42647024242770415
0.42652297461308686
0.4265739539175132
0.42662318488510703
0.4266706718988489
0.4267164191742717
0.42676043075280135
0.4268027105176646
0.4268432621702824
0.4268820892509071
0.4269191951387999
0.4269545830485214
0.42698825603358836
0.4270202169798467
0.4270504686301301
0.42707901356592687
0.427105854203363
0.4271309928210391
0.42715443153075894
0.42717617229488014
0.42719621692352894
0.4272145670772184
0.42723122425805704
0.42724618982153384
0.42725946496991335
0.427271050757136
0.4272809480835428
0.4272891576990811
0.42729568020701375
0.42730051605581343
0.4273036655510509
0.42730512884157196
0.4273049059308862
0.4273029966722257
0.42729940076692163
0.42729411776907256
0.42728714708089777
0.42727848795736456
0.42726813949906006
0.4272561006586688
0.4272423702369269
0.4272269468821306
0.4272098290929951
0.4271910152144235
0.4271705034358567
0.4271482917947539
0.427124378172692
0.4270987602987761
0.42707143574000184
0.4270424019065603
0.4270116560573556
0.42697919527875683
0.4269450165081269
0.42690911651518515
0.4268714919152976
0.42683213915793794
0.42679105452551513
0.4267482341522115
0.4267036739998157
0.42665736987258385
0.4266093174054894
0.4265595120656639
0.42650794914174994
0.426454623752653
0.42639953081664195
0.42634266506454155
0.4262840210327442
0.4262235930734436
0.42616137534207305
0.42609736181899505
0.4260315463271057
0.42596392253152127
0.4258944839371589
0.42582322387601934
0.42575013546080676
0.4256752115766089
0.42559844483162734
0.4255198275315699
0.4254393517349654
0.4253570093279563
0.42527279206603297
0.42585065857710824
0.4259368199194967
0.42602113899475114
0.42610362364726145
0.4261842814993562
0.42626311991110244
0.42634014606324
0.4264153669803139
0.4264887895234197
0.42656042041588826
0.4266302661816296
0.4266983331503271
0.4267646274501977
0.42682915499867946
0.4268919215251851
0.4269529325584899
0.42701219346123276
0.42706970942487654
0.42712548548001306
0.42717952651693836
0.42723183724474517
0.42728242223061563
0.4273312858817987
0.42737843244157614
0.42742386598591586
0.427467590441271
0.42750960955698913
0.4275499269292077
0.4275885459937935
0.4276254700292753
0.4276607021517437
0.42769424532983125
0.42772610238006703
0.4277562759616056
0.427784768584075
0.4278115826098282
0.4278367202539144
0.4278601835814893
0.4278819745107032
0.4279020948102358
0.42792054610969343
0.4279373298795265
0.4279524474541676
0.4279659000209368
0.4279776886223662
0.42798781415312437
0.4279962773665912
0.4280030788675242
0.42800821912073045
0.42801169844612963
0.42801351701610346
0.42801367486335273
0.4280121718748914
0.4280090077907044
0.4280041822113291
0.4279976945899674
0.4279895442348034
0.427979730311744
0.42796825183958703
0.42795510769239453
0.42794029659824095
0.42792381713774214
0.4279056677474512
0.42788584671293656
0.4278643521733547
0.4278411821226666
0.4278163343983009
0.4277898066848511
0.4277615965275038
0.4277317013112983
0.4277001182678006
0.4276668444758045
0.4276318768608812
0.4275952121848182
0.42755684707014385
0.4275167779667588
0.4274750011723889
0.4274315128380582
0.4273863089381336
0.42733938530328575
0.42729073759066194
0.42724036129977905
0.4271882517547436
0.4271344041109566
0.42707881333961684
0.42702147422897574
0.4269623813914759
0.4269015292658651
0.4268389121019367
0.4267745240015751
0.42670835888967895
0.42664041053808377
0.42657067254878
0.42649913833027386
0.4264258010791884
0.4263506537438503
0.4262736890144589
0.4261948993289979
0.426114276901128
0.4260318137752367
